"gene_symbol","ensembl","logFC","AveExpr","t","P.Value","adj.P.Val","contrast"
"5830416I19Rik","ENSMUSG00000106219.1",1.97062146,0.316741469,16.7589603,1.24001599e-16,1.36931934e-12,"Geno_at_37"
"Cgas","ENSMUSG00000032344.17",1.02250964,3.28847947,16.6870034,1.39165541e-16,1.36931934e-12,"Geno_at_37"
"Rell1","ENSMUSG00000047881.14",0.729633697,3.88965963,13.2354237,5.95992642e-14,3.90951306e-10,"Geno_at_37"
"Zfp362","ENSMUSG00000028799.15",-0.321032286,6.43353035,-6.16448878,1.64923457e-06,0.00811382176,"Geno_at_37"
"Ifit1","ENSMUSG00000034459.8",0.682358434,0.415313199,5.7080048,3.33359783e-06,0.0131203743,"Geno_at_37"
"Pgm2","ENSMUSG00000029171.12",0.248103918,4.32788351,5.1046096,1.80484082e-05,0.0591957709,"Geno_at_37"
"Gm44164","ENSMUSG00000107756.1",0.90409043,3.522218,5.22926085,6.96455459e-05,0.171287561,"Geno_at_37"
"Lbp","ENSMUSG00000016024.9",-0.494251891,1.16579343,-4.61926023,7.02594993e-05,0.171287561,"Geno_at_37"
"Agrn","ENSMUSG00000041936.18",0.435724111,2.1692716,4.58026928,7.83367064e-05,0.171287561,"Geno_at_37"
"Isg15","ENSMUSG00000035692.7",0.615582778,0.675632447,4.44076712,0.000115536301,0.206694442,"Geno_at_37"
"5830444B04Rik","ENSMUSG00000084803.8",-0.572866645,1.77561733,-4.44336493,0.000115495938,0.206694442,"Geno_at_37"
"Cryzl2","ENSMUSG00000033488.11",-0.498969285,0.852542922,-4.33821441,0.00015359449,0.238080405,"Geno_at_37"
"Rnf180","ENSMUSG00000021720.11",-0.229364397,4.8517362,-4.32966741,0.000157276552,0.238080405,"Geno_at_37"
"Chic1","ENSMUSG00000031327.10",0.422009544,0.942505558,4.17407043,0.000241780732,0.339857359,"Geno_at_37"
"Ppp2r2c","ENSMUSG00000029120.10",-0.431846373,-0.00521689468,-4.05406047,0.000336254082,0.441142939,"Geno_at_37"
"Sobp","ENSMUSG00000038248.8",0.353541462,-0.743652708,3.97432145,0.000418215184,0.514378537,"Geno_at_37"
"Gm48627","ENSMUSG00000111292.1",0.409816666,-0.426090429,3.90412768,0.000506367143,0.552200294,"Geno_at_37"
"Gm7887","ENSMUSG00000044211.9",0.164872356,4.89632383,3.88516717,0.000533147293,0.552200294,"Geno_at_37"
"Usp24","ENSMUSG00000028514.15",0.104495572,7.52266289,3.90827132,0.000500692378,0.552200294,"Geno_at_37"
"Gm16299","ENSMUSG00000089679.1",0.623127601,0.689256584,3.85305218,0.00061747295,0.607562509,"Geno_at_37"
"Pyroxd1","ENSMUSG00000041671.13",0.238389267,3.53979926,3.77925656,0.00071023368,0.665556599,"Geno_at_37"
"Gm14327","ENSMUSG00000074521.9",-0.358391252,-0.292838654,-3.73326187,0.000803954211,0.687870214,"Geno_at_37"
"Tmem189","ENSMUSG00000090213.1",-0.160064944,5.16319704,-3.73848611,0.000792730286,0.687870214,"Geno_at_37"
"Irf7","ENSMUSG00000025498.15",0.394797045,1.96495256,3.68869376,0.000906214793,0.743058371,"Geno_at_37"
"Oas2","ENSMUSG00000032690.16",0.448762116,-0.205922023,3.65477728,0.00099241448,0.768362302,"Geno_at_37"
"1810062G17Rik","ENSMUSG00000027713.6",-0.376974631,0.356829506,-3.64630414,0.00101516438,0.768362302,"Geno_at_37"
"Xirp1","ENSMUSG00000079243.4",-0.39103988,2.72267368,-3.57528353,0.0012952576,0.849502784,"Geno_at_37"
"Rgs7bp","ENSMUSG00000021719.9",-0.368296892,-0.439858108,-3.53059919,0.00138137553,0.849502784,"Geno_at_37"
"Tmeff1","ENSMUSG00000028347.14",-0.20344186,5.67406503,-3.59052302,0.00130983538,0.849502784,"Geno_at_37"
"Gprin3","ENSMUSG00000045441.5",0.128850231,7.30490867,3.53850667,0.00135272198,0.849502784,"Geno_at_37"
"Dlg1","ENSMUSG00000022770.17",0.105739729,6.50544716,3.55907428,0.00128086444,0.849502784,"Geno_at_37"
"Smg1","ENSMUSG00000030655.15",0.100201259,8.41346146,3.5558083,0.00129202243,0.849502784,"Geno_at_37"
"Cd86","ENSMUSG00000022901.13",0.303060164,2.49360335,3.50239915,0.00148842614,0.887598121,"Geno_at_37"
"Pdk3","ENSMUSG00000035232.8",-0.120719274,5.51703416,-3.48836637,0.001544646,0.894032019,"Geno_at_37"
"Relt","ENSMUSG00000008318.10",0.203479073,4.24379552,3.46928542,0.00162439577,0.913328122,"Geno_at_37"
"Slc15a2","ENSMUSG00000022899.9",1.08341008,2.95106791,1.03282501,0.316853078,1,"Geno_at_37"
"Gm3534","ENSMUSG00000098192.1",-0.720182177,1.61713359,-0.993344493,0.335142551,1,"Geno_at_37"
"Fgfbp3","ENSMUSG00000047632.11",-0.692326774,2.49550129,-1.87045695,0.0795798159,1,"Geno_at_37"
"Gm4949","ENSMUSG00000118140.1",-0.66078326,0.070071836,-1.14362775,0.269386098,1,"Geno_at_37"
"Gm9030","ENSMUSG00000112614.1",-0.631024594,-0.264201719,-1.9379561,0.0699039654,1,"Geno_at_37"
"Gm49980","ENSMUSG00000117465.1",0.603109257,3.52549782,0.941214567,0.360413832,1,"Geno_at_37"
"Xlr3b","ENSMUSG00000073125.10",-0.597720603,2.37328995,-0.818731178,0.424815609,1,"Geno_at_37"
"Spcs2-ps","ENSMUSG00000081888.1",0.591225372,4.21109751,0.884469229,0.38937646,1,"Geno_at_37"
"Gm9522","ENSMUSG00000098021.2",-0.553583699,-0.35028369,-2.21120829,0.0404172945,1,"Geno_at_37"
"Mid1","ENSMUSG00000035299.16",-0.502361433,3.74114415,-1.35752052,0.193218818,1,"Geno_at_37"
"8030474K03Rik","ENSMUSG00000046774.17",0.488411747,-0.750070173,1.61670031,0.124972598,1,"Geno_at_37"
"Gm6560","ENSMUSG00000104913.1",-0.477414586,8.47591371,-1.92784478,0.0715855602,1,"Geno_at_37"
"Gm4779","ENSMUSG00000045010.14",0.471247428,-0.735613467,1.42168015,0.173954331,1,"Geno_at_37"
"Acot10","ENSMUSG00000047565.5",-0.468198747,2.20477716,-0.890327414,0.386315631,1,"Geno_at_37"
"Gm16867","ENSMUSG00000093954.8",0.43983709,-0.231943475,3.23185024,0.00301653893,1,"Geno_at_37"
"Gm15489","ENSMUSG00000086942.1",0.417646924,0.306597386,3.14530399,0.00376591094,1,"Geno_at_37"
"Krt6b","ENSMUSG00000023041.7",-0.410312125,0.0957607292,-2.84304813,0.00802659755,1,"Geno_at_37"
"Gm13429","ENSMUSG00000085141.1",-0.403469573,0.739570586,-2.5990237,0.0144989508,1,"Geno_at_37"
"Adm","ENSMUSG00000030790.15",0.403288632,1.33262868,1.93369681,0.0675417841,1,"Geno_at_37"
"Oas3","ENSMUSG00000032661.9",0.401621213,2.60192756,2.40533788,0.0264700992,1,"Geno_at_37"
"Cfap74","ENSMUSG00000078490.10",-0.398398156,1.83729251,-3.29748246,0.0025458387,1,"Geno_at_37"
"Apol8","ENSMUSG00000056656.6",-0.397913988,0.556161691,-2.26501713,0.0319942567,1,"Geno_at_37"
"Podn","ENSMUSG00000028600.15",-0.397749543,0.184159777,-3.02629681,0.00509097516,1,"Geno_at_37"
"Mapk13","ENSMUSG00000004864.13",0.389312875,0.573351495,2.43660648,0.0212421453,1,"Geno_at_37"
"Ifit3","ENSMUSG00000074896.3",0.382460927,0.350058146,2.5095444,0.0178100059,1,"Geno_at_37"
"Ankrd53","ENSMUSG00000014747.6",-0.380014044,0.265784181,-3.03960003,0.00492333298,1,"Geno_at_37"
"Lrrc73","ENSMUSG00000071073.5",-0.379920835,0.897025755,-2.95474753,0.00608957628,1,"Geno_at_37"
"Nr1h3","ENSMUSG00000002108.10",0.378827001,0.530158571,3.17500615,0.00349063431,1,"Geno_at_37"
"Fhit","ENSMUSG00000060579.13",-0.378341945,-0.136169569,-2.96651623,0.00591347123,1,"Geno_at_37"
"Six4","ENSMUSG00000034460.9",0.376751333,0.685304854,2.89928829,0.00698832788,1,"Geno_at_37"
"4930414N06Rik","ENSMUSG00000118204.1",0.376663022,-0.295640732,3.01377106,0.005253764,1,"Geno_at_37"
"Fmr1nb","ENSMUSG00000062170.12",-0.376003044,-0.565163167,-1.25818371,0.225762533,1,"Geno_at_37"
"E030018B13Rik","ENSMUSG00000095061.1",0.375016812,-0.0494422695,3.02084823,0.00516118935,1,"Geno_at_37"
"Fhdc1","ENSMUSG00000041842.15",-0.371118339,-0.00374393331,-2.87036978,0.0075052737,1,"Geno_at_37"
"Ide","ENSMUSG00000056999.15",-0.370555192,7.8862764,-1.76910133,0.0956891137,1,"Geno_at_37"
"G530011O06Rik","ENSMUSG00000072844.6",-0.368205579,1.8439694,-1.00036908,0.331797782,1,"Geno_at_37"
"Cldn4","ENSMUSG00000047501.3",0.366766526,1.73747592,1.77903632,0.0913454917,1,"Geno_at_37"
"Il1bos","ENSMUSG00000074805.5",0.366494429,-0.224042451,3.19876751,0.00328437468,1,"Geno_at_37"
"Fam209","ENSMUSG00000027505.2",-0.366287083,0.291184771,-3.17514176,0.00348942268,1,"Geno_at_37"
"F830016B08Rik","ENSMUSG00000090942.1",0.364097091,1.22167103,2.6993024,0.0113770523,1,"Geno_at_37"
"Cnbd2","ENSMUSG00000038085.13",0.363188468,1.17003607,1.00905302,0.327643696,1,"Geno_at_37"
"Rapsn","ENSMUSG00000002104.11",-0.361163994,0.174152808,-2.93222186,0.00644057566,1,"Geno_at_37"
"Phf11a","ENSMUSG00000044703.5",0.360848421,0.396266612,2.54641398,0.0163436871,1,"Geno_at_37"
"Gm50237","ENSMUSG00000118361.1",0.3585984,0.285182354,2.60662147,0.0141868787,1,"Geno_at_37"
"Gm5117","ENSMUSG00000093862.2",0.357815293,1.39946506,1.20333971,0.245642863,1,"Geno_at_37"
"F630040K05Rik","ENSMUSG00000097727.8",-0.354124645,0.222466008,-2.35010846,0.0256483982,1,"Geno_at_37"
"Gm43237","ENSMUSG00000105694.1",-0.354046542,-0.638569463,-3.24842416,0.00289035435,1,"Geno_at_37"
"Eda2r","ENSMUSG00000034457.10",-0.352265201,-0.126918314,-2.33369345,0.0267422859,1,"Geno_at_37"
"Rec8","ENSMUSG00000002324.8",-0.351318789,1.00382434,-2.96721934,0.00590310415,1,"Geno_at_37"
"Rps4l","ENSMUSG00000063171.4",0.350228885,1.59599216,2.75786758,0.00987891595,1,"Geno_at_37"
"Gm43890","ENSMUSG00000108053.1",0.349345512,1.15446752,2.89834309,0.0070046795,1,"Geno_at_37"
"Alpk3","ENSMUSG00000038763.12",-0.349289052,-0.0457535793,-2.65182235,0.0127444689,1,"Geno_at_37"
"A130071D04Rik","ENSMUSG00000104291.1",-0.348555518,2.35398109,-2.64713408,0.0137685271,1,"Geno_at_37"
"BC049715","ENSMUSG00000047515.8",0.34854223,1.09061005,2.96770101,0.00589601192,1,"Geno_at_37"
"1810019D21Rik","ENSMUSG00000086390.7",0.346244638,0.0827394662,2.31425118,0.027796879,1,"Geno_at_37"
"Pdpn","ENSMUSG00000028583.14",-0.345386789,0.98145808,-2.69575636,0.0114742502,1,"Geno_at_37"
"Gm24920","ENSMUSG00000064952.1",-0.34451859,-0.474005733,-2.80261425,0.00886096207,1,"Geno_at_37"
"Rnf213","ENSMUSG00000070327.14",0.343936646,5.15950369,3.36944402,0.00349836423,1,"Geno_at_37"
"Hunk","ENSMUSG00000053414.8",0.343361223,0.148101488,2.75560025,0.00993330522,1,"Geno_at_37"
"Gm12735","ENSMUSG00000086049.1",0.342140193,0.96644477,3.28119998,0.00265556148,1,"Geno_at_37"
"2410004P03Rik","ENSMUSG00000071398.8",-0.341992853,0.222269922,-3.05097209,0.00478419843,1,"Geno_at_37"
"Adamts17","ENSMUSG00000058145.16",-0.3418964,0.928041016,-2.6097263,0.0140831485,1,"Geno_at_37"
"Gm8189","ENSMUSG00000110298.1",-0.339695112,0.761967871,-2.56077276,0.0158034157,1,"Geno_at_37"
"Tstd1","ENSMUSG00000103711.1",0.339417644,1.12799297,2.88273908,0.00727989721,1,"Geno_at_37"
"Serpine1","ENSMUSG00000037411.10",0.335984166,1.24386654,2.71767466,0.0108856474,1,"Geno_at_37"
"Map10","ENSMUSG00000050930.5",0.334878071,1.25157073,3.00148544,0.00541822276,1,"Geno_at_37"
"Adamts3","ENSMUSG00000043635.12",0.334492912,-0.0140624058,3.14997224,0.00372131354,1,"Geno_at_37"
"Hykk","ENSMUSG00000035878.13",-0.334008857,-0.240868763,-2.55156138,0.0161480765,1,"Geno_at_37"
"Cbx3-ps6","ENSMUSG00000057886.5",0.333682103,0.654270652,2.50528395,0.0179870402,1,"Geno_at_37"
"Fam20c","ENSMUSG00000025854.15",0.333526846,0.631335794,3.15116442,0.00371000534,1,"Geno_at_37"
"Nfatc4","ENSMUSG00000023411.12",-0.332840324,4.0180643,-1.70669813,0.106851632,1,"Geno_at_37"
"Gm26583","ENSMUSG00000097476.1",-0.332407641,0.808182615,-2.65363293,0.0126896351,1,"Geno_at_37"
"Cdk5r1","ENSMUSG00000048895.13",0.331827505,1.5163309,3.19649357,0.00330359736,1,"Geno_at_37"
"Gm11712","ENSMUSG00000087683.1",0.328305931,-0.469711271,2.93324662,0.00642420077,1,"Geno_at_37"
"mt-Ts2","ENSMUSG00000064365.1",0.328195785,0.729963217,2.70408567,0.0112471578,1,"Geno_at_37"
"Gm45201","ENSMUSG00000109031.1",-0.327017385,0.132384984,-2.22394632,0.0339478024,1,"Geno_at_37"
"H1f3","ENSMUSG00000052565.7",0.326027432,0.456685875,2.53093883,0.0169450222,1,"Geno_at_37"
"Rhbdl3","ENSMUSG00000017692.8",0.325141907,1.9139176,3.0812668,0.0044315675,1,"Geno_at_37"
"Rbp1","ENSMUSG00000046402.10",-0.324250851,4.94883691,-3.20902476,0.00484805826,1,"Geno_at_37"
"Pcdhgc4","ENSMUSG00000023036.14",0.323993845,0.634614254,2.30095798,0.0286339573,1,"Geno_at_37"
"Gm7591","ENSMUSG00000114349.1",0.323692345,0.0802723703,2.48637407,0.018792518,1,"Geno_at_37"
"Gm17137","ENSMUSG00000090559.1",0.323389404,1.5955075,2.42877392,0.0214546072,1,"Geno_at_37"
"Calcb","ENSMUSG00000030666.11",0.323168596,0.632037911,1.7309679,0.0961010067,1,"Geno_at_37"
"Gm36756","ENSMUSG00000113634.1",0.32258617,0.451342955,2.61223342,0.013999901,1,"Geno_at_37"
"Gm7645","ENSMUSG00000084033.3",0.321369983,-0.0387571283,2.62597626,0.0135516307,1,"Geno_at_37"
"Gm22009","ENSMUSG00000089417.1",-0.321324594,1.60316487,-1.18302198,0.253191442,1,"Geno_at_37"
"Gm19710","ENSMUSG00000105552.1",-0.320889295,1.30162287,-2.56372414,0.0156944305,1,"Geno_at_37"
"Cerkl","ENSMUSG00000075256.9",0.320155505,0.768632221,2.34447989,0.0259753442,1,"Geno_at_37"
"Gm42449","ENSMUSG00000104612.1",0.319850811,0.581565057,2.28344621,0.0297714921,1,"Geno_at_37"
"Glis3","ENSMUSG00000052942.13",-0.319015142,1.95627542,-2.50251287,0.0182835787,1,"Geno_at_37"
"Gm48161","ENSMUSG00000113424.1",-0.318991434,-0.603846573,-2.79107281,0.00911366609,1,"Geno_at_37"
"Akap5","ENSMUSG00000021057.15",0.317709266,0.564626441,2.42645449,0.0215687067,1,"Geno_at_37"
"Gm26930","ENSMUSG00000102142.1",-0.316698468,-0.413865258,-3.01977485,0.00517512954,1,"Geno_at_37"
"I830077J02Rik","ENSMUSG00000074342.3",-0.316284365,-0.428941795,-2.79413772,0.00904590725,1,"Geno_at_37"
"Gm8899","ENSMUSG00000111847.1",-0.315580265,0.0457725124,-2.60305622,0.0143068652,1,"Geno_at_37"
"Mir130b","ENSMUSG00000065572.1",-0.315004266,-0.57564558,-3.21471907,0.00315250703,1,"Geno_at_37"
"Gm47147","ENSMUSG00000111777.1",0.314920733,0.10081139,2.28448349,0.0297029904,1,"Geno_at_37"
"Ier3","ENSMUSG00000003541.6",0.314388418,2.26602162,2.64534877,0.0130932973,1,"Geno_at_37"
"Sugct","ENSMUSG00000055137.7",0.314042938,0.118741537,2.27667202,0.0302223777,1,"Geno_at_37"
"Gm4951","ENSMUSG00000073555.1",0.313821135,3.36495675,2.07722219,0.0523547842,1,"Geno_at_37"
"Gm973","ENSMUSG00000047361.16",0.31368741,-0.00495184336,3.07025811,0.00455674682,1,"Geno_at_37"
"Gm36423","ENSMUSG00000114138.1",0.313409907,0.0087748965,2.11622743,0.042865255,1,"Geno_at_37"
"Nectin1","ENSMUSG00000032012.9",-0.313244838,-0.104483113,-2.5309252,0.0169455605,1,"Geno_at_37"
"Gm12504","ENSMUSG00000084274.2",-0.312844471,0.63441882,-2.21447439,0.0346592168,1,"Geno_at_37"
"Gm44836","ENSMUSG00000108486.1",-0.312088528,0.373287193,-2.56427864,0.0156740324,1,"Geno_at_37"
"Gm48139","ENSMUSG00000114193.1",-0.311445001,-0.0349355361,-2.13556517,0.0411251041,1,"Geno_at_37"
"Gm17910","ENSMUSG00000110299.1",-0.311297783,0.274394189,-2.22450747,0.0339060708,1,"Geno_at_37"
"Gm45053","ENSMUSG00000108368.1",0.311097618,0.357525946,2.20077453,0.0357118627,1,"Geno_at_37"
"Gm32255","ENSMUSG00000112120.1",-0.309582588,2.61991236,-3.02112674,0.005157578,1,"Geno_at_37"
"4931415C17Rik","ENSMUSG00000054910.5",-0.309562974,-0.408530325,-3.27637855,0.00268891369,1,"Geno_at_37"
"Gm8714","ENSMUSG00000118051.1",0.309423723,2.71907427,2.37618153,0.0261238553,1,"Geno_at_37"
"Ifi44","ENSMUSG00000028037.13",0.30871149,-0.516849401,2.13750694,0.0414897685,1,"Geno_at_37"
"Mblac1","ENSMUSG00000049285.4",0.308620313,0.501045027,2.39138198,0.0233630225,1,"Geno_at_37"
"Gm37612","ENSMUSG00000103835.1",-0.308474301,-0.156982321,-2.43083128,0.0213538616,1,"Geno_at_37"
"Gm6793","ENSMUSG00000092086.2",0.30644462,0.671141359,2.3836271,0.0237777173,1,"Geno_at_37"
"Gm16216","ENSMUSG00000082107.1",0.305892504,0.155155245,2.67223798,0.0121387517,1,"Geno_at_37"
"Gm45360","ENSMUSG00000109852.1",0.305817425,-0.244987209,2.7637244,0.00973970886,1,"Geno_at_37"
"1700017M07Rik","ENSMUSG00000105651.1",-0.305694626,-0.641976685,-3.35055158,0.00221765654,1,"Geno_at_37"
"Trav7n-4","ENSMUSG00000095736.1",0.305030666,0.252839731,2.68038756,0.0119045323,1,"Geno_at_37"
"Eng","ENSMUSG00000026814.16",-0.30444413,3.6709638,-2.33011031,0.0311264817,1,"Geno_at_37"
"Gm45709","ENSMUSG00000110706.1",0.303719491,0.111887428,2.31689842,0.0276328526,1,"Geno_at_37"
"Trav8-2","ENSMUSG00000085302.3",-0.303076532,-0.159549293,-2.09578791,0.0447753837,1,"Geno_at_37"
"Cpne1","ENSMUSG00000074643.12",0.302684699,-0.399997927,2.32944928,0.0268670641,1,"Geno_at_37"
"Timp3","ENSMUSG00000020044.13",0.302515152,1.43613674,2.63525982,0.0132563959,1,"Geno_at_37"
"Gm17249","ENSMUSG00000097309.2",0.302510412,0.975863607,2.22681223,0.0337351509,1,"Geno_at_37"
"Gm37584","ENSMUSG00000103115.1",0.302152712,-0.251947917,2.26026829,0.0313398483,1,"Geno_at_37"
"Mid1-ps1","ENSMUSG00000095134.2",-0.302125257,-0.105249706,-1.42171223,0.170157497,1,"Geno_at_37"
"Heatr9","ENSMUSG00000018925.3",0.301953163,-0.680347468,2.57212478,0.0153880143,1,"Geno_at_37"
"Tsga10ip","ENSMUSG00000039330.5",0.301909481,-0.42996242,2.50946087,0.0178134612,1,"Geno_at_37"
"Gm43544","ENSMUSG00000105936.1",-0.301860597,-0.257146584,-2.4059888,0.0225997913,1,"Geno_at_37"
"Pla2g4b","ENSMUSG00000098488.7",0.301629449,0.651342186,2.20633537,0.0352811795,1,"Geno_at_37"
"Trav7d-3","ENSMUSG00000096746.3",0.300510673,0.00348393803,2.02152708,0.0523648609,1,"Geno_at_37"
"Trav7-5","ENSMUSG00000106620.1",-0.300358123,1.20006951,-2.44772978,0.0205426163,1,"Geno_at_37"
"Tnnc1","ENSMUSG00000091898.8",-0.300023627,0.421298012,-2.66223917,0.0124319802,1,"Geno_at_37"
"Gm43011","ENSMUSG00000106475.1",0.299808698,-0.213958738,2.13339323,0.0413173656,1,"Geno_at_37"
"Gm11211","ENSMUSG00000086139.1",0.299037089,-0.549736031,3.21302062,0.00316630277,1,"Geno_at_37"
"Gm15971","ENSMUSG00000081692.1",-0.298736707,-0.44005029,-2.66590174,0.0123238137,1,"Geno_at_37"
"Csta2","ENSMUSG00000095620.7",-0.298690377,-0.0521911958,-2.01850062,0.0526968522,1,"Geno_at_37"
"Gm37101","ENSMUSG00000102448.1",-0.298457098,-0.105578723,-2.47939181,0.0190982209,1,"Geno_at_37"
"Smim6","ENSMUSG00000075420.6",0.297953496,0.260121717,2.07517382,0.0467778786,1,"Geno_at_37"
"Ifi27l2a","ENSMUSG00000079017.3",0.297873156,5.54915277,2.84755246,0.0111516537,1,"Geno_at_37"
"Gm6977","ENSMUSG00000084289.1",-0.297746594,0.877136246,-2.33801429,0.0263555805,1,"Geno_at_37"
"Cysltr2","ENSMUSG00000033470.12",0.297114586,0.0262864784,2.6155406,0.013890786,1,"Geno_at_37"
"Klrk1","ENSMUSG00000030149.15",-0.297107309,1.35570855,-2.16884274,0.0382773956,1,"Geno_at_37"
"Gm16211","ENSMUSG00000086130.1",0.296849372,-0.607546611,2.46771925,0.0196194984,1,"Geno_at_37"
"Trdc","ENSMUSG00000104876.1",-0.296508004,1.42252977,-2.37581991,0.0242019775,1,"Geno_at_37"
"Gm15726","ENSMUSG00000087263.1",-0.296312626,1.66996512,-1.01124965,0.326433509,1,"Geno_at_37"
"6330409D20Rik","ENSMUSG00000009551.2",-0.296206926,0.738792333,-2.43561274,0.021121393,1,"Geno_at_37"
"Gm45527","ENSMUSG00000109618.1",0.296133189,0.180003507,2.06991554,0.047301196,1,"Geno_at_37"
"Gm17151","ENSMUSG00000075558.3",0.295891387,-0.383194973,2.79462456,0.00903518789,1,"Geno_at_37"
"Rnf17","ENSMUSG00000000365.9",0.29570326,-0.0693563063,1.97180694,0.0580857874,1,"Geno_at_37"
"Gm9173","ENSMUSG00000104646.1",-0.295643713,-0.539017461,-2.72016068,0.010820697,1,"Geno_at_37"
"Pdgfa","ENSMUSG00000025856.15",0.295049302,0.556965715,2.55264845,0.0161070435,1,"Geno_at_37"
"Gpnmb","ENSMUSG00000029816.10",0.294955306,-0.67984034,2.81723321,0.00855031261,1,"Geno_at_37"
"Dnm1","ENSMUSG00000026825.17",0.29484053,0.267162974,1.73042518,0.0948336395,1,"Geno_at_37"
"Gm28188","ENSMUSG00000100349.1",-0.294254474,-0.102296756,-1.97500052,0.0577044224,1,"Geno_at_37"
"Gm28373","ENSMUSG00000096751.3",0.293909617,0.413074763,1.98559332,0.0564276806,1,"Geno_at_37"
"Gm8773","ENSMUSG00000073234.4",0.293277943,1.29604222,2.01924191,0.0528497759,1,"Geno_at_37"
"Rpl17-ps8","ENSMUSG00000082035.1",-0.293066109,0.388872845,-2.23636524,0.0330349359,1,"Geno_at_37"
"Gm6211","ENSMUSG00000091577.2",-0.293013981,0.816387495,-2.57320348,0.0153490713,1,"Geno_at_37"
"Ccdc188","ENSMUSG00000090777.2",0.293002149,-0.0839541027,2.15772193,0.0392088341,1,"Geno_at_37"
"Rpsa-ps11","ENSMUSG00000082978.1",-0.292359069,0.687421015,-2.83327479,0.00822121985,1,"Geno_at_37"
"Gm15846","ENSMUSG00000079906.2",-0.292319671,0.478885769,-2.24555681,0.032373584,1,"Geno_at_37"
"Gm13433","ENSMUSG00000083043.1",0.292022801,-0.39021589,2.31798318,0.0275658935,1,"Geno_at_37"
"Gm38157","ENSMUSG00000103364.1",-0.291784015,0.340395628,-2.19630323,0.0360615738,1,"Geno_at_37"
"Kcnj14","ENSMUSG00000058743.6",0.291370426,0.0043339686,2.43779081,0.0210162678,1,"Geno_at_37"
"D730003I15Rik","ENSMUSG00000073478.6",-0.291316186,1.40962129,-2.82819768,0.00832406619,1,"Geno_at_37"
"Gm26839","ENSMUSG00000097917.2",0.291121884,0.492455143,2.34421821,0.0259906358,1,"Geno_at_37"
"Ccl5","ENSMUSG00000035042.2",0.291114606,0.391673198,2.17205006,0.0380124599,1,"Geno_at_37"
"Gm43852","ENSMUSG00000106680.1",0.291007759,-0.516786193,2.88897917,0.00716863507,1,"Geno_at_37"
"4930469K13Rik","ENSMUSG00000085684.2",0.290658331,1.23351821,2.4219303,0.0217928641,1,"Geno_at_37"
"Usp44","ENSMUSG00000020020.8",0.290543955,-0.139256168,2.61911945,0.0137735971,1,"Geno_at_37"
"Trim17","ENSMUSG00000036964.14",0.29009745,-0.0179674649,2.46649769,0.0196747993,1,"Geno_at_37"
"Gm26594","ENSMUSG00000097189.1",-0.289434526,-0.315413626,-2.23862475,0.0328712421,1,"Geno_at_37"
"Zfp651","ENSMUSG00000013419.7",-0.289299582,0.232028298,-2.3503811,0.0256326571,1,"Geno_at_37"
"Shisa8","ENSMUSG00000096883.2",0.289267954,0.369331099,2.14599854,0.0402125961,1,"Geno_at_37"
"Cilp2","ENSMUSG00000044006.8",-0.288419277,0.446988368,-1.77148658,0.0872015833,1,"Geno_at_37"
"Gm6316","ENSMUSG00000078370.1",-0.288154748,-0.0955418534,-0.539359026,0.596969056,1,"Geno_at_37"
"Gm3200","ENSMUSG00000097388.1",-0.288143036,0.178227425,-2.43394166,0.0212023739,1,"Geno_at_37"
"Lrrtm2","ENSMUSG00000071862.3",-0.287808617,2.12536528,-2.02411651,0.0539351172,1,"Geno_at_37"
"Megf11","ENSMUSG00000036466.17",-0.287781227,1.81540373,-2.13434899,0.0417075489,1,"Geno_at_37"
"Gm26165","ENSMUSG00000065725.1",-0.287627546,-0.316364094,-2.29206149,0.0292068491,1,"Geno_at_37"
"Obsl1","ENSMUSG00000026211.17",0.287307357,0.528953619,2.15917807,0.0390857333,1,"Geno_at_37"
"Amd-ps4","ENSMUSG00000019836.5",0.286252596,0.323278041,2.29116817,0.0292649439,1,"Geno_at_37"
"Plxdc1","ENSMUSG00000017417.14",0.285942012,0.494878267,2.46951503,0.0195384603,1,"Geno_at_37"
"Mx1","ENSMUSG00000000386.16",0.285892927,0.252481613,2.13642129,0.0410495392,1,"Geno_at_37"
"Clnk","ENSMUSG00000039315.15",-0.285863447,-0.4453394,-2.165807,0.0385296764,1,"Geno_at_37"
"Gm37534","ENSMUSG00000103427.1",-0.285722507,0.224746176,-2.32432439,0.027177402,1,"Geno_at_37"
"Xcr1","ENSMUSG00000060509.5",-0.285701595,0.0156385377,-2.11198307,0.0432558411,1,"Geno_at_37"
"Synpo2","ENSMUSG00000050315.14",0.285580261,-0.622031561,2.72617282,0.0106651154,1,"Geno_at_37"
"Lamb1","ENSMUSG00000002900.17",-0.284257104,1.10903609,-1.34695407,0.192814033,1,"Geno_at_37"
"Gm43915","ENSMUSG00000108171.1",0.283307751,-0.509064797,2.41554575,0.0221128213,1,"Geno_at_37"
"Gm8692","ENSMUSG00000082755.1",-0.28326731,0.85336684,-2.22188873,0.0341012184,1,"Geno_at_37"
"Gm22865","ENSMUSG00000065883.2",-0.282916352,-0.478828333,-2.56589753,0.015614619,1,"Geno_at_37"
"Bhlhe41","ENSMUSG00000030256.11",0.282637509,-0.490640335,2.33572346,0.0264915105,1,"Geno_at_37"
"Phldb2","ENSMUSG00000033149.17",-0.282280919,3.37141604,-2.86246022,0.00812756975,1,"Geno_at_37"
"Oasl2","ENSMUSG00000029561.17",0.282095273,1.3023181,2.13435034,0.0412325435,1,"Geno_at_37"
"Gprc5b","ENSMUSG00000008734.9",-0.282055589,1.60647069,-3.09369818,0.0042941482,1,"Geno_at_37"
"Gm13534","ENSMUSG00000053472.3",0.281491738,0.046675174,2.63182186,0.0133650258,1,"Geno_at_37"
"Orm3","ENSMUSG00000028359.4",0.281230759,0.68267522,2.06539977,0.0477547403,1,"Geno_at_37"
"Gm38387","ENSMUSG00000102374.1",0.281166023,0.25682647,2.17309733,0.0379263078,1,"Geno_at_37"
"Daam2","ENSMUSG00000040260.8",-0.281008574,0.25690294,-2.12261896,0.0422829894,1,"Geno_at_37"
"Gm44428","ENSMUSG00000108234.1",-0.280799866,-0.385091569,-2.54627372,0.0163490477,1,"Geno_at_37"
"Gm5819","ENSMUSG00000092097.2",-0.280611299,-0.635336474,-2.32314792,0.0272491003,1,"Geno_at_37"
"Nrgn","ENSMUSG00000053310.11",-0.280606305,1.48251212,-1.86641284,0.0728938351,1,"Geno_at_37"
"Trf","ENSMUSG00000032554.15",-0.280522522,-0.0149945503,-2.09261255,0.0450788087,1,"Geno_at_37"
"Ano1","ENSMUSG00000031075.19",0.280215656,1.01667047,1.96562764,0.0588022431,1,"Geno_at_37"
"5830418P13Rik","ENSMUSG00000086236.9",-0.279914736,-0.780006946,-2.98218047,0.00568654552,1,"Geno_at_37"
"Gm5970","ENSMUSG00000085977.1",0.279841068,2.47937739,2.25880951,0.0324434165,1,"Geno_at_37"
"Gm44250","ENSMUSG00000107881.1",-0.279370247,0.485685708,-2.34571556,0.025903245,1,"Geno_at_37"
"Gm10388","ENSMUSG00000107894.1",-0.279306867,-0.40810787,-2.10401965,0.0439972073,1,"Geno_at_37"
"Rilp","ENSMUSG00000038195.6",-0.279122794,-0.366385365,-2.63924988,0.0131313499,1,"Geno_at_37"
"Gm10193","ENSMUSG00000101330.1",-0.279015804,0.747103954,-2.16990856,0.0381891726,1,"Geno_at_37"
"Lmtk3","ENSMUSG00000062044.16",0.278903953,-0.0414359733,2.1515113,0.0397377717,1,"Geno_at_37"
"Gm16144","ENSMUSG00000086399.1",0.278544483,-0.392698235,2.64795729,0.0128622619,1,"Geno_at_37"
"Yjefn3","ENSMUSG00000048967.16",-0.278157663,0.747932215,-2.00018305,0.0547459533,1,"Geno_at_37"
"Gm42979","ENSMUSG00000104814.1",0.277919878,2.29776688,2.48746058,0.0187453541,1,"Geno_at_37"
"Gm42725","ENSMUSG00000105601.1",0.277875172,0.151174234,1.68856132,0.10241062,1,"Geno_at_37"
"Gm16185","ENSMUSG00000084911.1",0.277452067,2.82608222,3.09451115,0.00428530432,1,"Geno_at_37"
"Ccl9","ENSMUSG00000019122.8",-0.277307599,-0.164884436,-2.41667495,0.0220559213,1,"Geno_at_37"
"Nkd2","ENSMUSG00000021567.15",0.276860468,0.99424347,2.32798186,0.0269555938,1,"Geno_at_37"
"Gm37621","ENSMUSG00000103672.1",-0.276558683,1.05366793,-2.24598082,0.0323433652,1,"Geno_at_37"
"Tnfrsf21","ENSMUSG00000023915.5",0.27649708,0.516430136,1.9951718,0.0553185706,1,"Geno_at_37"
"Tcam1","ENSMUSG00000020712.11",-0.276188134,1.5432465,-2.20863218,0.0351046569,1,"Geno_at_37"
"Gm5406","ENSMUSG00000080715.1",0.276082127,0.689289953,1.98672656,0.0562954538,1,"Geno_at_37"
"Gm22043","ENSMUSG00000064927.1",-0.276016706,-0.456117601,-2.13908801,0.0408149529,1,"Geno_at_37"
"Pcdhgc5","ENSMUSG00000102543.5",-0.27593232,0.107912881,-1.9708477,0.0581731336,1,"Geno_at_37"
"Ltb4r1","ENSMUSG00000046908.5",0.275869656,0.297554217,2.01759371,0.0527966965,1,"Geno_at_37"
"Gm31834","ENSMUSG00000114638.1",0.275674476,-0.266131831,2.37707524,0.0241332982,1,"Geno_at_37"
"mt-Rnr1","ENSMUSG00000064337.1",-0.275617949,9.19400771,-2.01234108,0.0611055325,1,"Geno_at_37"
"Fzd3","ENSMUSG00000007989.7",0.275454331,0.165256088,1.99617895,0.0552030676,1,"Geno_at_37"
"Traj39","ENSMUSG00000076891.1",-0.274920508,-0.383158385,-2.26006341,0.031354038,1,"Geno_at_37"
"Fer","ENSMUSG00000000127.15",-0.27451162,-0.0054546427,-2.22983118,0.03351244,1,"Geno_at_37"
"Bsn","ENSMUSG00000032589.14",-0.274471356,0.873997955,-2.11298544,0.043163314,1,"Geno_at_37"
"Gper1","ENSMUSG00000053647.4",-0.274469157,-0.294658599,-2.66669174,0.0123005976,1,"Geno_at_37"
"1700019L13Rik","ENSMUSG00000111639.1",0.274371785,-0.181543453,2.20551931,0.0353440902,1,"Geno_at_37"
"Gpr35","ENSMUSG00000026271.15",-0.274324499,0.305636461,-2.1742367,0.0378327772,1,"Geno_at_37"
"Gm32479","ENSMUSG00000107619.1",0.274248856,0.383286461,2.20845559,0.0351182007,1,"Geno_at_37"
"2310068J16Rik","ENSMUSG00000100084.2",0.274040253,0.0897660256,2.17794538,0.0375297597,1,"Geno_at_37"
"Tmem95","ENSMUSG00000094845.2",-0.273864493,0.567052286,-2.11191045,0.043262551,1,"Geno_at_37"
"Rhobtb1","ENSMUSG00000019944.14",0.273453492,1.15109343,2.55939666,0.0158544693,1,"Geno_at_37"
"Trav9-2","ENSMUSG00000094966.2",-0.273422538,1.30334298,-2.0988633,0.0444832391,1,"Geno_at_37"
"Gm37856","ENSMUSG00000103768.1",-0.273311142,-0.257189252,-2.43100988,0.0213451364,1,"Geno_at_37"
"Dennd2a","ENSMUSG00000038456.9",-0.273262222,0.0475378628,-2.44396123,0.020721047,1,"Geno_at_37"
"Pdgfrl","ENSMUSG00000031595.9",-0.273160454,0.514021721,-2.20968192,0.0350242433,1,"Geno_at_37"
"Gm37506","ENSMUSG00000103016.1",0.273119343,-0.563312037,2.18211029,0.0371920546,1,"Geno_at_37"
"Yap1","ENSMUSG00000053110.13",-0.273073333,0.496738189,-1.93507822,0.0626043029,1,"Geno_at_37"
"Avpr1a","ENSMUSG00000020123.6",0.272887139,1.72524873,2.36243389,0.0249454829,1,"Geno_at_37"
"Trav2","ENSMUSG00000076759.3",-0.272677481,-0.0455539617,-1.85745006,0.0732398124,1,"Geno_at_37"
"1700052K11Rik","ENSMUSG00000099681.1",0.272155708,2.05939367,3.05515076,0.00473401892,1,"Geno_at_37"
"6820402A03Rik","ENSMUSG00000103706.1",0.272035996,-0.133286328,2.77382901,0.00950384871,1,"Geno_at_37"
"Gfi1","ENSMUSG00000029275.18",0.27194144,4.15444146,2.37324135,0.0284287472,1,"Geno_at_37"
"AC154200.1","ENSMUSG00000116590.1",-0.271707289,0.806925094,-2.6151064,0.0139050665,1,"Geno_at_37"
"Gm50196","ENSMUSG00000117956.1",0.271694286,-0.252364092,2.4015274,0.0228304565,1,"Geno_at_37"
"Vwf","ENSMUSG00000001930.17",-0.27159996,0.0853121447,-1.83379849,0.0767748969,1,"Geno_at_37"
"Rps6-ps3","ENSMUSG00000082465.1",-0.271525971,0.396421467,-2.12340298,0.0422120525,1,"Geno_at_37"
"Zfp593","ENSMUSG00000028840.10",-0.271430696,0.902349645,-2.42112453,0.0218330097,1,"Geno_at_37"
"Cgref1","ENSMUSG00000029161.7",0.271255677,-0.491921819,2.24251592,0.0325910507,1,"Geno_at_37"
"Casq1","ENSMUSG00000007122.11",0.271249773,0.191520835,2.51865297,0.0174368874,1,"Geno_at_37"
"Mir6395","ENSMUSG00000098785.1",-0.271186321,-0.0193025625,-1.86838245,0.0716536709,1,"Geno_at_37"
"Trem1","ENSMUSG00000042265.13",-0.271139463,0.121797169,-1.81936867,0.0790026967,1,"Geno_at_37"
"Snora62","ENSMUSG00000064925.1",-0.270806361,-0.116440653,-2.36267289,0.0249320277,1,"Geno_at_37"
"4930562C15Rik","ENSMUSG00000022518.16",-0.270282604,0.566885824,-2.13280141,0.0413698932,1,"Geno_at_37"
"Rps13-ps4","ENSMUSG00000081378.1",0.269454985,0.612514382,2.1028234,0.0441095426,1,"Geno_at_37"
"Gm37706","ENSMUSG00000103646.1",-0.268578982,0.731591046,-1.62242225,0.11613222,1,"Geno_at_37"
"Gm27241","ENSMUSG00000099051.1",-0.268509991,0.207395707,-2.40928738,0.0224306171,1,"Geno_at_37"
"Adgra3","ENSMUSG00000029090.12",-0.268055901,2.33492665,-2.90583029,0.00687613656,1,"Geno_at_37"
"Nbdy","ENSMUSG00000086316.8",-0.267983868,2.08860156,-2.90131479,0.00695339124,1,"Geno_at_37"
"Epb41l4b","ENSMUSG00000028434.12",0.267711701,0.640406657,2.01403244,0.0531903759,1,"Geno_at_37"
"Acot6","ENSMUSG00000043487.4",0.267636578,1.1004682,1.80847568,0.0808229944,1,"Geno_at_37"
"H3c8","ENSMUSG00000099517.2",-0.267437136,-0.0543878578,-1.82797036,0.077668131,1,"Geno_at_37"
"Gm5586","ENSMUSG00000108366.1",-0.267109501,1.1196253,-2.66187137,0.0124428912,1,"Geno_at_37"
"Osgin1","ENSMUSG00000074063.10",-0.266646923,0.576424601,-1.63090761,0.114067455,1,"Geno_at_37"
"Dppa1","ENSMUSG00000064010.12",-0.266628706,4.02010693,-2.81304924,0.00990263123,1,"Geno_at_37"
"Eya2","ENSMUSG00000017897.18",-0.265485054,0.214955716,-1.63018982,0.114109474,1,"Geno_at_37"
"Tlr5","ENSMUSG00000079164.8",0.265329335,1.81315229,2.38245461,0.0238409974,1,"Geno_at_37"
"Zfp988","ENSMUSG00000078498.5",0.264993151,-0.672834245,2.70548893,0.0112093143,1,"Geno_at_37"
"Gm25395","ENSMUSG00000087968.1",0.264802013,-0.299301494,2.41585058,0.022097448,1,"Geno_at_37"
"Ankrd55","ENSMUSG00000049985.15",-0.264798861,2.14085335,-2.66898077,0.012233559,1,"Geno_at_37"
"Tac2","ENSMUSG00000025400.11",-0.264776581,0.275966259,-1.3412161,0.192834912,1,"Geno_at_37"
"Zbed3","ENSMUSG00000041995.8",-0.264737131,2.18026911,-2.63861062,0.0131513099,1,"Geno_at_37"
"Cyp4v3","ENSMUSG00000079057.4",0.264676895,1.00847186,2.06769656,0.0475235827,1,"Geno_at_37"
"Gm18939","ENSMUSG00000114147.1",0.264604805,2.75641269,2.93099573,0.00646022032,1,"Geno_at_37"
"Traj29","ENSMUSG00000076900.1",-0.264520035,-0.426806567,-2.39047234,0.0234113217,1,"Geno_at_37"
"Gm4798","ENSMUSG00000112714.1",-0.264493647,1.01736012,-2.65319962,0.0127027378,1,"Geno_at_37"
"Rpl19-ps7","ENSMUSG00000117405.1",-0.26419846,0.0936714473,-2.45611862,0.0201504732,1,"Geno_at_37"
"Gm50013","ENSMUSG00000117596.1",0.263969862,-0.302135975,2.45916922,0.0200095806,1,"Geno_at_37"
"Nlrp1a","ENSMUSG00000069830.10",-0.263880907,-0.583395236,-2.48217386,0.0189758715,1,"Geno_at_37"
"Gm14549","ENSMUSG00000084990.1",-0.263557398,0.186892444,-2.64191927,0.0130483059,1,"Geno_at_37"
"F420014N23Rik","ENSMUSG00000097331.2",-0.263514962,1.26986142,-2.31730563,0.0276076996,1,"Geno_at_37"
"Mrc2","ENSMUSG00000020695.14",-0.263437641,0.822393398,-2.069585,0.047334264,1,"Geno_at_37"
"Frmpd1","ENSMUSG00000035615.12",0.263210898,-0.442763144,2.22556368,0.0338276466,1,"Geno_at_37"
"Gpr137b","ENSMUSG00000021306.11",0.263145913,-0.830770433,2.61606805,0.0138734568,1,"Geno_at_37"
"Timd2","ENSMUSG00000040413.15",0.262802394,1.42699086,1.30357947,0.207107104,1,"Geno_at_37"
"Lipc","ENSMUSG00000032207.10",-0.262543928,-0.433172294,-2.47164977,0.0194425265,1,"Geno_at_37"
"Gm44238","ENSMUSG00000107730.1",-0.262515968,-0.253653068,-2.03698387,0.0506978245,1,"Geno_at_37"
"Ifi213","ENSMUSG00000073491.11",0.262277159,0.115931922,2.19362613,0.0362724222,1,"Geno_at_37"
"Gm50071","ENSMUSG00000117523.1",0.262060798,-0.142562359,1.78317586,0.0848348291,1,"Geno_at_37"
"Gm27017","ENSMUSG00000097997.1",0.261815634,-0.323845936,2.5327191,0.0168748197,1,"Geno_at_37"
"Xlr","ENSMUSG00000054626.11",-0.261790244,0.752902967,-0.672864083,0.510443548,1,"Geno_at_37"
"Prkaa2","ENSMUSG00000028518.8",0.261563682,-0.190073618,2.2910073,0.0292754165,1,"Geno_at_37"
"Gm49911","ENSMUSG00000117219.1",0.261532655,1.54941659,2.58540823,0.0149147696,1,"Geno_at_37"
"Stx1b","ENSMUSG00000030806.6",-0.261343411,1.02772631,-1.93711969,0.0623437218,1,"Geno_at_37"
"6430511E19Rik","ENSMUSG00000102555.1",0.26117586,1.21002697,1.7459321,0.091628599,1,"Geno_at_37"
"Wfikkn2","ENSMUSG00000044177.4",-0.260561808,0.142571216,-1.53121774,0.137310178,1,"Geno_at_37"
"Epb41l5","ENSMUSG00000026383.14",0.260358028,1.19602035,2.10658215,0.0437574262,1,"Geno_at_37"
"Gm12568","ENSMUSG00000081078.1",0.260138931,-0.592539049,2.01648477,0.0529190084,1,"Geno_at_37"
"Gm39822","ENSMUSG00000110618.1",-0.260134032,0.546141174,-1.89484688,0.0679360765,1,"Geno_at_37"
"Gm50468","ENSMUSG00000118439.1",-0.25985698,-0.698291348,-2.81703442,0.0085544674,1,"Geno_at_37"
"Fau-ps2","ENSMUSG00000082658.1",0.259848823,-0.427667593,2.62815518,0.0134817936,1,"Geno_at_37"
"Arhgap44","ENSMUSG00000033389.16",-0.259742637,-0.643341849,-2.44714901,0.0205700221,1,"Geno_at_37"
"Mpv17l","ENSMUSG00000022679.13",-0.259680876,0.512665931,-1.750137,0.0904744595,1,"Geno_at_37"
"Il17c","ENSMUSG00000046108.3",-0.25952362,-0.372086456,-2.16865087,0.0382932967,1,"Geno_at_37"
"Ly6k","ENSMUSG00000044678.11",-0.259477988,0.230876587,-1.1551843,0.261369106,1,"Geno_at_37"
"Ston2","ENSMUSG00000020961.15",0.259320235,0.294938351,1.78209826,0.0850139469,1,"Geno_at_37"
"Bcl2l15","ENSMUSG00000044165.12",0.259173211,0.57216254,1.99627927,0.0551915737,1,"Geno_at_37"
"Gm25540","ENSMUSG00000080530.1",-0.259072909,-0.557591032,-2.64925777,0.0128225154,1,"Geno_at_37"
"Atcayos","ENSMUSG00000085779.1",-0.258907135,-0.578108001,-2.48245671,0.0189634727,1,"Geno_at_37"
"Gm49307","ENSMUSG00000115555.1",0.258770706,-0.55310249,2.76296699,0.00975760718,1,"Geno_at_37"
"Chst10","ENSMUSG00000026080.13",0.258145945,2.09273856,2.74417421,0.0102116869,1,"Geno_at_37"
"4930506C21Rik","ENSMUSG00000087478.1",0.258139673,0.731830843,1.91655623,0.0650120961,1,"Geno_at_37"
"C430042M11Rik","ENSMUSG00000097254.2",0.257890566,0.326733935,1.88915219,0.0687216557,1,"Geno_at_37"
"Gm6363","ENSMUSG00000114993.1",0.257700914,-0.156187487,2.27215111,0.0305267079,1,"Geno_at_37"
"Gm46649","ENSMUSG00000118211.1",-0.257148335,0.687961235,-2.10211296,0.0441763785,1,"Geno_at_37"
"Gm10384","ENSMUSG00000072618.2",-0.257117996,0.183486515,-2.14912224,0.0399429293,1,"Geno_at_37"
"Gm14042","ENSMUSG00000082985.2",0.25694288,-0.622655102,2.21249823,0.0348093186,1,"Geno_at_37"
"Ager","ENSMUSG00000015452.14",-0.25686223,1.42578123,-2.53539313,0.0167698772,1,"Geno_at_37"
"Hdhd3","ENSMUSG00000038422.2",0.256478832,0.863516867,2.11807553,0.0426961663,1,"Geno_at_37"
"Gm4841","ENSMUSG00000068606.6",0.256445217,3.02970155,1.46943305,0.159420151,1,"Geno_at_37"
"Gm38137","ENSMUSG00000102549.1",0.256138798,0.192720314,2.04045942,0.0503294791,1,"Geno_at_37"
"D630008O14Rik","ENSMUSG00000054006.14",0.256058207,0.0616376777,1.98756411,0.0561979018,1,"Geno_at_37"
"Gm37873","ENSMUSG00000102172.1",0.255946398,-0.501371983,2.74637116,0.0101576003,1,"Geno_at_37"
"6330403K07Rik","ENSMUSG00000018451.7",0.255794851,1.12002804,1.66851566,0.106310275,1,"Geno_at_37"
"Gm47583","ENSMUSG00000113853.1",-0.255581238,0.215711533,-1.88702079,0.0690176934,1,"Geno_at_37"
"Gm5206","ENSMUSG00000115702.1",-0.255449957,-0.155995279,-2.45005093,0.0204334181,1,"Geno_at_37"
"1700124L16Rik","ENSMUSG00000099354.6",-0.255234525,-0.269737073,-2.14432535,0.0403577089,1,"Geno_at_37"
"Gm9905","ENSMUSG00000053358.2",0.255021781,-0.330729385,2.31132616,0.0279791426,1,"Geno_at_37"
"Gm44816","ENSMUSG00000108618.1",-0.254948217,-0.440496816,-2.40910352,0.0224400164,1,"Geno_at_37"
"Teddm2","ENSMUSG00000045968.7",-0.254774553,0.353904011,-1.93056647,0.063183563,1,"Geno_at_37"
"Smim40","ENSMUSG00000092349.1",0.254737982,0.311238665,1.51179541,0.141959864,1,"Geno_at_37"
"Mycn","ENSMUSG00000037169.15",-0.254461114,-0.122680096,-2.16302416,0.038762244,1,"Geno_at_37"
"Farp2","ENSMUSG00000034066.13",0.254365512,2.274376,2.79566761,0.00901226177,1,"Geno_at_37"
"Gm12097","ENSMUSG00000081887.1",-0.254160344,0.393942225,-2.12074555,0.0424529238,1,"Geno_at_37"
"Tdrd7","ENSMUSG00000035517.17",0.253734839,1.97076259,2.878742,0.00735201922,1,"Geno_at_37"
"Pdzk1","ENSMUSG00000038298.14",0.253690589,-0.622062945,2.15675108,0.0392911013,1,"Geno_at_37"
"Rbp4","ENSMUSG00000024990.13",-0.253534318,3.98433112,-1.54790427,0.140465994,1,"Geno_at_37"
"Adamtsl5","ENSMUSG00000043822.18",0.253346938,0.17802158,1.71974047,0.0959399799,1,"Geno_at_37"
"Gm19798","ENSMUSG00000106868.1",-0.253339137,-0.503779316,-2.25718484,0.0315540159,1,"Geno_at_37"
"Hdc","ENSMUSG00000027360.5",0.252560145,-0.337586378,2.26702219,0.0308753154,1,"Geno_at_37"
"Gm38346","ENSMUSG00000102352.1",0.252346093,-0.342633365,2.44341321,0.0207471121,1,"Geno_at_37"
"H2-Aa","ENSMUSG00000036594.15",-0.252194974,0.413261471,-1.94215683,0.0617047898,1,"Geno_at_37"
"Pyroxd2","ENSMUSG00000060224.4",-0.252186328,2.72953576,-1.96599403,0.0612201644,1,"Geno_at_37"
"Myh15","ENSMUSG00000092009.1",-0.252118111,1.08603056,-1.15716378,0.260944435,1,"Geno_at_37"
"Gm43721","ENSMUSG00000104947.1",0.251839935,0.0151267426,1.64299835,0.1110763,1,"Geno_at_37"
"Gm26115","ENSMUSG00000093346.1",-0.251839883,-0.20266682,-1.83437518,0.0766869929,1,"Geno_at_37"
"Gm5874","ENSMUSG00000071568.5",0.251717867,1.07021684,2.29901715,0.0287580629,1,"Geno_at_37"
"Lrguk","ENSMUSG00000056215.13",-0.251289951,1.37147069,-2.23407215,0.0332018115,1,"Geno_at_37"
"Ntrk3","ENSMUSG00000059146.12",-0.25121775,0.451032642,-1.81308043,0.0799906904,1,"Geno_at_37"
"Gm37559","ENSMUSG00000103098.1",0.251189165,-0.363819182,2.28045153,0.0299700609,1,"Geno_at_37"
"Gm43844","ENSMUSG00000106858.1",-0.251035472,0.643977379,-1.86476242,0.0721755809,1,"Geno_at_37"
"Gm11434","ENSMUSG00000081342.1",-0.25083689,0.364885617,-2.32309757,0.027252173,1,"Geno_at_37"
"Ifi208","ENSMUSG00000066677.12",0.250802935,0.996970835,1.89281139,0.0682159746,1,"Geno_at_37"
"Gjd3","ENSMUSG00000047197.1",0.250587746,-0.465943266,2.42307014,0.0217361893,1,"Geno_at_37"
"Slc16a5","ENSMUSG00000045775.15",-0.250581654,-0.55848428,-2.74821114,0.0101125086,1,"Geno_at_37"
"Rps11-ps2","ENSMUSG00000081929.1",-0.25045343,1.22248473,-2.58178962,0.0150423353,1,"Geno_at_37"
"Ska2l-ps","ENSMUSG00000101519.1",-0.250402416,-0.610050387,-2.67147426,0.0121609195,1,"Geno_at_37"
"Anks6","ENSMUSG00000066191.12",-0.250364098,-0.825561587,-3.1292622,0.00392308541,1,"Geno_at_37"
"1700001K19Rik","ENSMUSG00000056508.6",-0.250263903,-0.0819414599,-1.83502261,0.0765884081,1,"Geno_at_37"
"Plac8","ENSMUSG00000029322.12",-0.250150912,0.666765209,-1.86287251,0.0724493519,1,"Geno_at_37"
"Reep2","ENSMUSG00000038555.7",-0.250032475,1.73087236,-2.1202909,0.0424942561,1,"Geno_at_37"
"Gm37139","ENSMUSG00000102875.1",0.249903873,0.109584502,1.96013041,0.0594711682,1,"Geno_at_37"
"Phf21b","ENSMUSG00000016624.15",-0.249887407,1.00103738,-2.36396892,0.0248591786,1,"Geno_at_37"
"Epas1","ENSMUSG00000024140.10",0.249732779,1.68460644,2.38557663,0.0236728384,1,"Geno_at_37"
"4930429P21Rik","ENSMUSG00000102144.1",0.249601334,-0.455803464,2.13172053,0.0414659798,1,"Geno_at_37"
"Gm18190","ENSMUSG00000098900.2",0.24958482,0.0300805692,1.6644485,0.106594124,1,"Geno_at_37"
"Gm7867","ENSMUSG00000100351.1",0.249576511,-0.143866228,2.00322398,0.0544010164,1,"Geno_at_37"
"Gm24241","ENSMUSG00000088412.1",0.249495376,-0.455185768,2.37056211,0.0244915726,1,"Geno_at_37"
"Spin4","ENSMUSG00000071722.4",0.249342737,2.85981712,2.94917745,0.0061746461,1,"Geno_at_37"
"Stag3","ENSMUSG00000036928.14",-0.249219604,4.0835933,-1.67715764,0.111911929,1,"Geno_at_37"
"Tmem45a","ENSMUSG00000022754.6",0.249029252,0.037286242,1.59832932,0.120807185,1,"Geno_at_37"
"Gm19807","ENSMUSG00000092223.1",-0.248971322,0.0890078518,-2.06720925,0.047572544,1,"Geno_at_37"
"Gm48551","ENSMUSG00000113262.1",-0.248694296,-0.394364454,-2.18310428,0.037111862,1,"Geno_at_37"
"Glns-ps1","ENSMUSG00000082100.1",-0.248630214,1.09583093,-1.37175191,0.183019872,1,"Geno_at_37"
"Nmb","ENSMUSG00000025723.12",-0.248539289,1.21208019,-2.67857601,0.0119562295,1,"Geno_at_37"
"Chml","ENSMUSG00000078185.3",0.248521183,4.03344728,2.79985076,0.00980644341,1,"Geno_at_37"
"Ccdc63","ENSMUSG00000043036.13",-0.248513023,2.71150772,-2.88365593,0.00726344805,1,"Geno_at_37"
"Gm14718","ENSMUSG00000085808.1",-0.248393974,1.44427821,-2.63160695,0.013371844,1,"Geno_at_37"
"Gm25082","ENSMUSG00000093734.1",0.248374482,1.48507468,1.91247195,0.0655537181,1,"Geno_at_37"
"Gm22431","ENSMUSG00000089170.1",0.248255866,-0.502386717,1.96987838,0.0582895074,1,"Geno_at_37"
"Chdh","ENSMUSG00000015970.19",-0.248187025,-0.175415663,-2.0974168,0.0446204374,1,"Geno_at_37"
"Gm20682","ENSMUSG00000093465.1",0.248178637,-0.237723282,2.14545614,0.0402595865,1,"Geno_at_37"
"Gm37660","ENSMUSG00000104467.1",-0.248157453,0.914701778,-1.85180511,0.0740705739,1,"Geno_at_37"
"Gm16278","ENSMUSG00000084862.1",-0.247593419,0.527878818,-1.98305508,0.0567248305,1,"Geno_at_37"
"Gm44699","ENSMUSG00000109314.1",0.247499551,0.370432688,1.46283812,0.154875385,1,"Geno_at_37"
"Abcc8","ENSMUSG00000040136.10",-0.247469415,3.20542832,-1.5573282,0.136866107,1,"Geno_at_37"
"Tmem218","ENSMUSG00000032121.9",-0.247381739,1.95179633,-2.58115878,0.0150646775,1,"Geno_at_37"
"Gm11977","ENSMUSG00000083819.1",0.247189136,1.5946121,2.3432369,0.0260480538,1,"Geno_at_37"
"Gsta4","ENSMUSG00000032348.6",-0.247016483,0.29678411,-2.02832083,0.0516262989,1,"Geno_at_37"
"Srcin1","ENSMUSG00000038453.17",0.246996884,-0.552241317,2.47441012,0.0193191193,1,"Geno_at_37"
"Gm13841","ENSMUSG00000083833.4",0.246830674,1.0823429,1.79989211,0.0820971261,1,"Geno_at_37"
"Gm10644","ENSMUSG00000074219.3",-0.24682364,-0.0870272782,-1.92434701,0.0639897038,1,"Geno_at_37"
"Gm7435","ENSMUSG00000111662.1",0.246792573,0.510929658,1.82923982,0.0774728156,1,"Geno_at_37"
"Syce1","ENSMUSG00000025480.5",-0.24659963,-0.133774686,-0.528400372,0.604374104,1,"Geno_at_37"
"Rgs8","ENSMUSG00000042671.12",-0.246351322,0.964151681,-1.87063576,0.0713304491,1,"Geno_at_37"
"Trbj1-6","ENSMUSG00000076488.1",0.246263399,2.22351277,2.60275741,0.0143169641,1,"Geno_at_37"
"Jmjd7","ENSMUSG00000098789.7",0.246196285,-0.0981226249,2.01470708,0.0531156007,1,"Geno_at_37"
"Gm37943","ENSMUSG00000102960.1",0.246038546,-0.562608385,2.40405638,0.0226994394,1,"Geno_at_37"
"Ltbr","ENSMUSG00000030339.7",-0.24565234,0.23445133,-1.83723785,0.0762519128,1,"Geno_at_37"
"Ppfia3","ENSMUSG00000003863.18",0.245419672,0.910050736,1.75588711,0.0894707168,1,"Geno_at_37"
"Gucy2c","ENSMUSG00000042638.14",-0.245304325,0.0305723744,-1.67045259,0.10539138,1,"Geno_at_37"
"Gm5853","ENSMUSG00000105641.1",0.245239046,1.51881745,2.40394883,0.022704997,1,"Geno_at_37"
"9530056E24Rik","ENSMUSG00000115955.1",-0.244923933,0.162549939,-2.09790607,0.0445739889,1,"Geno_at_37"
"Spats1","ENSMUSG00000023935.10",0.244920605,0.176697433,1.99791451,0.055004524,1,"Geno_at_37"
"Erfl","ENSMUSG00000108367.2",0.244667085,-0.403761227,1.88656979,0.0690804746,1,"Geno_at_37"
"C530008M17Rik","ENSMUSG00000036377.19",-0.244452487,-0.0784056072,-2.22478731,0.0338852765,1,"Geno_at_37"
"Gm4864","ENSMUSG00000112003.1",-0.244386371,0.230016236,-1.98283758,0.0567503563,1,"Geno_at_37"
"Prss16","ENSMUSG00000006179.9",0.244107323,1.28199686,1.58320622,0.124880157,1,"Geno_at_37"
"Gm16244","ENSMUSG00000090235.1",0.243785608,-0.415930716,2.40825604,0.0224833865,1,"Geno_at_37"
"Gm15133","ENSMUSG00000087175.7",0.243779232,0.178614207,2.05221494,0.049101022,1,"Geno_at_37"
"Gm48689","ENSMUSG00000112669.1",0.243373105,-0.137474239,2.07454868,0.0468398249,1,"Geno_at_37"
"1700094D03Rik","ENSMUSG00000118506.1",-0.243283016,1.65053276,-2.04669916,0.0496740919,1,"Geno_at_37"
"Pafah1b1-ps1","ENSMUSG00000097041.1",-0.243281944,-0.424204034,-0.884225671,0.388900712,1,"Geno_at_37"
"Gm26590","ENSMUSG00000097533.2",-0.243025909,-0.146119702,-1.71996585,0.0958984554,1,"Geno_at_37"
"Gm47283","ENSMUSG00000096768.8",-0.242980718,-0.407758573,-2.11575611,0.0429084727,1,"Geno_at_37"
"Zfp551","ENSMUSG00000034071.15",0.242893435,0.43023588,1.61161952,0.11767721,1,"Geno_at_37"
"Gpx7","ENSMUSG00000028597.11",-0.242807098,0.593042819,-1.70289616,0.0990866004,1,"Geno_at_37"
"Npr3","ENSMUSG00000022206.7",-0.242705661,0.549753722,-1.79839236,0.0823396336,1,"Geno_at_37"
"Gpr15","ENSMUSG00000047293.7",-0.242618803,2.56283794,-2.07586361,0.0474433106,1,"Geno_at_37"
"Lamc2","ENSMUSG00000026479.13",0.24254408,3.52444195,1.60002852,0.127338669,1,"Geno_at_37"
"Cort","ENSMUSG00000028971.4",0.242536302,-0.342032656,1.91544699,0.065158809,1,"Geno_at_37"
"Mapk12","ENSMUSG00000022610.10",0.242336623,0.741743834,2.38631167,0.0236334057,1,"Geno_at_37"
"Trim69","ENSMUSG00000033368.8",-0.242137503,-0.439281328,-1.89304331,0.0681840337,1,"Geno_at_37"
"Penk","ENSMUSG00000045573.9",0.242128122,2.34546114,1.0157754,0.324188639,1,"Geno_at_37"
"Gm6368","ENSMUSG00000080775.1",-0.241934851,1.32058768,-1.8946766,0.0679594527,1,"Geno_at_37"
"Gm13786","ENSMUSG00000083951.1",-0.241661771,-0.533890306,-2.33392902,0.0265984307,1,"Geno_at_37"
"Trav13-4-dv7","ENSMUSG00000094562.5",-0.241552206,0.377541954,-2.17803344,0.0375225908,1,"Geno_at_37"
"Hmgb1-ps8","ENSMUSG00000097295.1",-0.241218159,1.98108482,-1.89622671,0.0680821634,1,"Geno_at_37"
"Azin2","ENSMUSG00000028789.16",-0.241146728,0.402488619,-1.80377983,0.0814713184,1,"Geno_at_37"
"Dqx1","ENSMUSG00000009145.6",0.241133924,2.39974645,3.3779323,0.0020646591,1,"Geno_at_37"
"Dhx58","ENSMUSG00000017830.15",0.241098681,3.08158754,2.82732127,0.00834194158,1,"Geno_at_37"
"Hspa12b","ENSMUSG00000074793.10",-0.240725545,0.0435828958,-2.1389154,0.0408301011,1,"Geno_at_37"
"Gm12439","ENSMUSG00000080850.1",-0.240671334,-0.159802389,-1.74799154,0.0908514041,1,"Geno_at_37"
"Gm19353","ENSMUSG00000098492.1",-0.240636355,-0.126031105,-2.00837574,0.0538209921,1,"Geno_at_37"
"Tpbg","ENSMUSG00000035274.13",0.240422354,0.190290121,1.98278329,0.0567567288,1,"Geno_at_37"
"Gm36948","ENSMUSG00000103445.1",0.240329464,0.507094892,2.11245898,0.0432118889,1,"Geno_at_37"
"Gm17146","ENSMUSG00000091881.1",-0.240319422,-0.460073767,-2.22263021,0.0340458611,1,"Geno_at_37"
"1700003F12Rik","ENSMUSG00000038523.10",0.240284768,-0.287065356,1.87012512,0.071403586,1,"Geno_at_37"
"Traj27","ENSMUSG00000076902.1",0.239672227,0.111611652,1.89209663,0.0683144972,1,"Geno_at_37"
"Gm42856","ENSMUSG00000106946.1",0.239625526,-0.0319296137,1.92318011,0.0641419426,1,"Geno_at_37"
"Fam43a","ENSMUSG00000046546.3",0.239574409,1.00333996,1.92088586,0.064442179,1,"Geno_at_37"
"Dnhd1","ENSMUSG00000030882.19",0.239416825,0.559170341,1.81289462,0.0800200442,1,"Geno_at_37"
"Chl1","ENSMUSG00000030077.11",-0.239355175,-0.652347039,-2.04166977,0.0502017582,1,"Geno_at_37"
"Anxa1","ENSMUSG00000024659.15",-0.239225491,2.28079662,-1.70062557,0.101994534,1,"Geno_at_37"
"Magi1","ENSMUSG00000045095.16",-0.239123929,0.695717049,-1.73163183,0.0937695836,1,"Geno_at_37"
"Fcgr3","ENSMUSG00000059498.13",-0.238970124,-0.734463823,-2.35192356,0.0255437653,1,"Geno_at_37"
"Efna1","ENSMUSG00000027954.9",0.238882704,-0.65765225,2.07133651,0.0471592697,1,"Geno_at_37"
"Cxcr6","ENSMUSG00000048521.8",-0.238866194,3.17878652,-0.977784591,0.342473621,1,"Geno_at_37"
"Cyp26a1","ENSMUSG00000024987.6",-0.238850569,2.86997425,-1.25908561,0.224800841,1,"Geno_at_37"
"Olfr1372-ps1","ENSMUSG00000108218.2",0.238788486,-0.773437163,1.94246345,0.0616660821,1,"Geno_at_37"
"Tmprss6","ENSMUSG00000016942.6",-0.23875888,-0.426493222,-2.04831319,0.0495057933,1,"Geno_at_37"
"Gm28809","ENSMUSG00000101191.6",0.238679458,0.86169076,1.98673056,0.0562949867,1,"Geno_at_37"
"Gm37411","ENSMUSG00000103493.1",0.238557866,-0.231470544,2.15437139,0.039493402,1,"Geno_at_37"
"Gm3379","ENSMUSG00000113625.1",-0.238543425,0.294506481,-2.02341335,0.0521588745,1,"Geno_at_37"
"Cdkn2a","ENSMUSG00000044303.6",0.238493655,-0.634277781,2.16462415,0.0386283769,1,"Geno_at_37"
"Inava","ENSMUSG00000041605.16",-0.238443326,3.06365675,-2.99021604,0.00557336227,1,"Geno_at_37"
"Gm6244","ENSMUSG00000101896.1",0.238439122,1.23654699,2.07007415,0.0472853351,1,"Geno_at_37"
"Gm16740","ENSMUSG00000097167.1",0.23828816,0.464004662,1.57429333,0.126067963,1,"Geno_at_37"
"Gm6392","ENSMUSG00000115503.1",-0.238186359,0.0374717006,-2.04945533,0.0493870024,1,"Geno_at_37"
"Cbs","ENSMUSG00000024039.15",0.238022086,0.0411114872,1.94532462,0.0613059,1,"Geno_at_37"
"Peli3","ENSMUSG00000024901.15",0.237986592,0.382001304,1.97231484,0.0579973786,1,"Geno_at_37"
"Gm15327","ENSMUSG00000085204.1",-0.237616114,-0.462384001,-2.33501224,0.0265338414,1,"Geno_at_37"
"Cd63","ENSMUSG00000025351.14",0.237494137,1.20724503,2.03592196,0.0508108397,1,"Geno_at_37"
"Gm14730","ENSMUSG00000082262.1",-0.237493986,-0.296325804,-2.18134199,0.0372541459,1,"Geno_at_37"
"Gm10297","ENSMUSG00000109222.1",-0.236956753,1.13758076,-2.06316039,0.0479810755,1,"Geno_at_37"
"Gm42462","ENSMUSG00000104728.1",-0.236619551,1.0173774,-1.64727646,0.110097303,1,"Geno_at_37"
"Bmf","ENSMUSG00000040093.16",-0.236568862,2.75651127,-1.20793599,0.243412166,1,"Geno_at_37"
"Gm10362","ENSMUSG00000116174.1",0.236520435,-0.154250339,2.21526932,0.0345990012,1,"Geno_at_37"
"Pard3b","ENSMUSG00000052062.14",0.23648777,0.480431241,1.90935906,0.0659691446,1,"Geno_at_37"
"Cyb561","ENSMUSG00000019590.16",-0.236485137,0.827025576,-1.99101358,0.0557976911,1,"Geno_at_37"
"C230053D17Rik","ENSMUSG00000110751.1",0.236389142,0.48888088,1.74184588,0.0919385143,1,"Geno_at_37"
"Ildr1","ENSMUSG00000022900.14",0.236275731,1.67384506,2.26530287,0.0309929766,1,"Geno_at_37"
"A630052C17Rik","ENSMUSG00000086725.1",0.236227022,1.76542867,2.28528294,0.0296502923,1,"Geno_at_37"
"1700018A23Rik","ENSMUSG00000107368.1",0.236205347,-0.423970103,1.91325557,0.065449499,1,"Geno_at_37"
"Zfp972","ENSMUSG00000074529.10",0.236058689,-0.114709697,1.48028636,0.150139105,1,"Geno_at_37"
"Gm10505","ENSMUSG00000073430.5",0.236023533,0.625909768,1.91847261,0.0647593021,1,"Geno_at_37"
"Rskr","ENSMUSG00000037593.12",0.235972242,1.46680588,1.9929666,0.0555722089,1,"Geno_at_37"
"Gm13886","ENSMUSG00000083856.1",-0.235919999,0.243994479,-1.7843935,0.0846328208,1,"Geno_at_37"
"4930509E16Rik","ENSMUSG00000096986.2",-0.23587099,0.435460274,-1.97861928,0.0572474119,1,"Geno_at_37"
"Ms4a4b","ENSMUSG00000056290.16",0.235858917,3.91723031,3.03353913,0.00505081183,1,"Geno_at_37"
"Ankrd33b","ENSMUSG00000022237.17",0.235357591,1.14152635,1.8015988,0.0818218957,1,"Geno_at_37"
"Gm15558","ENSMUSG00000087384.1",0.235260032,0.0834795432,1.69812384,0.0999936865,1,"Geno_at_37"
"Gja6","ENSMUSG00000055691.5",0.235047223,0.0934443142,1.77666448,0.0859220461,1,"Geno_at_37"
"Gm16379","ENSMUSG00000059658.5",0.234934154,-0.0107161341,1.8853774,0.0692467004,1,"Geno_at_37"
"Gm38034","ENSMUSG00000102844.1",0.234544853,0.548255968,1.6840584,0.102707706,1,"Geno_at_37"
"Naip2","ENSMUSG00000078945.10",-0.234262584,1.33078553,-2.38219388,0.0238550898,1,"Geno_at_37"
"Odaph","ENSMUSG00000096035.2",0.234107374,-0.674680865,2.38112455,0.0239129675,1,"Geno_at_37"
"Apln","ENSMUSG00000037010.7",-0.234035113,1.65896051,-1.95434884,0.0601818443,1,"Geno_at_37"
"Cpt1b","ENSMUSG00000078937.8",-0.234023993,-0.434054724,-2.0248447,0.0520030429,1,"Geno_at_37"
"Gm17981","ENSMUSG00000101135.1",-0.233925161,-0.0817741174,-2.08290694,0.046017563,1,"Geno_at_37"
"Gm5928","ENSMUSG00000113931.1",0.23375141,-0.59103045,2.05435822,0.0488799218,1,"Geno_at_37"
"Rab9b-ps1","ENSMUSG00000082464.3",-0.233657384,-0.140776265,-1.74987276,0.0905208124,1,"Geno_at_37"
"4930596I21Rik","ENSMUSG00000104900.1",0.233597039,-0.221494085,2.24825771,0.0321815278,1,"Geno_at_37"
"Gm13577","ENSMUSG00000082127.2",0.233583104,4.24511407,2.48588539,0.0210871222,1,"Geno_at_37"
"Fam3b","ENSMUSG00000022938.8",-0.233547875,-0.871089229,-2.85560626,0.00778287989,1,"Geno_at_37"
"Cp","ENSMUSG00000003617.16",0.233546341,-0.110804143,1.85977166,0.0729004762,1,"Geno_at_37"
"Tnfrsf19","ENSMUSG00000060548.13",0.233375377,-0.510860729,2.05067298,0.0492606364,1,"Geno_at_37"
"E530011L22Rik","ENSMUSG00000097820.3",-0.233326215,-0.031581245,-1.9741282,0.0577807903,1,"Geno_at_37"
"Gm24608","ENSMUSG00000077569.1",-0.23331713,-0.371061942,-1.85709733,0.0732914879,1,"Geno_at_37"
"Hspb7","ENSMUSG00000006221.7",0.23329756,0.530706624,1.82792381,0.0776753014,1,"Geno_at_37"
"Gm7623","ENSMUSG00000118283.1",-0.233264819,2.07397345,-2.49823514,0.0182834996,1,"Geno_at_37"
"mt-Tl2","ENSMUSG00000064366.1",0.232965759,1.88277425,2.00349807,0.054370019,1,"Geno_at_37"
"Gm49683","ENSMUSG00000116696.1",0.232907998,-0.608516435,1.88912358,0.0687256227,1,"Geno_at_37"
"Flvcr2","ENSMUSG00000034258.4",-0.232825979,0.498340641,-2.02797661,0.0516634985,1,"Geno_at_37"
"Gm14302","ENSMUSG00000085760.1",0.232586658,0.354050682,1.91521625,0.0651893635,1,"Geno_at_37"
"L3hypdh","ENSMUSG00000019718.8",0.232382934,-0.105442237,1.94495298,0.0613525798,1,"Geno_at_37"
"Brd3os","ENSMUSG00000109946.1",0.232357153,-0.440018842,1.95932032,0.0595703025,1,"Geno_at_37"
"Gm18867","ENSMUSG00000106246.1",-0.232325444,-0.532062466,-2.15461341,0.0394727856,1,"Geno_at_37"
"Gm45428","ENSMUSG00000109956.1",-0.232160499,-0.38013664,-1.73929867,0.0923923031,1,"Geno_at_37"
"Gli1","ENSMUSG00000025407.7",0.232136985,1.02541082,2.03667476,0.0507306988,1,"Geno_at_37"
"4932442E05Rik","ENSMUSG00000104443.1",0.232066012,1.35173236,1.79962671,0.0821399956,1,"Geno_at_37"
"Gm14448","ENSMUSG00000080186.2",-0.231988729,-0.300645055,-1.84488256,0.0751004003,1,"Geno_at_37"
"Gm45555","ENSMUSG00000109652.1",0.23190047,0.108721598,1.63328571,0.11302171,1,"Geno_at_37"
"Runx2os2","ENSMUSG00000089849.1",0.231782135,-0.576613947,2.08429656,0.0458821025,1,"Geno_at_37"
"B230319C09Rik","ENSMUSG00000051844.13",0.231773616,0.550563769,1.65788539,0.107921912,1,"Geno_at_37"
"Gm6266","ENSMUSG00000107788.1",0.231737364,-0.130294605,1.84161179,0.0755912331,1,"Geno_at_37"
"Gm8523","ENSMUSG00000110150.1",0.231674937,-0.440839098,2.33994009,0.0262418004,1,"Geno_at_37"
"Gm5093","ENSMUSG00000091742.2",-0.231657425,-0.374338864,-2.27109661,0.0305980901,1,"Geno_at_37"
"Fam135b","ENSMUSG00000036800.8",0.231289266,-0.101280418,1.74861572,0.090741603,1,"Geno_at_37"
"0610005C13Rik","ENSMUSG00000109644.1",0.231129812,-0.666498891,2.15972085,0.0390399354,1,"Geno_at_37"
"Ankrd42","ENSMUSG00000041343.19",0.230804058,-0.361048681,1.85274228,0.0739320941,1,"Geno_at_37"
"Gm20721","ENSMUSG00000090625.1",-0.230800625,-0.390387922,-1.98962298,0.0559587293,1,"Geno_at_37"
"Lrfn3","ENSMUSG00000036957.8",-0.23072474,-0.580773176,-1.97637523,0.057513384,1,"Geno_at_37"
"A430072P03Rik","ENSMUSG00000090030.1",0.230645111,0.405577818,1.30477266,0.203296823,1,"Geno_at_37"
"Gm9745","ENSMUSG00000021148.11",0.23043823,2.00309477,1.77016773,0.0876340359,1,"Geno_at_37"
"Cdiptos","ENSMUSG00000097075.3",-0.230288262,-0.578791331,-1.78880932,0.0839036587,1,"Geno_at_37"
"Gm47140","ENSMUSG00000111325.1",0.230251221,0.00794404428,2.03408076,0.0510073183,1,"Geno_at_37"
"Gm19345","ENSMUSG00000092216.3",-0.230146282,0.291247614,-1.84712568,0.0747653664,1,"Geno_at_37"
"Gm11805","ENSMUSG00000083186.1",-0.230031576,0.612140219,-1.83231899,0.0770008107,1,"Geno_at_37"
"Nim1k","ENSMUSG00000095930.1",-0.229841759,-0.0243764191,-1.80843401,0.0807274899,1,"Geno_at_37"
"Arhgap8","ENSMUSG00000078954.9",-0.229808991,-0.272304493,-2.13292128,0.0413592491,1,"Geno_at_37"
"Gm48496","ENSMUSG00000112969.1",0.229735573,0.681472731,2.36017121,0.025073194,1,"Geno_at_37"
"Gm37124","ENSMUSG00000103038.1",0.229405711,-0.469325369,1.86129018,0.0726792548,1,"Geno_at_37"
"Gm25965","ENSMUSG00000087795.1",-0.229356957,0.252894429,-1.80066633,0.081972174,1,"Geno_at_37"
"3110070M22Rik","ENSMUSG00000074635.3",0.229171125,-0.197548937,1.91926651,0.0646548277,1,"Geno_at_37"
"Gm15186","ENSMUSG00000083906.1",0.229170078,1.10923441,1.83846746,0.0760656824,1,"Geno_at_37"
"Ceacam16","ENSMUSG00000014686.8",-0.229146765,1.20972193,-1.74023825,0.0922246966,1,"Geno_at_37"
"Gm50475","ENSMUSG00000118394.1",-0.229010731,0.218366951,-1.94010863,0.0619639021,1,"Geno_at_37"
"Galr2","ENSMUSG00000020793.5",-0.228938026,-0.19375834,-1.55763805,0.130043713,1,"Geno_at_37"
"Sulf2","ENSMUSG00000006800.14",-0.228912788,1.40273219,-2.08799822,0.0455229833,1,"Geno_at_37"
"Pram1","ENSMUSG00000032739.16",-0.228867509,-0.71896652,-1.90099265,0.0670969923,1,"Geno_at_37"
"Abcb1a","ENSMUSG00000040584.8",-0.228807429,0.775545882,-1.95893821,0.0596171131,1,"Geno_at_37"
"Plekhg6","ENSMUSG00000038167.6",-0.22856517,-0.395438419,-1.67950223,0.103599954,1,"Geno_at_37"
"Khdc3","ENSMUSG00000092622.8",0.228502614,-0.143411699,1.84291761,0.0753949437,1,"Geno_at_37"
"Gm37663","ENSMUSG00000104469.1",0.228467949,-0.439221132,2.42814936,0.0214852764,1,"Geno_at_37"
"E230020A03Rik","ENSMUSG00000104420.1",0.228412891,-0.790518545,2.62268727,0.013657683,1,"Geno_at_37"
"Cct6b","ENSMUSG00000020698.11",-0.228270538,-0.407457709,-1.78263264,0.0849250821,1,"Geno_at_37"
"Ube2v1","ENSMUSG00000078923.10",0.2280956,0.95747049,1.77917609,0.0855012834,1,"Geno_at_37"
"Gm26361","ENSMUSG00000089493.1",0.227973671,-0.57995009,2.58276824,0.0150077373,1,"Geno_at_37"
"2210408F21Rik","ENSMUSG00000087380.7",0.227873066,1.01742022,2.07002169,0.0472905802,1,"Geno_at_37"
"Galnt14","ENSMUSG00000024064.14",-0.227679232,1.16604018,-2.06530083,0.0477647195,1,"Geno_at_37"
"Gm45591","ENSMUSG00000109460.1",0.227521083,-0.505507261,2.07301152,0.0469924535,1,"Geno_at_37"
"9530082P21Rik","ENSMUSG00000097006.7",-0.227276626,-0.214377525,-1.77333212,0.0864830205,1,"Geno_at_37"
"Gm8960","ENSMUSG00000112099.1",-0.227230704,1.53268079,-2.57799785,0.0151770886,1,"Geno_at_37"
"Ptpn13","ENSMUSG00000034573.14",0.226747199,0.505746251,1.65553132,0.108401509,1,"Geno_at_37"
"Gm8113","ENSMUSG00000089901.1",-0.226723416,0.875517397,-1.08083907,0.292010352,1,"Geno_at_37"
"Mir6387","ENSMUSG00000098480.1",0.226688232,-0.675431152,2.00462817,0.0542423802,1,"Geno_at_37"
"Gm8670","ENSMUSG00000116640.1",-0.226575272,1.57110425,-2.23236645,0.0333264323,1,"Geno_at_37"
"Rnf170-ps","ENSMUSG00000101800.1",-0.22644286,1.29496379,-2.17486093,0.0377816225,1,"Geno_at_37"
"6430562O15Rik","ENSMUSG00000097828.2",-0.226393612,1.04330515,-1.89059383,0.0685220442,1,"Geno_at_37"
"Ccl3","ENSMUSG00000000982.5",-0.22637185,4.30250433,-0.82154765,0.423254364,1,"Geno_at_37"
"Gpr183","ENSMUSG00000051212.8",0.226336705,3.26952673,1.56824613,0.133513597,1,"Geno_at_37"
"H2-Q5","ENSMUSG00000055413.12",0.226249237,2.45275304,1.85154246,0.0751447747,1,"Geno_at_37"
"Gm45509","ENSMUSG00000109781.1",-0.226200149,0.443859009,-1.72238552,0.0954535874,1,"Geno_at_37"
"A230028O05Rik","ENSMUSG00000096960.1",-0.226187729,-0.014686722,-1.35735631,0.185920004,1,"Geno_at_37"
"Gpr45","ENSMUSG00000041907.9",-0.226162981,0.0556071327,-1.89994648,0.0672391891,1,"Geno_at_37"
"Gm43480","ENSMUSG00000107076.1",-0.226144981,-0.178076496,-1.71190996,0.0973921582,1,"Geno_at_37"
"Gm48914","ENSMUSG00000115691.1",-0.225905635,-0.59711589,-2.17472801,0.0377925099,1,"Geno_at_37"
"Gm50221","ENSMUSG00000117721.1",0.225882094,-0.213287949,1.8074342,0.0808867869,1,"Geno_at_37"
"Gm38563","ENSMUSG00000116498.1",-0.225869187,-0.518625734,-1.78929425,0.0838239104,1,"Geno_at_37"
"Trim36","ENSMUSG00000033949.12",0.225836229,0.465800431,1.87966815,0.0700473922,1,"Geno_at_37"
"Lgi4","ENSMUSG00000036560.14",0.225655449,-0.5369561,1.57367893,0.126834134,1,"Geno_at_37"
"Gm26660","ENSMUSG00000097601.2",-0.225646109,0.833839295,-2.01936322,0.0526020406,1,"Geno_at_37"
"Gm14519","ENSMUSG00000082838.1",0.225495413,-0.329174577,2.14956522,0.0399048175,1,"Geno_at_37"
"Gm12246","ENSMUSG00000087629.1",-0.225327661,-0.25485955,-1.82252561,0.0785106327,1,"Geno_at_37"
"Ak7","ENSMUSG00000041323.6",-0.225314059,1.25340579,-1.75051526,0.0904081386,1,"Geno_at_37"
"Gm11966","ENSMUSG00000080904.1",-0.225142212,1.46232486,-2.3057488,0.0283296822,1,"Geno_at_37"
"4833413E03Rik","ENSMUSG00000013562.12",0.225136494,-0.184738504,1.81325688,0.0799628233,1,"Geno_at_37"
"Gm12791","ENSMUSG00000081121.1",-0.225029754,1.4606648,-2.42228539,0.0217751937,1,"Geno_at_37"
"Gm4691","ENSMUSG00000097979.2",0.224999653,0.424857209,1.74229167,0.0918592905,1,"Geno_at_37"
"Rhcg","ENSMUSG00000030549.6",-0.224785769,0.0215259112,-1.50568163,0.142765819,1,"Geno_at_37"
"H1f10","ENSMUSG00000044927.6",-0.22475718,3.01161817,-2.8018523,0.00887744052,1,"Geno_at_37"
"Gm20667","ENSMUSG00000093726.1",-0.22475286,2.70082701,-2.59442271,0.0146013283,1,"Geno_at_37"
"Gng11","ENSMUSG00000032766.9",-0.224726295,-0.650820792,-2.2472648,0.0322520126,1,"Geno_at_37"
"Mapre3","ENSMUSG00000029166.14",-0.224634745,1.58123136,-2.22738074,0.0336931103,1,"Geno_at_37"
"Gm14846","ENSMUSG00000084271.1",0.224579859,-0.592820458,2.132896,0.0413614932,1,"Geno_at_37"
"Gm5626","ENSMUSG00000113660.1",-0.224415084,0.460733443,-2.03662738,0.05073574,1,"Geno_at_37"
"Gm31814","ENSMUSG00000115869.1",-0.224217947,-0.372881434,-2.04120233,0.0502510505,1,"Geno_at_37"
"Gm6637","ENSMUSG00000108090.1",0.224029196,-0.677861432,2.08916276,0.0454105205,1,"Geno_at_37"
"Ranbp17","ENSMUSG00000040594.19",0.224006375,-0.0552970051,1.67837337,0.103822021,1,"Geno_at_37"
"B130046B21Rik","ENSMUSG00000097414.2",-0.223991733,0.577121336,-1.91262543,0.0655332942,1,"Geno_at_37"
"Gm32391","ENSMUSG00000104011.1",-0.2239643,0.509046847,-1.87134907,0.0712283907,1,"Geno_at_37"
"Armcx1","ENSMUSG00000033460.14",-0.223886176,1.50697973,-1.96702383,0.058633399,1,"Geno_at_37"
"Pafah1b1-ps2","ENSMUSG00000109177.1",-0.223817538,-0.796245183,-1.63932448,0.112570366,1,"Geno_at_37"
"4933427D14Rik","ENSMUSG00000020807.15",0.223643101,-0.128419107,1.56257529,0.128801058,1,"Geno_at_37"
"4930532G15Rik","ENSMUSG00000097261.2",0.223634312,-0.249932068,1.796962,0.0825714897,1,"Geno_at_37"
"Scarna8","ENSMUSG00000088958.1",0.223539076,-0.605198294,2.61661131,0.0138556292,1,"Geno_at_37"
"Gm28800","ENSMUSG00000099760.1",0.223525283,0.279543648,1.75523735,0.0895836646,1,"Geno_at_37"
"Gm40309","ENSMUSG00000107362.1",0.223513631,1.29731232,1.65861432,0.107773765,1,"Geno_at_37"
"Enpp3","ENSMUSG00000019989.8",0.223486829,-0.345260128,1.65776499,0.107946399,1,"Geno_at_37"
"Gm10785","ENSMUSG00000085169.2",-0.22347701,0.369619707,-1.43303017,0.162346293,1,"Geno_at_37"
"Galnt2","ENSMUSG00000089704.9",0.223475418,0.528178954,1.68661047,0.102210741,1,"Geno_at_37"
"Gm20219","ENSMUSG00000110218.1",-0.223466537,1.93579935,-1.97885201,0.0572198898,1,"Geno_at_37"
"Tssk1","ENSMUSG00000041566.3",0.223213818,-0.432301344,1.98429853,0.0565790896,1,"Geno_at_37"
"Gm37353","ENSMUSG00000103590.1",0.223179405,0.696836077,1.459554,0.154963839,1,"Geno_at_37"
"Gm37201","ENSMUSG00000103658.1",-0.22316961,-0.113605299,-1.93041125,0.0632035742,1,"Geno_at_37"
"Cldn15","ENSMUSG00000001739.14",-0.22314226,-0.475563987,-1.9667295,0.0586689581,1,"Geno_at_37"
"Gm13493","ENSMUSG00000087701.4",-0.223119691,-0.28488546,-2.02000198,0.0525319282,1,"Geno_at_37"
"Gm14379","ENSMUSG00000087252.1",0.223119122,0.261920484,1.74108321,0.0920741877,1,"Geno_at_37"
"Gm10357","ENSMUSG00000072421.4",0.222977837,2.41630798,1.59958616,0.123160725,1,"Geno_at_37"
"9230105E05Rik","ENSMUSG00000090191.1",-0.22297369,-0.00605139798,-1.81996268,0.0789099091,1,"Geno_at_37"
"Gm44260","ENSMUSG00000107971.1",0.222884705,-0.115172977,2.157434,0.0392332171,1,"Geno_at_37"
"Ctcfl","ENSMUSG00000070495.11",-0.222847159,-0.0330948748,-1.66372914,0.106738991,1,"Geno_at_37"
"Gkap1","ENSMUSG00000021552.7",0.22272274,1.46811382,2.08785954,0.0455363926,1,"Geno_at_37"
"2900041M22Rik","ENSMUSG00000054418.6",-0.222671576,-0.451924098,-2.17992229,0.0373691247,1,"Geno_at_37"
"Rph3a","ENSMUSG00000029608.10",-0.22254238,0.220461073,-1.65049449,0.109433621,1,"Geno_at_37"
"Mmrn2","ENSMUSG00000041445.9",-0.222446683,-0.0344999507,-1.85775033,0.0731958462,1,"Geno_at_37"
"Akirin1-ps","ENSMUSG00000080791.1",0.222277413,-0.440154913,1.70937041,0.0978670693,1,"Geno_at_37"
"D930048N14Rik","ENSMUSG00000052563.13",-0.22223036,2.5905739,-2.88408719,0.00725572312,1,"Geno_at_37"
"Gm4335","ENSMUSG00000097989.1",0.222097359,-0.676994589,1.96888445,0.0584090478,1,"Geno_at_37"
"Dok3","ENSMUSG00000035711.5",0.222047301,0.983281703,2.03150051,0.0512837884,1,"Geno_at_37"
"Fgf1","ENSMUSG00000036585.16",-0.222019515,-0.0652448142,-1.78638382,0.0843035047,1,"Geno_at_37"
"H1f1","ENSMUSG00000049539.3",-0.221926354,0.151026025,-1.69314776,0.100946903,1,"Geno_at_37"
"Gm50390","ENSMUSG00000118171.1",0.221918365,1.45766633,1.94002431,0.0619745893,1,"Geno_at_37"
"Gm42690","ENSMUSG00000106391.1",0.221827138,0.233596647,1.91691766,0.0649643533,1,"Geno_at_37"
"Gm3362","ENSMUSG00000085442.1",-0.221781067,1.00446954,-2.25084883,0.031998243,1,"Geno_at_37"
"Igha","ENSMUSG00000095079.6",-0.221752853,3.8191658,-2.98312494,0.00567313033,1,"Geno_at_37"
"Gm16073","ENSMUSG00000079915.2",-0.221694563,-0.448853542,-2.14419405,0.0403691157,1,"Geno_at_37"
"Gm11706","ENSMUSG00000084930.1",-0.221688061,-0.0963337712,-1.7346313,0.0932287066,1,"Geno_at_37"
"Muc2","ENSMUSG00000025515.15",-0.22153088,0.761747781,-1.0158444,0.321513179,1,"Geno_at_37"
"Rab31","ENSMUSG00000056515.9",0.221478651,1.35390904,2.20594437,0.0353113094,1,"Geno_at_37"
"Brdt","ENSMUSG00000029279.15",-0.221444856,1.42420735,-1.89695995,0.0676465601,1,"Geno_at_37"
"H2-Q7","ENSMUSG00000060550.16",0.22136842,5.57973418,1.25178378,0.228404132,1,"Geno_at_37"
"3110045C21Rik","ENSMUSG00000097503.2",0.221362086,1.0606614,2.18473953,0.0369802699,1,"Geno_at_37"
"2310034G01Rik","ENSMUSG00000099655.2",0.221314861,-0.479826476,1.75079177,0.0903596829,1,"Geno_at_37"
"Gm22485","ENSMUSG00000088615.1",0.221184514,-0.547471704,1.89862138,0.0674196744,1,"Geno_at_37"
"Gm49522","ENSMUSG00000116321.1",-0.221149211,-0.463149388,-1.77311803,0.0865191667,1,"Geno_at_37"
"Gm5176","ENSMUSG00000111997.1",-0.221145724,-0.292046303,-1.70367466,0.0989392858,1,"Geno_at_37"
"Pdia2","ENSMUSG00000024184.15",0.221080922,1.15454873,1.77051511,0.0869596632,1,"Geno_at_37"
"Gm15884","ENSMUSG00000087327.1",-0.221031927,-0.347771649,-1.57604469,0.125663586,1,"Geno_at_37"
"Apol10b","ENSMUSG00000050014.8",-0.220998903,-0.14422725,-1.98953588,0.055968829,1,"Geno_at_37"
"Gm47689","ENSMUSG00000112459.1",0.220991738,-0.449845274,1.58296987,0.124199694,1,"Geno_at_37"
"Dio3os","ENSMUSG00000113581.1",-0.220983798,0.906435603,-1.94100039,0.0618509721,1,"Geno_at_37"
"Gm37242","ENSMUSG00000103630.1",0.220562712,-0.636076702,2.08486596,0.0458266989,1,"Geno_at_37"
"Gm41115","ENSMUSG00000114785.1",0.220432732,-0.641294928,1.9331494,0.062851375,1,"Geno_at_37"
"Klf5","ENSMUSG00000005148.8",0.220370348,0.802231987,1.98267566,0.0567693661,1,"Geno_at_37"
"Gm12474","ENSMUSG00000053957.5",-0.220341835,0.103564074,-1.58097161,0.124531692,1,"Geno_at_37"
"Ncam1","ENSMUSG00000039542.16",0.220338771,-0.658309316,2.18907099,0.0366337239,1,"Geno_at_37"
"Gm48632","ENSMUSG00000113200.1",0.220252937,0.271637852,1.60488729,0.119155615,1,"Geno_at_37"
"Snord37","ENSMUSG00000064441.1",0.219685641,-0.623678944,2.35455308,0.0253928727,1,"Geno_at_37"
"Gm23639","ENSMUSG00000092819.1",-0.219359463,-0.0490415498,-1.70367235,0.0989397225,1,"Geno_at_37"
"Zfp109","ENSMUSG00000074283.5",0.219357081,1.73556145,1.95836525,0.0596873629,1,"Geno_at_37"
"Gm14137","ENSMUSG00000055926.3",-0.219316546,1.08649796,-1.71489736,0.0968359763,1,"Geno_at_37"
"Bcl11a","ENSMUSG00000000861.15",0.219267036,-0.141398651,1.8045208,0.0813525067,1,"Geno_at_37"
"Tubb4b-ps2","ENSMUSG00000099997.1",-0.219265067,0.147248091,-1.98848711,0.0560905693,1,"Geno_at_37"
"Gm16599","ENSMUSG00000086220.1",-0.219046445,-0.509227672,-1.96810763,0.0585026236,1,"Geno_at_37"
"Gm43857","ENSMUSG00000104548.1",-0.218912717,1.55162753,-1.82221293,0.0785592511,1,"Geno_at_37"
"Gm24336","ENSMUSG00000077391.1",-0.218892217,-0.592788803,-2.07190423,0.047102671,1,"Geno_at_37"
"Sfxn4","ENSMUSG00000063698.9",-0.218776606,0.93315444,-2.01420223,0.0531715473,1,"Geno_at_37"
"Frs3","ENSMUSG00000023266.11",-0.218706451,0.865115702,-1.70227355,0.0992045485,1,"Geno_at_37"
"Gm48876","ENSMUSG00000114869.1",-0.218587183,0.80473548,-1.87449322,0.0707800366,1,"Geno_at_37"
"Gm44104","ENSMUSG00000107583.1",-0.218511847,-0.561991594,-1.9811341,0.0569506266,1,"Geno_at_37"
"Tpi-rs10","ENSMUSG00000117627.1",-0.218459237,0.152987483,-1.74261016,0.0918027259,1,"Geno_at_37"
"9530056K15Rik","ENSMUSG00000045345.6",-0.218444219,-0.513470242,-2.08013592,0.046288741,1,"Geno_at_37"
"Havcr2","ENSMUSG00000020399.14",0.218385243,2.24723251,1.69824137,0.101097163,1,"Geno_at_37"
"Gprc5a","ENSMUSG00000046733.7",0.218264123,1.69647738,1.84991463,0.074350598,1,"Geno_at_37"
"Gm15801","ENSMUSG00000096592.1",0.217902824,0.746866762,1.74720291,0.0909902945,1,"Geno_at_37"
"4933406C10Rik","ENSMUSG00000097494.7",-0.21789921,-0.584728433,-1.90516533,0.0665324187,1,"Geno_at_37"
"Gm21817","ENSMUSG00000095651.1",0.217735917,-0.393219388,1.92373876,0.0640690195,1,"Geno_at_37"
"H4c12","ENSMUSG00000064288.4",-0.217697317,-0.0727452171,-1.816593,0.07943751,1,"Geno_at_37"
"Gm37125","ENSMUSG00000104351.1",0.21767003,-0.117710829,1.81414853,0.0798221327,1,"Geno_at_37"
"Gm22154","ENSMUSG00000065778.1",-0.217571205,-0.372948965,-1.99455993,0.0553888446,1,"Geno_at_37"
"Gm37569","ENSMUSG00000102556.1",0.21752988,-0.278104239,2.03785556,0.0506052181,1,"Geno_at_37"
"Nbea","ENSMUSG00000027799.12",-0.217455799,0.106604219,-1.69332133,0.100913527,1,"Geno_at_37"
"Gm27326","ENSMUSG00000098813.1",-0.217345609,1.51053268,-1.88272913,0.069617118,1,"Geno_at_37"
"Msrb2","ENSMUSG00000023094.14",-0.21712141,2.64817005,-2.90991386,0.00680696989,1,"Geno_at_37"
"Gm48114","ENSMUSG00000110928.1",0.217071667,0.506140789,1.5518636,0.131341597,1,"Geno_at_37"
"Ccdc125","ENSMUSG00000048924.14",-0.217025574,3.56587372,-2.10824516,0.0457625277,1,"Geno_at_37"
"Mgll","ENSMUSG00000033174.17",0.217013022,0.239384266,1.84738828,0.0747262287,1,"Geno_at_37"
"Gm47552","ENSMUSG00000112705.1",-0.216991354,-0.535110854,-1.92843511,0.0634588219,1,"Geno_at_37"
"Slc27a3","ENSMUSG00000027932.14",0.216950285,1.51357619,2.03264179,0.0511613397,1,"Geno_at_37"
"Tsga10","ENSMUSG00000060771.15",0.216949113,1.13356447,2.10799333,0.0436258736,1,"Geno_at_37"
"1700123M08Rik","ENSMUSG00000085614.1",0.216924628,0.971168007,1.82702969,0.0778131317,1,"Geno_at_37"
"Serpini1","ENSMUSG00000027834.15",0.216922071,0.690408014,1.92723459,0.0636143241,1,"Geno_at_37"
"Gm7514","ENSMUSG00000110355.1",-0.216828938,0.757341479,-1.89523086,0.0678833869,1,"Geno_at_37"
"Crispld2","ENSMUSG00000031825.16",-0.216781747,2.73432984,-1.88625593,0.0702285032,1,"Geno_at_37"
"Gm15879","ENSMUSG00000084790.1",-0.216638089,0.910794463,-1.95444863,0.0601695146,1,"Geno_at_37"
"Slc22a21","ENSMUSG00000063652.10",-0.216517538,0.940016016,-1.84150641,0.0756070926,1,"Geno_at_37"
"Gm45155","ENSMUSG00000108980.1",0.216452047,1.00045906,1.61867527,0.116144033,1,"Geno_at_37"
"Gm10734","ENSMUSG00000114255.1",-0.216381487,-0.592568914,-2.08352625,0.045957149,1,"Geno_at_37"
"Creb3l1","ENSMUSG00000027230.9",0.216252187,0.625192029,1.72738262,0.0945403445,1,"Geno_at_37"
"Gm43028","ENSMUSG00000107257.1",-0.216136957,-0.61481047,-1.93025468,0.063223765,1,"Geno_at_37"
"Gm37570","ENSMUSG00000102559.1",0.21612853,0.549522499,1.73692508,0.0928168605,1,"Geno_at_37"
"Arhgef19","ENSMUSG00000028919.11",0.215910323,-0.356013691,1.56988217,0.12709119,1,"Geno_at_37"
"Gm37689","ENSMUSG00000104347.1",-0.215814009,-0.0953213028,-1.49604835,0.145247195,1,"Geno_at_37"
"AI115009","ENSMUSG00000097745.1",-0.215738412,-0.211695632,-1.86763264,0.071761506,1,"Geno_at_37"
"Try5","ENSMUSG00000036938.17",-0.215687206,0.604414057,-1.87066178,0.0713267232,1,"Geno_at_37"
"Serpinb8","ENSMUSG00000026315.13",0.215596824,-0.54643274,2.05565615,0.0487464541,1,"Geno_at_37"
"Ddx43","ENSMUSG00000070291.4",-0.215585564,2.67545475,-2.47151684,0.0194484876,1,"Geno_at_37"
"0610009E02Rik","ENSMUSG00000086714.1",0.215574363,-0.565448378,2.16126323,0.0389100555,1,"Geno_at_37"
"Mctp2","ENSMUSG00000032776.9",-0.215564073,0.57316357,-1.65591513,0.108323193,1,"Geno_at_37"
"Cldn34c1","ENSMUSG00000079450.11",0.215352871,0.86476608,1.75954321,0.0888374215,1,"Geno_at_37"
"Angpt2","ENSMUSG00000031465.6",0.215075632,0.545989277,1.72178995,0.0955629233,1,"Geno_at_37"
"Chrna9","ENSMUSG00000029205.12",-0.215067143,-0.480076725,-1.6304388,0.113624594,1,"Geno_at_37"
"Gm43920","ENSMUSG00000107534.1",0.214946385,-0.526542487,1.78917695,0.0838431956,1,"Geno_at_37"
"Gm49871","ENSMUSG00000117250.1",-0.214936195,-0.274348292,-1.92124066,0.0643956687,1,"Geno_at_37"
"Gm8879","ENSMUSG00000094025.7",0.214629884,-0.199357677,2.05428607,0.04888735,1,"Geno_at_37"
"Gm32031","ENSMUSG00000109118.1",-0.214574435,0.14944599,-1.63515062,0.112628218,1,"Geno_at_37"
"Gm17415","ENSMUSG00000090489.3",0.214486551,-0.387151341,1.69421601,0.10074163,1,"Geno_at_37"
"Alas2","ENSMUSG00000025270.13",0.214428434,0.126676535,1.526845,0.137434588,1,"Geno_at_37"
"Gsto2","ENSMUSG00000025069.15",0.214416492,-0.607126374,1.86576207,0.0720311328,1,"Geno_at_37"
"Gm7061","ENSMUSG00000082776.3",0.214374714,-0.611073431,2.00007924,0.0547577621,1,"Geno_at_37"
"Tmem144","ENSMUSG00000027956.11",0.214368869,0.98199947,1.77954936,0.0854389008,1,"Geno_at_37"
"Gm9772","ENSMUSG00000040775.6",0.214342039,-0.265730228,1.90731512,0.0662431558,1,"Geno_at_37"
"Nrap","ENSMUSG00000049134.15",-0.214204494,-0.0368058177,-1.63473176,0.112716498,1,"Geno_at_37"
"Cyp2r1","ENSMUSG00000030670.16",0.214115403,0.579397939,1.58220594,0.124249436,1,"Geno_at_37"
"A430035B10Rik","ENSMUSG00000087305.8",0.214075114,0.501537517,2.13539831,0.0411398466,1,"Geno_at_37"
"Plekha8","ENSMUSG00000005225.15",0.214060041,2.8659241,2.55220616,0.0161237268,1,"Geno_at_37"
"Gm43982","ENSMUSG00000108214.1",0.213987037,0.581748656,1.85668271,0.0733522702,1,"Geno_at_37"
"Gm11960","ENSMUSG00000081974.3",-0.213781593,0.90738455,-1.73038911,0.0939944482,1,"Geno_at_37"
"5330406M23Rik","ENSMUSG00000104030.1",-0.213766714,0.276176757,-1.75896422,0.0889374575,1,"Geno_at_37"
"Gm37486","ENSMUSG00000104126.1",0.213766094,3.27477539,2.79809341,0.00895915383,1,"Geno_at_37"
"Gm43339","ENSMUSG00000105382.1",0.213648539,0.770815726,1.46059689,0.154679134,1,"Geno_at_37"
"Col7a1","ENSMUSG00000025650.13",0.213645771,1.22960096,1.73849134,0.0925365238,1,"Geno_at_37"
"Sema3f","ENSMUSG00000034684.12",0.213505954,-0.0979003067,1.75482671,0.0896551094,1,"Geno_at_37"
"Gm23094","ENSMUSG00000088176.1",0.213451731,-0.592354248,2.00450241,0.0542565717,1,"Geno_at_37"
"Gm26461","ENSMUSG00000092805.2",0.21344766,-0.402340999,1.83481533,0.0766199585,1,"Geno_at_37"
"Mettl7a1","ENSMUSG00000054619.7",-0.213262619,0.476053877,-1.50902242,0.141913315,1,"Geno_at_37"
"Gm7108","ENSMUSG00000083253.1",-0.21325816,-0.442410148,-1.55883489,0.129683588,1,"Geno_at_37"
"Zfp2","ENSMUSG00000049321.17",0.213255213,0.381194595,1.39117932,0.174558846,1,"Geno_at_37"
"Gm4013","ENSMUSG00000117662.1",0.213252504,0.076659328,1.95441355,0.0601738485,1,"Geno_at_37"
"Gm17046","ENSMUSG00000091613.1",-0.213068703,-0.303826622,-1.51622771,0.14008866,1,"Geno_at_37"
"Traj9","ENSMUSG00000076919.1",0.213041956,0.177295608,1.88276435,0.069612181,1,"Geno_at_37"
"Plekha4","ENSMUSG00000040428.19",0.212936736,0.192910897,1.79810175,0.0823866958,1,"Geno_at_37"
"Gm45353","ENSMUSG00000109957.1",-0.212846941,-0.543133428,-1.72507244,0.0949616213,1,"Geno_at_37"
"Gm11830","ENSMUSG00000081490.1",0.212770875,-0.33603601,1.6893173,0.10168584,1,"Geno_at_37"
"Gm15549","ENSMUSG00000081745.1",0.212662702,-0.149340194,1.60526657,0.119071921,1,"Geno_at_37"
"Gm37463","ENSMUSG00000102427.1",0.212566255,-0.264507003,1.60785961,0.118501014,1,"Geno_at_37"
"H2ac6","ENSMUSG00000069270.6",0.212538343,-0.452520278,1.94932901,0.0608048765,1,"Geno_at_37"
"Trav6d-3","ENSMUSG00000096600.5",0.212478745,-0.627827914,2.00631277,0.0540526021,1,"Geno_at_37"
"1700058P15Rik","ENSMUSG00000089636.1",-0.212461689,1.50406464,-1.78356952,0.0847694754,1,"Geno_at_37"
"Gm8752","ENSMUSG00000092278.1",-0.212450299,-0.298803046,-1.64041171,0.111524256,1,"Geno_at_37"
"Chtf8","ENSMUSG00000046691.14",0.212304339,0.857361934,1.86119017,0.072693807,1,"Geno_at_37"
"Gm19026","ENSMUSG00000103845.1",-0.212296356,-0.405570249,-1.05772488,0.302579467,1,"Geno_at_37"
"Batf3","ENSMUSG00000026630.9",0.212115492,2.8277906,1.15308813,0.264356767,1,"Geno_at_37"
"Prlr","ENSMUSG00000005268.20",-0.212021864,2.77140331,-2.20073022,0.0357153137,1,"Geno_at_37"
"Gm17816","ENSMUSG00000112297.1",0.212013695,2.06232735,2.18949737,0.0365997685,1,"Geno_at_37"
"Gm15573","ENSMUSG00000080759.1",0.211947573,-0.473508429,1.78841127,0.083969166,1,"Geno_at_37"
"Gm43658","ENSMUSG00000106815.1",0.211891348,-0.0792652801,1.53670911,0.135005458,1,"Geno_at_37"
"Ccnd3-ps","ENSMUSG00000080708.1",0.211846673,0.0956508056,1.59444622,0.121478726,1,"Geno_at_37"
"Deptor","ENSMUSG00000022419.16",-0.211825464,1.28628599,-1.92371269,0.0640724214,1,"Geno_at_37"
"Bbof1","ENSMUSG00000057265.13",-0.211784618,0.200455891,-1.59988493,0.120264022,1,"Geno_at_37"
"Gm20033","ENSMUSG00000097640.7",-0.21176988,1.09453066,-1.77092069,0.0868909008,1,"Geno_at_37"
"Gm11719","ENSMUSG00000081995.1",0.211414982,-0.507697913,1.55736162,0.130039053,1,"Geno_at_37"
"Gm10851","ENSMUSG00000102329.1",0.211384633,-0.190374415,1.67170962,0.105141009,1,"Geno_at_37"
"Far1os","ENSMUSG00000084984.8",0.21137654,1.8082278,2.32484628,0.0271456509,1,"Geno_at_37"
"Gm19967","ENSMUSG00000093858.1",0.21129748,0.0558396889,1.61801223,0.116287402,1,"Geno_at_37"
"Ppp1r14c","ENSMUSG00000040653.6",-0.211033121,1.29028675,-1.58687809,0.123185791,1,"Geno_at_37"
"Lhx6","ENSMUSG00000026890.19",-0.211032844,5.35616921,-1.5653264,0.136645693,1,"Geno_at_37"
"Csf2rb","ENSMUSG00000071713.6",-0.211022759,-0.234985094,-1.64465194,0.110641053,1,"Geno_at_37"
"Gm5829","ENSMUSG00000101834.1",-0.211001141,-0.636760475,-2.36468111,0.0248192298,1,"Geno_at_37"
"Gm31532","ENSMUSG00000107430.1",-0.21090572,-0.546918853,-1.92411336,0.0640201611,1,"Geno_at_37"
"4930555A03Rik","ENSMUSG00000106157.1",-0.210874349,-0.631193456,-1.7583666,0.0890408137,1,"Geno_at_37"
"Ntn4","ENSMUSG00000020019.4",0.210859588,0.430134606,1.36981473,0.181065552,1,"Geno_at_37"
"Alpk2","ENSMUSG00000032845.16",-0.210794248,1.7449109,-1.67637618,0.104215874,1,"Geno_at_37"
"Ifng","ENSMUSG00000055170.4",-0.210781575,1.82035251,-1.07298217,0.296515887,1,"Geno_at_37"
"Hrh2","ENSMUSG00000034987.4",-0.210698577,0.961488057,-1.54621818,0.132696894,1,"Geno_at_37"
"Gm6465","ENSMUSG00000094036.1",-0.210688982,-0.500550521,-1.91105407,0.0657426584,1,"Geno_at_37"
"Gm11642","ENSMUSG00000086794.1",-0.210593063,-0.622628575,-2.24799917,0.0321998678,1,"Geno_at_37"
"Gm44282","ENSMUSG00000107628.1",0.21048628,-0.0630629669,1.55725444,0.130057967,1,"Geno_at_37"
"Hcrt","ENSMUSG00000045471.4",0.210322646,-0.461722272,2.0605189,0.048249269,1,"Geno_at_37"
"Gm44559","ENSMUSG00000108943.1",-0.210244701,-0.20121183,-1.53290022,0.135939268,1,"Geno_at_37"
"Fam178b","ENSMUSG00000046337.17",-0.210205582,-0.538233812,-1.83369945,0.0767900017,1,"Geno_at_37"
"Mterf1b","ENSMUSG00000053178.5",-0.210124996,1.93413637,-1.95675661,0.0598849847,1,"Geno_at_37"
"Gm26348","ENSMUSG00000088153.1",0.210090258,-0.154972928,1.72862428,0.0943145702,1,"Geno_at_37"
"Crocc2","ENSMUSG00000084989.3",-0.210088537,-0.774336517,-2.10652628,0.0437626413,1,"Geno_at_37"
"M6pr-ps","ENSMUSG00000080832.4",-0.21002035,2.84241323,-2.51612889,0.0175395543,1,"Geno_at_37"
"Rpl10a-ps2","ENSMUSG00000061988.3",0.210009643,1.81279272,1.71446537,0.0969162361,1,"Geno_at_37"
"Six1","ENSMUSG00000051367.8",-0.209874877,1.64593452,-1.37870132,0.179883599,1,"Geno_at_37"
"Upk1b","ENSMUSG00000049436.5",-0.209850909,0.388389628,-1.52152483,0.138759368,1,"Geno_at_37"
"Gm37558","ENSMUSG00000103094.1",-0.209774973,0.388890329,-1.32149321,0.196596634,1,"Geno_at_37"
"Gm37065","ENSMUSG00000104413.1",-0.209772107,-0.612080848,-1.88554847,0.0692228315,1,"Geno_at_37"
"Gm11365","ENSMUSG00000086893.1",-0.209761713,-0.334417031,-1.62478728,0.114829299,1,"Geno_at_37"
"H19","ENSMUSG00000000031.16",-0.20975828,5.21911596,-1.45476178,0.164705484,1,"Geno_at_37"
"AI847159","ENSMUSG00000084826.7",-0.209754628,0.411225297,-1.70155982,0.0993399036,1,"Geno_at_37"
"Cib3","ENSMUSG00000074240.5",0.209714718,-0.119831229,1.37893584,0.17851758,1,"Geno_at_37"
"Gpr161","ENSMUSG00000040836.15",0.209603115,1.59325326,1.55483801,0.13073797,1,"Geno_at_37"
"Gm45084","ENSMUSG00000109045.1",0.209600885,0.79565606,1.16921526,0.253293969,1,"Geno_at_37"
"H2bc8","ENSMUSG00000058385.8",-0.209550481,0.206991143,-1.50574904,0.142748578,1,"Geno_at_37"
"4930412F12Rik","ENSMUSG00000110289.1",-0.209527508,1.28070246,-1.60925548,0.118194623,1,"Geno_at_37"
"Gm9442","ENSMUSG00000104241.1",-0.209478075,-0.43343395,-1.79295565,0.083223869,1,"Geno_at_37"
"Gm25193","ENSMUSG00000093409.1",-0.209249042,-0.58484777,-1.76890226,0.0872335611,1,"Geno_at_37"
"Lhfpl5","ENSMUSG00000062252.9",0.209239464,-0.174829416,1.71483388,0.0968477665,1,"Geno_at_37"
"3830408C21Rik","ENSMUSG00000071181.2",0.209236519,0.766652982,1.74220108,0.0918753855,1,"Geno_at_37"
"Gpr3","ENSMUSG00000049649.8",-0.209162928,-0.427865454,-1.85960197,0.0729252337,1,"Geno_at_37"
"Gm17552","ENSMUSG00000097233.1",-0.20912833,1.04542937,-1.43336315,0.162251914,1,"Geno_at_37"
"Gm8319","ENSMUSG00000108528.1",0.209055892,1.38749156,1.67234929,0.105013792,1,"Geno_at_37"
"Gm13868","ENSMUSG00000083306.1",0.208943059,-0.556426664,1.52660721,0.13768113,1,"Geno_at_37"
"C430049B03Rik","ENSMUSG00000087365.7",0.20890051,-0.558043362,2.18792297,0.0367252888,1,"Geno_at_37"
"Rwdd3","ENSMUSG00000028133.17",-0.208864252,0.792083226,-1.65282436,0.108955189,1,"Geno_at_37"
"Gm15590","ENSMUSG00000058542.3",0.208829593,-0.295972078,1.99153922,0.0557369263,1,"Geno_at_37"
"Gm15718","ENSMUSG00000085663.1",-0.208823528,-0.0319887873,-1.42258962,0.165327704,1,"Geno_at_37"
"Gm47643","ENSMUSG00000111421.1",0.208787652,-0.543568917,1.64575502,0.110412246,1,"Geno_at_37"
"Gm3081","ENSMUSG00000103624.1",-0.20865362,-0.0412809694,-1.77492546,0.0862144099,1,"Geno_at_37"
"Gm2237","ENSMUSG00000093979.8",0.208607086,1.1785276,1.96966407,0.0583152646,1,"Geno_at_37"
"Ajm1","ENSMUSG00000029419.8",-0.208532736,-0.0315294498,-1.50794992,0.142186546,1,"Geno_at_37"
"Trim71","ENSMUSG00000079259.2",0.208529995,-0.0460206523,1.22344839,0.232088899,1,"Geno_at_37"
"F530104D19Rik","ENSMUSG00000114235.1",0.208418121,0.459142407,1.5179025,0.139667268,1,"Geno_at_37"
"Gm11942","ENSMUSG00000094344.1",-0.20838285,1.27459046,-1.92463526,0.0639521454,1,"Geno_at_37"
"D930030I03Rik","ENSMUSG00000097576.2",0.208380955,1.06036745,1.38639388,0.176190744,1,"Geno_at_37"
"Gm43258","ENSMUSG00000105846.1",-0.208370722,-0.62560352,-1.75460358,0.0896939505,1,"Geno_at_37"
"Gm15454","ENSMUSG00000096712.1",-0.20824611,-0.411364145,-2.08186634,0.0461192332,1,"Geno_at_37"
"Traj7","ENSMUSG00000076921.1",0.208130041,0.302005235,1.48135958,0.149097492,1,"Geno_at_37"
"Gm11766","ENSMUSG00000086924.1",0.208112219,-0.197678926,1.77520719,0.0861669873,1,"Geno_at_37"
"Hspa1a","ENSMUSG00000091971.3",0.207863248,1.510729,1.5997121,0.120302468,1,"Geno_at_37"
"Gm5466","ENSMUSG00000083397.1",-0.207844668,0.243543588,-1.66751306,0.105978806,1,"Geno_at_37"
"Snord32a","ENSMUSG00000065219.1",-0.207653982,0.142810411,-1.605028,0.11912456,1,"Geno_at_37"
"Gm16399","ENSMUSG00000097790.1",-0.20764805,-0.127865559,-1.86165741,0.0726258427,1,"Geno_at_37"
"Gm37983","ENSMUSG00000102225.1",0.207543527,0.20473674,1.48879261,0.147138988,1,"Geno_at_37"
"6030442K20Rik","ENSMUSG00000097760.2",0.207493479,0.434982149,1.67075264,0.105331571,1,"Geno_at_37"
"4930451E10Rik","ENSMUSG00000069223.10",0.207440106,-0.307837389,1.4590664,0.155100433,1,"Geno_at_37"
"Gapdhs","ENSMUSG00000061099.12",0.207405679,1.09968954,1.52654521,0.137508966,1,"Geno_at_37"
"Pde8b","ENSMUSG00000021684.17",-0.207385113,-0.0788619896,-2.17702049,0.0376051239,1,"Geno_at_37"
"Zc3h6","ENSMUSG00000042851.17",-0.207325814,3.24750655,-3.40247741,0.00193619418,1,"Geno_at_37"
"Pde8a","ENSMUSG00000025584.17",0.207252354,2.77123365,2.27710265,0.0301935327,1,"Geno_at_37"
"Llph-ps1","ENSMUSG00000081459.3",-0.207191002,0.26945764,-1.70849025,0.0980321176,1,"Geno_at_37"
"Gm9316","ENSMUSG00000117262.1",-0.207183391,0.347564111,-1.71642808,0.0965520287,1,"Geno_at_37"
"Gm15663","ENSMUSG00000085282.8",-0.207156193,-0.616893048,-1.71649161,0.0965402592,1,"Geno_at_37"
"P2rx3","ENSMUSG00000027071.14",0.20708384,-0.310536582,1.83203627,0.0770440468,1,"Geno_at_37"
"Gm16534","ENSMUSG00000090157.7",-0.207047882,-0.58028551,-1.89746794,0.0675771186,1,"Geno_at_37"
"Arl10","ENSMUSG00000025870.10",0.207042303,1.3795298,1.98585167,0.0563975124,1,"Geno_at_37"
"Erbb2","ENSMUSG00000062312.5",0.206980031,-0.613323724,1.79813171,0.0823818429,1,"Geno_at_37"
"Baiap3","ENSMUSG00000047507.12",-0.206967751,-0.0434242763,-1.60437845,0.119267977,1,"Geno_at_37"
"Mt2","ENSMUSG00000031762.7",-0.206865855,3.16252225,-2.85509015,0.00779275725,1,"Geno_at_37"
"Prr29","ENSMUSG00000009210.10",0.20671959,0.249474215,1.57747353,0.125334466,1,"Geno_at_37"
"Zc4h2","ENSMUSG00000035062.13",-0.206675413,1.48494486,-1.77435273,0.086310881,1,"Geno_at_37"
"Gm16421","ENSMUSG00000082840.1",0.206559211,-0.229908,1.83767641,0.0761854463,1,"Geno_at_37"
"Gm18519","ENSMUSG00000116633.1",0.206557351,-0.311913689,1.25160128,0.222094752,1,"Geno_at_37"
"0610009L18Rik","ENSMUSG00000043644.4",-0.206557117,-0.0419437744,-1.76336426,0.0881796142,1,"Geno_at_37"
"Gpr61","ENSMUSG00000046793.8",0.206538325,-0.752706643,1.97664643,0.0574811826,1,"Geno_at_37"
"Zfp982","ENSMUSG00000078496.9",0.206520018,-0.547064174,1.82631947,0.0779227625,1,"Geno_at_37"
"Gm24060","ENSMUSG00000088119.1",0.206400143,0.208222953,1.68547453,0.102431695,1,"Geno_at_37"
"Gbx1","ENSMUSG00000067724.5",-0.206336864,-0.585565036,-1.89791458,0.067516115,1,"Geno_at_37"
"Smim18","ENSMUSG00000094500.2",-0.206288625,-0.612991115,-1.69587875,0.100422817,1,"Geno_at_37"
"Efemp2","ENSMUSG00000024909.15",0.206285777,1.50276347,2.03751515,0.0506413643,1,"Geno_at_37"
"Pik3r3","ENSMUSG00000028698.13",-0.206232479,1.29848417,-1.70988735,0.0977702414,1,"Geno_at_37"
"Trav13-1","ENSMUSG00000076839.3",-0.206215423,1.55751022,-2.17191025,0.0380239748,1,"Geno_at_37"
"Brd8dc","ENSMUSG00000049357.11",-0.206133269,0.0572841428,-1.70521273,0.0986487802,1,"Geno_at_37"
"Actl10","ENSMUSG00000078129.3",0.206002221,-0.256556508,1.73647541,0.0928974779,1,"Geno_at_37"
"5033417F24Rik","ENSMUSG00000097251.2",0.205915272,0.180759819,1.70135083,0.0993795668,1,"Geno_at_37"
"Gm7102","ENSMUSG00000094649.1",0.205897991,-0.239321806,2.04829647,0.0495075335,1,"Geno_at_37"
"Tbc1d8","ENSMUSG00000003134.10",-0.20589125,1.40209533,-2.05477518,0.0488370095,1,"Geno_at_37"
"Gm38162","ENSMUSG00000102776.1",-0.205890587,0.614214487,-1.80790676,0.0808114617,1,"Geno_at_37"
"Gm48254","ENSMUSG00000114812.1",-0.205855855,-0.652941881,-1.97328541,0.0578813648,1,"Geno_at_37"
"Col1a2","ENSMUSG00000029661.16",-0.205779152,1.58156804,-1.25580093,0.221329686,1,"Geno_at_37"
"Gca","ENSMUSG00000026893.4",-0.20565978,0.0388103742,-1.63360817,0.112953589,1,"Geno_at_37"
"Gm15583","ENSMUSG00000080078.2",0.205337963,-0.573834616,1.92017956,0.0645348533,1,"Geno_at_37"
"A930019D19Rik","ENSMUSG00000085958.1",0.205243817,-0.552893989,1.66304208,0.106877505,1,"Geno_at_37"
"Gm43962","ENSMUSG00000107763.1",0.205174927,-0.297082562,1.61466482,0.117013447,1,"Geno_at_37"
"Flicr","ENSMUSG00000039545.16",0.205128243,3.28230639,3.04693775,0.00483312429,1,"Geno_at_37"
"1700066B19Rik","ENSMUSG00000073598.3",0.205011664,2.33557743,2.05117375,0.0492087492,1,"Geno_at_37"
"Pla2g3","ENSMUSG00000034579.17",-0.204947906,-0.372910435,-1.63059072,0.113592356,1,"Geno_at_37"
"Gm43290","ENSMUSG00000104641.1",-0.204892723,-0.038292671,-1.88648806,0.069091857,1,"Geno_at_37"
"Traj5","ENSMUSG00000076923.1",0.204834463,0.0789151773,1.60056171,0.120113568,1,"Geno_at_37"
"1700022N22Rik","ENSMUSG00000097523.2",0.204813029,0.0707022971,1.75063995,0.0903862849,1,"Geno_at_37"
"Gm20743","ENSMUSG00000104117.5",0.204687443,1.41718007,1.34613839,0.189438264,1,"Geno_at_37"
"Gm14858","ENSMUSG00000085568.7",-0.204628006,-0.369095661,-2.1291739,0.0416931526,1,"Geno_at_37"
"Cables1","ENSMUSG00000040957.15",0.204591185,1.17878036,1.47711559,0.150225076,1,"Geno_at_37"
"Ly96","ENSMUSG00000025779.10",0.204590299,1.36754711,1.83813251,0.0761163744,1,"Geno_at_37"
"Smim26","ENSMUSG00000074754.4",-0.204500638,2.21686576,-2.22044535,0.0342092092,1,"Geno_at_37"
"Etnk2","ENSMUSG00000070644.13",-0.204374123,-0.101958197,-1.54492833,0.133008141,1,"Geno_at_37"
"Gm44985","ENSMUSG00000108688.1",-0.204240234,-0.119091712,-1.60866046,0.118325149,1,"Geno_at_37"
"Mylk","ENSMUSG00000022836.11",0.204236277,-0.047777545,1.71581666,0.0966653622,1,"Geno_at_37"
"Gm25939","ENSMUSG00000093843.1",-0.204202038,-0.44374896,-1.45003048,0.157777357,1,"Geno_at_37"
"Gm44550","ENSMUSG00000109379.1",0.204146959,0.184286991,1.84652335,0.0748552046,1,"Geno_at_37"
"Appbp2os","ENSMUSG00000085628.4",0.204139483,0.354735277,1.74726041,0.090980162,1,"Geno_at_37"
"Mir6955","ENSMUSG00000099267.1",0.204000375,-0.352906384,1.74467721,0.0914363212,1,"Geno_at_37"
"Gm17072","ENSMUSG00000091998.2",0.203870709,-0.231650351,1.56102506,0.129166231,1,"Geno_at_37"
"Gm47234","ENSMUSG00000111030.1",-0.203695252,-0.0970773722,-1.65209005,0.109105789,1,"Geno_at_37"
"Gm49886","ENSMUSG00000117027.1",0.203691908,0.061598325,1.58412624,0.123811357,1,"Geno_at_37"
"Gm28513","ENSMUSG00000099568.1",0.203690228,-0.13313036,1.48953523,0.146944459,1,"Geno_at_37"
"Gm128","ENSMUSG00000068860.5",0.203474768,-0.170596263,2.01434672,0.0531555297,1,"Geno_at_37"
"Elmo3","ENSMUSG00000014791.10",0.203400028,2.75652856,2.68340133,0.0118189879,1,"Geno_at_37"
"Pilrb2","ENSMUSG00000066682.11",0.203354171,-0.427731161,1.45510965,0.156286502,1,"Geno_at_37"
"Lman1l","ENSMUSG00000056271.13",-0.20324896,-0.230663615,-1.76192146,0.0884275117,1,"Geno_at_37"
"6330408M09Rik","ENSMUSG00000116733.1",0.203173964,-0.359459336,1.66905764,0.105669803,1,"Geno_at_37"
"Gm7381","ENSMUSG00000074485.1",0.202887394,0.117069709,1.65420688,0.108672117,1,"Geno_at_37"
"Gm43481","ENSMUSG00000107000.1",0.202803689,2.10504779,2.56936471,0.015488073,1,"Geno_at_37"
"Ptger3","ENSMUSG00000040016.16",-0.202548229,-0.489069406,-1.66961512,0.105558459,1,"Geno_at_37"
"Trav8-1","ENSMUSG00000076831.3",0.202540259,1.22350641,1.84122245,0.0756498428,1,"Geno_at_37"
"Cspg5","ENSMUSG00000032482.9",0.202533553,0.407843489,1.61258323,0.117466823,1,"Geno_at_37"
"Ier5l","ENSMUSG00000089762.3",-0.202493431,2.84117311,-1.90800008,0.0666927303,1,"Geno_at_37"
"Gm3924","ENSMUSG00000116287.1",-0.202251597,-0.468548223,-1.90533521,0.0665095212,1,"Geno_at_37"
"Slc6a7","ENSMUSG00000052026.8",0.202047421,-0.505332268,1.83208295,0.0770369071,1,"Geno_at_37"
"Zfp111","ENSMUSG00000087598.9",0.202032864,0.198513187,1.50209666,0.143685224,1,"Geno_at_37"
"Gm25776","ENSMUSG00000080365.1",0.201954156,-0.224125578,1.65663386,0.108176668,1,"Geno_at_37"
"Gm16279","ENSMUSG00000084998.1",-0.201903019,1.54000757,-2.11730946,0.0427661845,1,"Geno_at_37"
"1700060J05Rik","ENSMUSG00000084970.1",-0.201872004,0.445870869,-1.79643291,0.0826573947,1,"Geno_at_37"
"Mkrn2os","ENSMUSG00000068011.4",0.201855588,0.210572839,1.65951655,0.107590631,1,"Geno_at_37"
"Mr1","ENSMUSG00000026471.14",-0.201839339,3.67208912,-2.2997913,0.0292905358,1,"Geno_at_37"
"Rab26","ENSMUSG00000079657.10",0.201681875,1.17154595,1.69511316,0.100569505,1,"Geno_at_37"
"Gm2245","ENSMUSG00000089647.2",0.201596008,0.0320112014,1.60282602,0.11961132,1,"Geno_at_37"
"Gm45407","ENSMUSG00000109873.1",0.201398334,-0.247193029,1.79972167,0.0821246548,1,"Geno_at_37"
"Gm34069","ENSMUSG00000111097.1",-0.201286817,-0.737151451,-1.75597329,0.0894557457,1,"Geno_at_37"
"Gpr137c","ENSMUSG00000049092.11",0.201271204,1.19183889,1.82225897,0.0785520907,1,"Geno_at_37"
"Cxcr1","ENSMUSG00000048480.5",-0.201136863,-0.808480743,-2.27415647,0.0303913749,1,"Geno_at_37"
"Acss1","ENSMUSG00000027452.11",0.201090676,2.057997,1.68664793,0.102203462,1,"Geno_at_37"
"Mir6924","ENSMUSG00000104996.1",-0.201072519,0.155922032,-1.63347121,0.112982518,1,"Geno_at_37"
"Tex15","ENSMUSG00000009628.14",0.201067779,3.44367698,2.09545045,0.0457763171,1,"Geno_at_37"
"Ldhb-ps","ENSMUSG00000045104.9",-0.201004437,0.358495774,-1.42337531,0.165101846,1,"Geno_at_37"
"Lgr5","ENSMUSG00000020140.15",-0.200946055,-0.621907592,-1.9117358,0.0656517559,1,"Geno_at_37"
"Olfr543","ENSMUSG00000044814.6",0.200923894,-0.00812326035,1.43753868,0.161072094,1,"Geno_at_37"
"Sdc2","ENSMUSG00000022261.6",0.200864252,-0.226226435,1.86961099,0.0714772888,1,"Geno_at_37"
"Gm49326","ENSMUSG00000113294.1",0.200802664,-0.369736851,1.48297275,0.148670675,1,"Geno_at_37"
"Gm15694","ENSMUSG00000081404.1",-0.200776268,-0.138672263,-1.75074312,0.0903682066,1,"Geno_at_37"
"Plcxd1","ENSMUSG00000064247.14",0.200706233,1.47288022,1.49593148,0.145277509,1,"Geno_at_37"
"Lyz2","ENSMUSG00000069516.8",-0.200562576,-0.542086642,-1.46025701,0.154957773,1,"Geno_at_37"
"Rhoj","ENSMUSG00000046768.13",-0.200521121,2.17574891,-1.19099397,0.247281472,1,"Geno_at_37"
"Gm37979","ENSMUSG00000103135.1",0.20046655,-0.0203300114,1.3204604,0.196873827,1,"Geno_at_37"
"Gm42874","ENSMUSG00000105259.1",0.200407518,-0.61499458,1.94988373,0.0607357529,1,"Geno_at_37"
"Gfra1","ENSMUSG00000025089.15",0.200358847,-0.62793804,2.29022274,0.029326541,1,"Geno_at_37"
"Tlcd4","ENSMUSG00000028132.15",0.200329079,-0.335719201,1.98336438,0.056688547,1,"Geno_at_37"
"Rps19-ps3","ENSMUSG00000080059.4",-0.200316857,1.64864392,-1.59604833,0.121119861,1,"Geno_at_37"
"Rwdd2a","ENSMUSG00000032417.10",-0.200306063,0.892027447,-1.60739556,0.118603017,1,"Geno_at_37"
"Maneal","ENSMUSG00000042763.9",0.200257203,0.0479977061,1.71900596,0.096075417,1,"Geno_at_37"
"BC147527","ENSMUSG00000094796.2",0.200223211,1.053388,1.68974535,0.101603041,1,"Geno_at_37"
"Nes","ENSMUSG00000004891.16",0.200055771,-0.252873571,1.88237742,0.0696664406,1,"Geno_at_37"
"Gpr21","ENSMUSG00000053164.6",-0.200039684,-0.371028941,-1.47351266,0.151187693,1,"Geno_at_37"
"Plk-ps1","ENSMUSG00000083907.2",0.199953039,1.18670136,1.45101607,0.157310422,1,"Geno_at_37"
"Gm28424","ENSMUSG00000101037.1",-0.19974206,-0.332859235,-1.50872631,0.141988711,1,"Geno_at_37"
"Emilin2","ENSMUSG00000024053.11",-0.199728315,0.533322354,-1.41558053,0.167353417,1,"Geno_at_37"
"Procr","ENSMUSG00000027611.12",-0.199689445,3.67920589,-2.29572663,0.0294864713,1,"Geno_at_37"
"Gm50103","ENSMUSG00000118049.1",0.199629927,0.395738257,1.59764877,0.120762239,1,"Geno_at_37"
"Tmem40","ENSMUSG00000059900.14",-0.199603587,1.2576735,-1.65334229,0.108849071,1,"Geno_at_37"
"Gpr82","ENSMUSG00000047678.1",0.199598893,-0.431500314,1.68741016,0.102055433,1,"Geno_at_37"
"Gm27003","ENSMUSG00000098024.1",0.199585578,1.27055535,1.4414226,0.159980797,1,"Geno_at_37"
"Spp1","ENSMUSG00000029304.14",-0.19944988,5.53262461,-2.12169863,0.0482908175,1,"Geno_at_37"
"Rdh1","ENSMUSG00000089789.1",-0.199432669,-0.0332261832,-1.60285171,0.119605633,1,"Geno_at_37"
"Prkg1","ENSMUSG00000052920.16",-0.199417382,-0.784654457,-1.75803397,0.0890983837,1,"Geno_at_37"
"Gm45486","ENSMUSG00000110240.1",0.199343005,-0.577828176,2.36289818,0.0249193503,1,"Geno_at_37"
"Prr15","ENSMUSG00000045725.5",-0.198830246,-0.271275473,-1.72879869,0.0942828928,1,"Geno_at_37"
"Septin5","ENSMUSG00000072214.7",-0.198691883,0.0686206231,-1.84164105,0.0755868296,1,"Geno_at_37"
"Gm42907","ENSMUSG00000106254.1",0.198677798,-0.229426338,1.46233309,0.154206083,1,"Geno_at_37"
"Gm37399","ENSMUSG00000104200.1",0.198658622,-0.362221751,1.60990244,0.118052839,1,"Geno_at_37"
"Hydin","ENSMUSG00000059854.8",0.198624746,-0.518058782,1.90828931,0.0661124328,1,"Geno_at_37"
"Omp","ENSMUSG00000074006.3",0.198617556,-0.642077455,1.82668464,0.0778663785,1,"Geno_at_37"
"Gm19261","ENSMUSG00000100529.1",-0.198613886,-0.0966400588,-1.67891379,0.10371566,1,"Geno_at_37"
"Fndc10","ENSMUSG00000074738.2",-0.198484858,3.57987163,-2.77286382,0.0095261446,1,"Geno_at_37"
"4930579K19Rik","ENSMUSG00000051074.4",-0.198472372,-0.203651288,-1.57372975,0.126198316,1,"Geno_at_37"
"Gm16573","ENSMUSG00000090038.7",-0.19841273,-0.636024499,-1.76756634,0.0874609846,1,"Geno_at_37"
"Gm5867","ENSMUSG00000043484.3",-0.198393804,0.314122815,-1.81897,0.0790650233,1,"Geno_at_37"
"Gm43393","ENSMUSG00000106170.1",-0.198285349,1.28822455,-2.12554105,0.0420191394,1,"Geno_at_37"
"Gm8991","ENSMUSG00000059179.6",-0.198259302,0.897190497,-1.69461804,0.100664469,1,"Geno_at_37"
"Gm8121","ENSMUSG00000051116.6",0.198241235,3.29910899,3.28751287,0.00261249221,1,"Geno_at_37"
"Gm45615","ENSMUSG00000110248.1",0.198195092,-0.187846818,1.6514357,0.109240136,1,"Geno_at_37"
"Gm12416","ENSMUSG00000083044.1",-0.198161458,0.29224144,-1.81721201,0.0793403644,1,"Geno_at_37"
"Rbm44","ENSMUSG00000070732.2",0.19805342,3.05958259,1.26161449,0.222852453,1,"Geno_at_37"
"Gm38357","ENSMUSG00000103313.1",0.197956702,2.88846514,2.11818137,0.042686501,1,"Geno_at_37"
"A430090L17Rik","ENSMUSG00000114213.1",-0.19769337,-0.119718943,-1.25664719,0.219277602,1,"Geno_at_37"
"Gm45290","ENSMUSG00000109709.1",0.197529522,-0.309264284,1.62661719,0.114438076,1,"Geno_at_37"
"Gm13864","ENSMUSG00000082920.1",-0.197479857,-0.507332835,-1.8456995,0.0749782329,1,"Geno_at_37"
"Gm24727","ENSMUSG00000088856.1",0.197385322,-0.477858279,1.72832461,0.0943690185,1,"Geno_at_37"
"Ms4a4a","ENSMUSG00000101389.1",-0.197346646,-0.809820065,-1.99149011,0.0557426003,1,"Geno_at_37"
"Gm16288","ENSMUSG00000085099.1",-0.197166698,-0.620711684,-1.72349599,0.0952500049,1,"Geno_at_37"
"Gm48357","ENSMUSG00000114524.1",-0.196826511,0.775983016,-1.4753885,0.150685899,1,"Geno_at_37"
"Trav19","ENSMUSG00000076862.5",-0.196779987,0.670746681,-1.48563445,0.14796858,1,"Geno_at_37"
"Irgc1","ENSMUSG00000062028.8",0.196778075,-0.30439474,1.79825474,0.0823619181,1,"Geno_at_37"
"Gm37780","ENSMUSG00000102691.1",0.196776167,0.0646362752,1.62574909,0.114623532,1,"Geno_at_37"
"Cplane2","ENSMUSG00000073733.4",0.19677081,0.59394627,1.19451118,0.242305302,1,"Geno_at_37"
"Slc41a3","ENSMUSG00000030089.15",0.196750969,1.35581491,1.56557948,0.128095792,1,"Geno_at_37"
"Daglb","ENSMUSG00000039206.13",0.19667696,2.78881245,2.62964667,0.0134341825,1,"Geno_at_37"
"Ifi211","ENSMUSG00000026536.9",0.196591378,-0.0351968778,1.12979165,0.269028006,1,"Geno_at_37"
"Gm26616","ENSMUSG00000102425.1",0.196576438,0.0745496311,1.83281688,0.0769247214,1,"Geno_at_37"
"Ak5","ENSMUSG00000039058.11",-0.196456975,2.45285951,-1.59638086,0.122223351,1,"Geno_at_37"
"Hif3a","ENSMUSG00000004328.15",-0.196455057,1.884188,-1.58617515,0.123345339,1,"Geno_at_37"
"Gm36198","ENSMUSG00000110915.1",0.196376508,-0.484188374,1.80228033,0.0817122097,1,"Geno_at_37"
"Jdp2","ENSMUSG00000034271.16",-0.196350877,1.44879026,-1.89499438,0.0679158321,1,"Geno_at_37"
"Gm15564","ENSMUSG00000086324.8",-0.196310108,3.15440028,-1.28698216,0.214011659,1,"Geno_at_37"
"Gm6161","ENSMUSG00000081441.3",0.196223059,-0.421481349,1.99100888,0.0557982347,1,"Geno_at_37"
"Nmnat3","ENSMUSG00000032456.13",-0.196206854,3.04423856,-2.39983837,0.022918343,1,"Geno_at_37"
"1500009L16Rik","ENSMUSG00000087651.3",-0.196173599,0.405616028,-1.28524296,0.208690967,1,"Geno_at_37"
"Gm41077","ENSMUSG00000114369.1",0.196170408,1.00613558,1.40034222,0.171825073,1,"Geno_at_37"
"Gm11953","ENSMUSG00000082816.1",-0.195963186,-0.669048512,-2.06341555,0.0479552384,1,"Geno_at_37"
"Gm13394","ENSMUSG00000083773.4",0.195960066,1.09153649,1.60684027,0.118725172,1,"Geno_at_37"
"Gm16565","ENSMUSG00000089829.2",0.195832039,-0.306503897,1.55079669,0.131596861,1,"Geno_at_37"
"Gm45745","ENSMUSG00000109684.1",-0.195775379,0.44441232,-1.45739941,0.15555336,1,"Geno_at_37"
"Ube2ql1","ENSMUSG00000052981.6",-0.195602604,0.412422949,-1.17062897,0.251681771,1,"Geno_at_37"
"Gm12987","ENSMUSG00000082711.1",0.195566359,0.368162432,1.5836291,0.123924648,1,"Geno_at_37"
"Cecr2","ENSMUSG00000071226.11",0.195562899,-0.253599195,1.46253598,0.154150879,1,"Geno_at_37"
"Gm22661","ENSMUSG00000077380.1",0.19549307,-0.66688762,1.95896701,0.059613584,1,"Geno_at_37"
"BC023105","ENSMUSG00000063388.5",0.195392492,0.993670572,0.991697875,0.332105077,1,"Geno_at_37"
"Gm43403","ENSMUSG00000105676.1",-0.195113903,-0.61051845,-1.93808283,0.0622211104,1,"Geno_at_37"
"Gm12353","ENSMUSG00000078772.2",0.195057645,-0.378493936,1.74393824,0.0915671679,1,"Geno_at_37"
"Eif4a3l1","ENSMUSG00000094973.2",0.194893754,-0.224365451,1.56417941,0.128424081,1,"Geno_at_37"
"Gm33682","ENSMUSG00000112971.1",-0.194767559,0.277447321,-1.41782719,0.16670198,1,"Geno_at_37"
"BC048644","ENSMUSG00000074052.7",0.194753328,-0.311017693,1.61273895,0.117432855,1,"Geno_at_37"
"Hacd4","ENSMUSG00000028497.12",0.194650472,-0.246725896,1.48418339,0.148351005,1,"Geno_at_37"
"Gm2420","ENSMUSG00000082305.4",-0.194626408,-0.235419945,-1.62347372,0.115110811,1,"Geno_at_37"
"A430019L02Rik","ENSMUSG00000117429.1",-0.194536673,-0.324547775,-1.39440383,0.173592937,1,"Geno_at_37"
"Irf6","ENSMUSG00000026638.15",0.194442953,2.96947967,2.15357343,0.0395614461,1,"Geno_at_37"
"Gm49373","ENSMUSG00000111692.1",0.194409814,-0.611844245,1.68647261,0.102237536,1,"Geno_at_37"
"Chrna2","ENSMUSG00000022041.10",0.194154461,0.219370444,1.59762858,0.120766746,1,"Geno_at_37"
"Gm43305","ENSMUSG00000105703.2",-0.194129892,5.9573106,-0.398329413,0.695585898,1,"Geno_at_37"
"Hspe1-ps1","ENSMUSG00000113674.1",0.194011924,1.00276784,1.65473923,0.10856328,1,"Geno_at_37"
"Sned1","ENSMUSG00000047793.13",0.193939109,1.21268537,1.6148705,0.116968727,1,"Geno_at_37"
"Ppp1r18os","ENSMUSG00000087443.1",-0.193936065,-0.442085351,-1.6335534,0.112965158,1,"Geno_at_37"
"Gm18968","ENSMUSG00000114086.1",0.193899656,-0.562139865,1.84518574,0.0750550417,1,"Geno_at_37"
"Gm36936","ENSMUSG00000102411.1",0.193894687,0.461398324,1.32246312,0.196159915,1,"Geno_at_37"
"Gm43061","ENSMUSG00000104925.1",-0.19388742,0.00625460876,-1.42622594,0.164284434,1,"Geno_at_37"
"Cacna1c","ENSMUSG00000051331.16",0.193836116,1.79078352,1.78378975,0.0847329323,1,"Geno_at_37"
"Gm15506","ENSMUSG00000086477.3",0.193773291,1.04935201,1.36736724,0.181822883,1,"Geno_at_37"
"Gm38218","ENSMUSG00000103553.1",-0.19372287,-0.352832051,-1.61350907,0.117264994,1,"Geno_at_37"
"Kdm4d","ENSMUSG00000053914.9",-0.193687264,0.0486951843,-1.59975729,0.120292414,1,"Geno_at_37"
"Gm8261","ENSMUSG00000081718.1",-0.193634183,0.700782911,-1.47535684,0.150694357,1,"Geno_at_37"
"Scn1b","ENSMUSG00000019194.15",-0.193598658,1.8041712,-1.33771816,0.192521814,1,"Geno_at_37"
"Gm9836","ENSMUSG00000081071.1",-0.19333989,-0.181787465,-1.74351287,0.0916425582,1,"Geno_at_37"
"Zfp951","ENSMUSG00000072774.10",-0.193170444,2.99990435,-2.65486499,0.0126524474,1,"Geno_at_37"
"Gm18301","ENSMUSG00000099569.1",0.193144351,0.307634248,1.49025463,0.14675621,1,"Geno_at_37"
"Spo11","ENSMUSG00000005883.15",-0.193141904,0.350783514,-1.47642669,0.150408753,1,"Geno_at_37"
"Gm13556","ENSMUSG00000087294.2",-0.193130419,-0.450730641,-1.51444664,0.140537922,1,"Geno_at_37"
"Gm4859","ENSMUSG00000105077.1",-0.193051112,-0.501129918,-1.60129621,0.119950458,1,"Geno_at_37"
"Gm16062","ENSMUSG00000087249.1",0.192979501,0.35034555,1.35772542,0.184830426,1,"Geno_at_37"
"BC051019","ENSMUSG00000031022.15",0.192974113,-0.591486411,1.74731861,0.0909699069,1,"Geno_at_37"
"mt-Te","ENSMUSG00000064369.1",-0.192865201,0.762464246,-1.59936684,0.120379301,1,"Geno_at_37"
"Rps8-ps1","ENSMUSG00000071303.4",-0.19285796,-0.539811715,-1.98024655,0.057055217,1,"Geno_at_37"
"Gm45828","ENSMUSG00000108526.1",0.192855521,-0.201235742,1.46517037,0.153435519,1,"Geno_at_37"
"Gm49700","ENSMUSG00000116883.1",0.192766654,0.0149217519,1.4638855,0.153784088,1,"Geno_at_37"
"H2-Q6","ENSMUSG00000073409.12",0.19272383,3.96834019,1.00048922,0.33167401,1,"Geno_at_37"
"Gm39929","ENSMUSG00000109931.1",0.192708826,0.128061521,1.3730387,0.180071713,1,"Geno_at_37"
"Abi3bp","ENSMUSG00000035258.15",-0.192695821,2.36787589,-2.00114241,0.054636925,1,"Geno_at_37"
"Cd59a","ENSMUSG00000032679.12",0.192617834,-0.6076943,1.72105905,0.0956972489,1,"Geno_at_37"
"Tmem37","ENSMUSG00000050777.7",-0.192579701,-0.589698086,-1.60706602,0.118675499,1,"Geno_at_37"
"E330020D12Rik","ENSMUSG00000073538.10",0.192571459,2.54505735,1.81740538,0.0793100378,1,"Geno_at_37"
"C2","ENSMUSG00000024371.14",-0.192527884,0.310361711,-1.64820875,0.109904686,1,"Geno_at_37"
"Lif","ENSMUSG00000034394.14",0.192309936,5.18860711,0.860377174,0.402128501,1,"Geno_at_37"
"6720464F23Rik","ENSMUSG00000103432.1",0.192301523,0.733677225,1.61397494,0.117163543,1,"Geno_at_37"
"8430406P12Rik","ENSMUSG00000113432.1",-0.192300291,0.642970016,-1.34476407,0.188934218,1,"Geno_at_37"
"Cdh2","ENSMUSG00000024304.14",-0.192299312,-0.396548142,-1.71610526,0.0966118542,1,"Geno_at_37"
"Snta1","ENSMUSG00000027488.12",-0.192296935,-0.376444481,-1.73393133,0.0933546919,1,"Geno_at_37"
"Gm12929","ENSMUSG00000084099.1",-0.192262282,0.0797569978,-1.59259436,0.121894624,1,"Geno_at_37"
"Gm9570","ENSMUSG00000114558.1",-0.192235015,0.403723491,-1.42333756,0.165112691,1,"Geno_at_37"
"Nat8f4","ENSMUSG00000068299.11",0.192037752,2.49263326,1.82023602,0.0788672436,1,"Geno_at_37"
"Mss51","ENSMUSG00000021815.4",-0.191681664,2.55842919,-2.25313343,0.0318374213,1,"Geno_at_37"
"Gm45456","ENSMUSG00000109875.1",-0.191513099,0.570199022,-1.64799683,0.109948446,1,"Geno_at_37"
"Gm6386","ENSMUSG00000118036.1",0.191506678,-0.578522127,1.80367844,0.0814875868,1,"Geno_at_37"
"Gm14410","ENSMUSG00000078870.9",-0.191391323,2.15770103,-1.93613186,0.0624696945,1,"Geno_at_37"
"Apobec1","ENSMUSG00000040613.14",0.191388158,1.08495929,1.45128067,0.157237276,1,"Geno_at_37"
"Il1r2","ENSMUSG00000026073.13",0.191372055,1.65674568,1.58221072,0.124248344,1,"Geno_at_37"
"Gm43488","ENSMUSG00000105063.1",-0.191313117,-0.0946482514,-1.46499116,0.153484097,1,"Geno_at_37"
"4632428C04Rik","ENSMUSG00000097184.2",0.19130482,-0.655796766,1.48757955,0.147457194,1,"Geno_at_37"
"Pde10a","ENSMUSG00000023868.17",0.191244499,-0.47465462,1.70213608,0.0992306067,1,"Geno_at_37"
"Gm7902","ENSMUSG00000106067.1",-0.191219945,-0.0938166886,-1.49781692,0.144789054,1,"Geno_at_37"
"Gm44044","ENSMUSG00000107690.1",-0.191174227,-0.593792414,-1.63896881,0.11182613,1,"Geno_at_37"
"4921507P07Rik","ENSMUSG00000029828.4",-0.191110978,0.353324694,-1.57784639,0.125248697,1,"Geno_at_37"
"Ret","ENSMUSG00000030110.13",0.191031318,3.97238206,2.39477881,0.0235639292,1,"Geno_at_37"
"mt-Tg","ENSMUSG00000064359.1",-0.19093036,-0.370318047,-1.70121465,0.0994054185,1,"Geno_at_37"
"Kbtbd8","ENSMUSG00000030031.14",0.190927124,3.54786678,3.1820198,0.00342849796,1,"Geno_at_37"
"Gm48889","ENSMUSG00000112955.1",0.190782786,-0.15033627,1.3406347,0.190256385,1,"Geno_at_37"
"AI839979","ENSMUSG00000107355.1",0.190741072,0.3290431,1.21868007,0.23260687,1,"Geno_at_37"
"Gm10642","ENSMUSG00000074213.3",-0.190646895,-0.25783997,-1.6720231,0.105078647,1,"Geno_at_37"
"AA386476","ENSMUSG00000074357.3",0.190538554,0.63712729,1.27697677,0.21155507,1,"Geno_at_37"
"Gm22422","ENSMUSG00000064994.1",-0.190486595,-0.716181113,-2.009838,0.0536573519,1,"Geno_at_37"
"Ankrd9","ENSMUSG00000037904.14",-0.190479756,2.44761906,-2.2870167,0.0295362966,1,"Geno_at_37"
"Cers3","ENSMUSG00000030510.11",0.190343029,-0.659898147,1.64925556,0.109688741,1,"Geno_at_37"
"Zpbp2","ENSMUSG00000017195.15",-0.190333332,1.20408105,-1.90866649,0.0660618803,1,"Geno_at_37"
"Epm2a","ENSMUSG00000055493.4",-0.190315801,0.888406654,-1.2367353,0.226097159,1,"Geno_at_37"
"Kifc3","ENSMUSG00000031788.14",0.190264559,2.39269285,1.72961342,0.0941350385,1,"Geno_at_37"
"Slc10a1","ENSMUSG00000021135.8",0.190203532,0.0560674493,1.63089925,0.113526906,1,"Geno_at_37"
"H3f3a-ps1","ENSMUSG00000082284.1",0.190185173,1.45091961,1.70678413,0.0983527169,1,"Geno_at_37"
"Gm48868","ENSMUSG00000112677.1",0.190171799,0.965409775,1.41160221,0.16851189,1,"Geno_at_37"
"Ppp1r1a","ENSMUSG00000022490.7",-0.19010841,-0.581188707,-1.91851239,0.0647540643,1,"Geno_at_37"
"Gm8416","ENSMUSG00000114533.1",0.190064181,1.08651395,1.68202808,0.103104513,1,"Geno_at_37"
"Gm29017","ENSMUSG00000101586.1",-0.189967587,0.224650495,-1.44363676,0.159361301,1,"Geno_at_37"
"Rflnb","ENSMUSG00000020846.6",-0.189879027,1.71295547,-1.68367306,0.10278292,1,"Geno_at_37"
"Gm12937","ENSMUSG00000082498.1",-0.189828164,-0.580778074,-1.70793781,0.098135832,1,"Geno_at_37"
"Gpm6b","ENSMUSG00000031342.17",-0.189819705,2.79686048,-1.98820456,0.0561234073,1,"Geno_at_37"
"6530409C15Rik","ENSMUSG00000043340.3",-0.189788337,1.75792312,-1.951831,0.0604936453,1,"Geno_at_37"
"Npsr1","ENSMUSG00000043659.11",0.189650473,0.551205801,1.57797646,0.125218787,1,"Geno_at_37"
"Gm29519","ENSMUSG00000101173.1",0.189647466,0.116531318,1.4866107,0.147711736,1,"Geno_at_37"
"Notch4","ENSMUSG00000015468.14",0.189601958,0.271853073,1.41104465,0.168674755,1,"Geno_at_37"
"B230303O12Rik","ENSMUSG00000106547.1",0.189574192,0.476345413,1.51378462,0.140705206,1,"Geno_at_37"
"Gm18335","ENSMUSG00000116561.1",0.189489919,-0.420801187,1.68633993,0.102263328,1,"Geno_at_37"
"Gm17893","ENSMUSG00000107491.1",-0.189351942,-0.34640249,-1.56895194,0.127307834,1,"Geno_at_37"
"Eno4","ENSMUSG00000048029.10",0.189270608,-0.741747323,1.85231432,0.0739953026,1,"Geno_at_37"
"Gm29596","ENSMUSG00000101400.1",0.189265144,-0.512364317,1.72461296,0.0950455993,1,"Geno_at_37"
"Klf1","ENSMUSG00000054191.9",-0.189259298,-0.431655963,-1.79938637,0.0821788349,1,"Geno_at_37"
"Afp","ENSMUSG00000054932.6",0.189255963,0.645754559,1.63508445,0.11264216,1,"Geno_at_37"
"4732465J04Rik","ENSMUSG00000101517.6",-0.189056243,-0.428322725,-1.58218746,0.124253657,1,"Geno_at_37"
"Gm43984","ENSMUSG00000108238.1",0.189046952,0.403436422,1.31823255,0.197554378,1,"Geno_at_37"
"Otx1","ENSMUSG00000005917.15",0.189046462,-0.629537664,1.89456738,0.0679744512,1,"Geno_at_37"
"Klhl10","ENSMUSG00000001558.5",0.188979864,-0.310926232,1.7111192,0.0975398267,1,"Geno_at_37"
"C230096K16Rik","ENSMUSG00000106205.1",0.188975712,0.795236678,1.69057717,0.1014423,1,"Geno_at_37"
"2310016D23Rik","ENSMUSG00000085965.1",-0.188872015,0.285058974,-1.61700124,0.116506291,1,"Geno_at_37"
"Pnldc1","ENSMUSG00000073460.5",-0.188846771,0.739725827,-1.46222338,0.154235941,1,"Geno_at_37"
"Gm42572","ENSMUSG00000107171.1",-0.188843708,1.36535053,-2.02047169,0.0524804242,1,"Geno_at_37"
"H2-T24","ENSMUSG00000053835.17",0.188723608,3.75040575,2.36503347,0.0248200491,1,"Geno_at_37"
"Gm47992","ENSMUSG00000112442.1",0.188618993,1.19456335,1.72261108,0.0954122061,1,"Geno_at_37"
"Zfp11","ENSMUSG00000051034.7",0.188569091,2.52905294,2.35930565,0.0251222059,1,"Geno_at_37"
"Gm9174","ENSMUSG00000058745.4",-0.188517433,0.148384687,-1.57655325,0.125546363,1,"Geno_at_37"
"Gpat2","ENSMUSG00000046338.4",-0.188473461,-0.239851541,-1.29068538,0.206920687,1,"Geno_at_37"
"Nudt12","ENSMUSG00000024228.12",0.188450654,-0.431799223,1.63351754,0.112972731,1,"Geno_at_37"
"Gm43850","ENSMUSG00000107161.1",0.188450542,0.339969564,1.54998974,0.131790198,1,"Geno_at_37"
"Angptl6","ENSMUSG00000038742.7",-0.188446301,0.946951218,-1.42620211,0.164291254,1,"Geno_at_37"
"Gm8935","ENSMUSG00000095661.1",0.188397839,-0.603825453,1.54454818,0.133099987,1,"Geno_at_37"
"Tgfb3","ENSMUSG00000021253.7",-0.188322692,1.22268797,-0.934171759,0.360940667,1,"Geno_at_37"
"Car15","ENSMUSG00000090236.3",-0.188285606,0.252978045,-1.38155398,0.177467234,1,"Geno_at_37"
"Gm22063","ENSMUSG00000064494.1",0.188272562,-0.459993816,1.43868958,0.160748102,1,"Geno_at_37"
"Gm15513","ENSMUSG00000086291.1",0.188262065,-0.83148691,2.0645526,0.0478402527,1,"Geno_at_37"
"Masp2","ENSMUSG00000028979.17",-0.188212669,-0.383607756,-1.60638467,0.118825472,1,"Geno_at_37"
"Gm45235","ENSMUSG00000108957.1",0.188124315,1.22688455,1.88410246,0.069424816,1,"Geno_at_37"
"Gm25848","ENSMUSG00000080440.1",0.188123077,-0.392917041,1.30158763,0.20346236,1,"Geno_at_37"
"Phpt1","ENSMUSG00000036504.6",-0.188082847,0.701042825,-1.58470027,0.123680651,1,"Geno_at_37"
"Pgf","ENSMUSG00000004791.7",-0.188073622,1.20039887,-1.4855605,0.14798805,1,"Geno_at_37"
"Cdc42bpa","ENSMUSG00000026490.18",0.188068928,2.75088475,2.8094918,0.00871351862,1,"Geno_at_37"
"Cym","ENSMUSG00000046213.9",-0.188057687,0.771568697,-1.68597607,0.102334089,1,"Geno_at_37"
"Gm42726","ENSMUSG00000107102.1",-0.187907405,0.542861036,-1.06567646,0.296315977,1,"Geno_at_37"
"4932438H23Rik","ENSMUSG00000039851.11",-0.187868186,1.62646509,-1.63934423,0.111747522,1,"Geno_at_37"
"Gm22362","ENSMUSG00000065036.1",-0.187867002,0.582024368,-1.73690834,0.0928198617,1,"Geno_at_37"
"Gm49344","ENSMUSG00000112881.1",0.187845947,-0.0936123013,1.81995527,0.0789110664,1,"Geno_at_37"
"Gm48646","ENSMUSG00000111069.1",0.187736047,-0.419406025,1.5514488,0.131440792,1,"Geno_at_37"
"Gm9725","ENSMUSG00000037982.16",0.187652888,-0.376730862,1.80392655,0.0814477803,1,"Geno_at_37"
"Dmd","ENSMUSG00000045103.19",0.187645791,1.92824597,1.85815714,0.0731363186,1,"Geno_at_37"
"Gm4432","ENSMUSG00000116414.2",-0.187600364,-0.26802211,-1.49473997,0.145586874,1,"Geno_at_37"
"Nr1h4","ENSMUSG00000047638.15",0.187509125,-0.631252537,1.49276366,0.146101174,1,"Geno_at_37"
"Rpsa-ps4","ENSMUSG00000081076.3",-0.187497465,0.121636582,-1.83976308,0.0758698778,1,"Geno_at_37"
"Cyp4f17","ENSMUSG00000091586.2",0.187481795,2.14776134,1.95670717,0.0598910668,1,"Geno_at_37"
"Gm15715","ENSMUSG00000083006.1",0.187450467,-0.657928819,1.41000376,0.169129046,1,"Geno_at_37"
"Tctn2","ENSMUSG00000029386.15",-0.187267846,0.43992892,-1.03968444,0.308180473,1,"Geno_at_37"
"Ift88os","ENSMUSG00000086486.1",0.187180594,-0.471233678,1.53726725,0.134869062,1,"Geno_at_37"
"Cox6b2","ENSMUSG00000051811.14",0.187173581,0.878501009,1.43626138,0.161432276,1,"Geno_at_37"
"Gm45838","ENSMUSG00000108825.1",-0.187158481,1.05571433,-1.3293107,0.193918925,1,"Geno_at_37"
"Gm16982","ENSMUSG00000097170.1",-0.187130697,0.284541065,-1.541412,0.133859668,1,"Geno_at_37"
"2010109A12Rik","ENSMUSG00000029384.5",0.187121973,-0.387907273,1.74228065,0.0918612486,1,"Geno_at_37"
"Rab33a","ENSMUSG00000031104.2",-0.186976884,-0.527334433,-1.76899864,0.087217172,1,"Geno_at_37"
"Rpl13-ps5","ENSMUSG00000082964.3",-0.186860114,-0.564568577,-1.80899494,0.0806382343,1,"Geno_at_37"
"Gcnt2","ENSMUSG00000021360.16",-0.186761467,3.59234319,-2.08138323,0.0468575295,1,"Geno_at_37"
"Gm47813","ENSMUSG00000113128.1",-0.18675012,2.37886434,-2.33560466,0.0264985771,1,"Geno_at_37"
"Rpsa-ps9","ENSMUSG00000082895.1",-0.186747433,4.3731217,-2.72039633,0.0108621242,1,"Geno_at_37"
"Atf3","ENSMUSG00000026628.13",0.186745939,3.02782896,0.830862967,0.417946276,1,"Geno_at_37"
"Gm8066","ENSMUSG00000106237.1",-0.186697142,1.3592213,-1.7496171,0.0905656806,1,"Geno_at_37"
"Tmie","ENSMUSG00000049555.10",-0.186607507,2.56486422,-2.1670657,0.0384248938,1,"Geno_at_37"
"Fzd6","ENSMUSG00000022297.15",-0.186584294,1.79195327,-1.52505059,0.137880264,1,"Geno_at_37"
"H2bc3","ENSMUSG00000075031.4",-0.186535041,0.158117035,-1.78665687,0.0842584118,1,"Geno_at_37"
"4930547E08Rik","ENSMUSG00000086687.1",0.186512817,-0.559476537,1.44786522,0.158183529,1,"Geno_at_37"
"Gmpr","ENSMUSG00000000253.13",-0.186496896,-0.290324626,-1.53906369,0.134430807,1,"Geno_at_37"
"H2-Eb2","ENSMUSG00000067341.6",-0.186464364,0.726659638,-1.35635573,0.185260789,1,"Geno_at_37"
"A130006I12Rik","ENSMUSG00000069136.4",0.186375284,-0.223938561,1.6234897,0.115107383,1,"Geno_at_37"
"Dixdc1","ENSMUSG00000032064.17",-0.186294804,0.980365158,-1.62293259,0.115226949,1,"Geno_at_37"
"Gm41764","ENSMUSG00000117891.1",0.186289187,-0.0157230339,1.45205171,0.157024283,1,"Geno_at_37"
"Gm8251","ENSMUSG00000091844.2",0.186215617,1.40443882,1.41791216,0.166677382,1,"Geno_at_37"
"Amdhd1","ENSMUSG00000015890.2",0.186161336,-0.656317082,1.86554561,0.0720623899,1,"Geno_at_37"
"Bnipl","ENSMUSG00000028115.16",-0.186132819,-0.00789883708,-1.32229162,0.196216294,1,"Geno_at_37"
"Sdc4","ENSMUSG00000017009.3",0.186104889,4.31844995,1.11164643,0.282332745,1,"Geno_at_37"
"Gm26850","ENSMUSG00000097724.2",0.186053022,-0.67582482,1.77642857,0.0859616583,1,"Geno_at_37"
"Gm15843","ENSMUSG00000085812.1",-0.186035834,-0.47417465,-1.87379025,0.0708800687,1,"Geno_at_37"
"Dnajb7","ENSMUSG00000047108.4",0.185976769,0.226779525,1.40905547,0.169256809,1,"Geno_at_37"
"4930556J24Rik","ENSMUSG00000034493.1",-0.185963044,-0.657459388,-1.77877786,0.0855678808,1,"Geno_at_37"
"Gm17705","ENSMUSG00000090936.2",0.185840686,-0.0520279948,1.28441909,0.208975093,1,"Geno_at_37"
"Rnaset2a","ENSMUSG00000095687.2",-0.185798977,0.32986215,-1.60228175,0.119731887,1,"Geno_at_37"
"Chil5","ENSMUSG00000043873.11",0.185739607,0.440384735,1.05860208,0.299357583,1,"Geno_at_37"
"Ppp1r2-ps6","ENSMUSG00000095869.1",-0.185728241,-0.72161117,-1.62828283,0.114082931,1,"Geno_at_37"
"1700030C10Rik","ENSMUSG00000099759.1",-0.185725174,-0.235423292,-1.43989459,0.160409431,1,"Geno_at_37"
"Gm25945","ENSMUSG00000084433.1",0.185715199,0.683223361,1.68224748,0.103061573,1,"Geno_at_37"
"2900078I11Rik","ENSMUSG00000111358.1",0.185650124,-0.348412395,1.4374148,0.161106998,1,"Geno_at_37"
"Gm37960","ENSMUSG00000104391.1",0.185539988,1.12764704,1.48790694,0.14737126,1,"Geno_at_37"
"Ar","ENSMUSG00000046532.8",0.18551879,5.88323199,3.07628174,0.00519019332,1,"Geno_at_37"
"Kctd21","ENSMUSG00000044952.5",0.185490787,1.24806057,1.77210311,0.0866906977,1,"Geno_at_37"
"4732496C06Rik","ENSMUSG00000108456.1",-0.185446067,1.92012274,-1.80705774,0.0809468383,1,"Geno_at_37"
"Vwa1","ENSMUSG00000042116.3",0.185438406,1.71485584,1.69795492,0.10002592,1,"Geno_at_37"
"Tyms-ps","ENSMUSG00000112222.1",0.185390253,-0.234756293,1.61804858,0.116279539,1,"Geno_at_37"
"Ifi214","ENSMUSG00000070501.14",0.18536821,0.362597285,1.19177954,0.24283267,1,"Geno_at_37"
"Gm15788","ENSMUSG00000087439.1",0.185367792,0.742333385,1.58281945,0.124109338,1,"Geno_at_37"
"Gm46563","ENSMUSG00000116038.1",-0.185366636,0.0860769593,-1.47300349,0.151324128,1,"Geno_at_37"
"Gm16310","ENSMUSG00000086331.1",0.185324291,2.28180053,1.75460982,0.0896928631,1,"Geno_at_37"
"Gm26039","ENSMUSG00000088777.1",-0.185246644,-0.71912561,-1.81431111,0.0797965021,1,"Geno_at_37"
"Alpk1","ENSMUSG00000028028.11",-0.185157012,0.267240544,-1.40881147,0.169328313,1,"Geno_at_37"
"Lcat","ENSMUSG00000035237.7",0.1850895,1.16311757,1.57831591,0.125140762,1,"Geno_at_37"
"Myh3","ENSMUSG00000020908.14",-0.18506421,-0.729597385,-2.07005905,0.0472868446,1,"Geno_at_37"
"Slc24a1","ENSMUSG00000034452.7",-0.185017367,-0.349861686,-1.78465191,0.0845900029,1,"Geno_at_37"
"Intu","ENSMUSG00000060798.7",-0.184978121,1.92776525,-1.63685998,0.112268544,1,"Geno_at_37"
"Gm26577","ENSMUSG00000097923.1",-0.184946258,-0.422716386,-1.36987582,0.18104668,1,"Geno_at_37"
"Mex3a","ENSMUSG00000074480.4",-0.184894788,2.66105136,-1.81407509,0.0798337121,1,"Geno_at_37"
"Gm12167","ENSMUSG00000085853.1",0.184859206,1.49775979,1.54166361,0.13379859,1,"Geno_at_37"
"Zfa-ps","ENSMUSG00000049576.6",0.184853526,0.434071501,1.35227702,0.186546961,1,"Geno_at_37"
"1700028E10Rik","ENSMUSG00000097321.5",-0.184825459,0.929031155,-1.29515085,0.205297082,1,"Geno_at_37"
"Traj14","ENSMUSG00000076915.3",0.184763402,0.268633694,1.43232037,0.162547624,1,"Geno_at_37"
"Trav10d","ENSMUSG00000094792.3",-0.184752005,-0.167818239,-1.6066355,0.118770243,1,"Geno_at_37"
"Snora41","ENSMUSG00000064602.1",-0.184629919,1.13582864,-1.55069904,0.131620246,1,"Geno_at_37"
"A530088E08Rik","ENSMUSG00000117872.1",0.184611818,1.52508514,1.71708449,0.0964304806,1,"Geno_at_37"
"Gpr176","ENSMUSG00000040133.2",-0.184587061,-0.520067632,-1.80354915,0.0815083375,1,"Geno_at_37"
"Rundc3a","ENSMUSG00000006575.14",-0.184551173,2.20463655,-1.52028738,0.139479361,1,"Geno_at_37"
"Fam71f2","ENSMUSG00000079652.8",0.184511247,-0.284294006,1.21780653,0.233459584,1,"Geno_at_37"
"B4galnt2","ENSMUSG00000013418.8",-0.184501108,0.74233082,-1.35439563,0.18587802,1,"Geno_at_37"
"Denn2b","ENSMUSG00000031024.13",-0.184465451,5.15152467,-3.37745179,0.00206725427,1,"Geno_at_37"
"Gm8532","ENSMUSG00000095841.2",0.184356131,0.49256853,1.67455391,0.104576323,1,"Geno_at_37"
"Gm4070","ENSMUSG00000078606.8",0.184336313,2.97111628,2.1815087,0.0372406651,1,"Geno_at_37"
"Gm47042","ENSMUSG00000114106.1",0.184295058,-0.43181903,1.45848511,0.155256076,1,"Geno_at_37"
"Gm19510","ENSMUSG00000115426.1",0.18427121,-0.346721599,1.28786569,0.207905075,1,"Geno_at_37"
"Gm20522","ENSMUSG00000092241.1",0.184228952,0.321846378,1.37815764,0.178502479,1,"Geno_at_37"
"Tbr1","ENSMUSG00000035033.15",-0.184217955,-0.560861301,-1.63392469,0.112886758,1,"Geno_at_37"
"Setmar","ENSMUSG00000034639.7",-0.184189799,1.94920953,-1.73129974,0.0938296297,1,"Geno_at_37"
"Gm7464","ENSMUSG00000117425.1",-0.184151204,0.125136278,-1.80397214,0.0814404684,1,"Geno_at_37"
"Lrrc4","ENSMUSG00000049939.6",-0.184147174,-0.184679249,-1.06390285,0.297583352,1,"Geno_at_37"
"Ffar4","ENSMUSG00000054200.7",-0.184011401,4.56008169,-2.25783153,0.0336503376,1,"Geno_at_37"
"Gm31513","ENSMUSG00000113052.1",0.18398231,-0.200755393,1.36357893,0.182999975,1,"Geno_at_37"
"Gm12834","ENSMUSG00000081138.1",0.183928998,-0.438632835,1.619954,0.115867947,1,"Geno_at_37"
"Ogn","ENSMUSG00000021390.6",0.183909728,-0.0245910001,1.32033469,0.196860527,1,"Geno_at_37"
"Msh4","ENSMUSG00000005493.15",-0.183855928,-0.541033127,-1.51329791,0.140828297,1,"Geno_at_37"
"Gm19078","ENSMUSG00000108305.1",-0.183837076,-0.507210493,-1.51368941,0.14072928,1,"Geno_at_37"
"Stbd1","ENSMUSG00000047963.7",0.183829857,0.886443405,1.41209343,0.168368506,1,"Geno_at_37"
"Gm18726","ENSMUSG00000112218.1",0.183713359,-0.0895766377,1.74112868,0.0920660949,1,"Geno_at_37"
"Gm22521","ENSMUSG00000088897.1",-0.183686616,-0.186547997,-1.36198206,0.183497925,1,"Geno_at_37"
"Gm11831","ENSMUSG00000086625.1",0.18365748,-0.525899993,1.52143361,0.138782173,1,"Geno_at_37"
"Plek2","ENSMUSG00000021118.7",0.183628556,1.77815404,1.93238097,0.062950044,1,"Geno_at_37"
"C130046K22Rik","ENSMUSG00000085154.7",0.183554747,0.883841128,1.57589986,0.125696987,1,"Geno_at_37"
"Mlf1","ENSMUSG00000048416.15",0.183473064,2.12647245,1.63159383,0.113379675,1,"Geno_at_37"
"Gm5127","ENSMUSG00000073010.9",-0.183411199,-0.239540946,-1.26836032,0.214595559,1,"Geno_at_37"
"Wnk4","ENSMUSG00000035112.17",-0.183348708,1.22835413,-1.84308799,0.0753693655,1,"Geno_at_37"
"Gm9845","ENSMUSG00000050533.3",0.183312844,2.78741088,1.72696824,0.0950420646,1,"Geno_at_37"
"Trbj1-3","ENSMUSG00000076485.2",0.18323532,2.59741642,1.88793448,0.0688906536,1,"Geno_at_37"
"Ccdc155","ENSMUSG00000038292.14",0.183227752,-0.514363202,1.6314148,0.113417609,1,"Geno_at_37"
"Gm47484","ENSMUSG00000113529.1",0.183054154,-0.0693015994,1.48636287,0.147776905,1,"Geno_at_37"
"Gm10752","ENSMUSG00000112301.1",0.182893779,0.0520332241,1.50401009,0.143193911,1,"Geno_at_37"
"Cd302","ENSMUSG00000060703.12",0.182892437,0.184374371,1.19156049,0.242917282,1,"Geno_at_37"
"C030017G13Rik","ENSMUSG00000107050.1",0.182677392,0.582857654,1.38458974,0.176545881,1,"Geno_at_37"
"Mlkl","ENSMUSG00000012519.14",0.182540047,1.99007509,1.95732031,0.0598156691,1,"Geno_at_37"
"Aarsd1","ENSMUSG00000075528.13",0.182361585,1.74550845,2.086529,0.0456652214,1,"Geno_at_37"
"Pdgfrb","ENSMUSG00000024620.11",0.182356417,-0.0313656916,1.26019603,0.217461041,1,"Geno_at_37"
"Kmo","ENSMUSG00000039783.15",0.182307879,0.808313218,1.18897482,0.243980926,1,"Geno_at_37"
"Efcab12","ENSMUSG00000030321.15",-0.182246331,0.246303553,-1.26585203,0.215456639,1,"Geno_at_37"
"Gdpd3","ENSMUSG00000030703.8",-0.182191588,0.715745955,-1.34243187,0.189680077,1,"Geno_at_37"
"Trav3-1","ENSMUSG00000076760.2",-0.182114227,0.375442309,-1.58153197,0.124403488,1,"Geno_at_37"
"Gm21092","ENSMUSG00000095403.8",0.181939573,1.93537488,1.79359613,0.0831192814,1,"Geno_at_37"
"Gm6222","ENSMUSG00000083019.2",-0.18188731,-0.323069285,-1.47242177,0.151480125,1,"Geno_at_37"
"Gm48771","ENSMUSG00000113159.1",0.181741896,0.668008046,1.57292084,0.126385605,1,"Geno_at_37"
"Lrfn1","ENSMUSG00000030600.15",0.181711015,0.962508123,1.36234694,0.183384052,1,"Geno_at_37"
"Shroom4","ENSMUSG00000068270.15",-0.181700466,-0.150512125,-1.21810058,0.232928386,1,"Geno_at_37"
"Gm11614","ENSMUSG00000085145.1",0.181680528,-0.309302197,1.3840653,0.176704781,1,"Geno_at_37"
"Acsm3","ENSMUSG00000030935.15",-0.18165868,-0.0956032101,-1.60428117,0.119289467,1,"Geno_at_37"
"Zfp428","ENSMUSG00000064264.14",-0.181630427,0.893766072,-1.33306628,0.192698268,1,"Geno_at_37"
"4930459C07Rik","ENSMUSG00000112762.1",0.181525006,0.360321562,1.3319434,0.193062609,1,"Geno_at_37"
"B3galt2","ENSMUSG00000033849.3",-0.181490264,0.655288402,-1.3192206,0.197228019,1,"Geno_at_37"
"4933404O12Rik","ENSMUSG00000097908.7",0.181487435,2.67706787,1.84605989,0.0749243937,1,"Geno_at_37"
"2700068H02Rik","ENSMUSG00000086172.1",0.181442484,-0.565135351,1.94852636,0.0609050163,1,"Geno_at_37"
"Cebpb","ENSMUSG00000056501.3",-0.181322283,5.62360607,-2.57947296,0.0173366541,1,"Geno_at_37"
"Mfrp","ENSMUSG00000034739.17",0.181248133,0.306625863,1.18994488,0.243542015,1,"Geno_at_37"
"3110056K07Rik","ENSMUSG00000085622.9",-0.181219055,2.97684587,-2.19195874,0.0364043029,1,"Geno_at_37"
"Gm6745","ENSMUSG00000105866.1",-0.181175709,-0.534747394,-1.76890395,0.0872332727,1,"Geno_at_37"
"Gm44950","ENSMUSG00000108350.1",-0.181125176,-0.128529071,-1.53181538,0.136206191,1,"Geno_at_37"
"Myo15","ENSMUSG00000042678.17",0.180908835,-0.327943347,1.41632954,0.167136011,1,"Geno_at_37"
"Gm11874","ENSMUSG00000081679.1",-0.180907559,-0.349929293,-1.72773614,0.0944760168,1,"Geno_at_37"
"1110025M09Rik","ENSMUSG00000103520.1",0.18078782,0.173338398,1.49418771,0.145730442,1,"Geno_at_37"
"A730090N16Rik","ENSMUSG00000090120.1",0.18078385,-0.510352236,1.51542852,0.140290106,1,"Geno_at_37"
"Apoa2","ENSMUSG00000005681.12",-0.180729451,-0.451437208,-1.78758185,0.0841058064,1,"Geno_at_37"
"A930029G22Rik","ENSMUSG00000096988.1",0.180619187,-0.411455906,1.53848158,0.13457269,1,"Geno_at_37"
"Jsrp1","ENSMUSG00000020216.13",-0.180450279,-0.557762945,-1.55695599,0.130128764,1,"Geno_at_37"
"Svep1","ENSMUSG00000028369.15",0.180431028,0.239282913,1.6566135,0.108180816,1,"Geno_at_37"
"Scin","ENSMUSG00000002565.16",0.180423825,1.97607519,0.983049381,0.337447247,1,"Geno_at_37"
"Gm14398","ENSMUSG00000083993.1",0.180415769,-0.613148869,1.73530855,0.0931069463,1,"Geno_at_37"
"Gm12005","ENSMUSG00000081631.1",0.18035543,0.307720425,1.35299297,0.186320696,1,"Geno_at_37"
"Gm15445","ENSMUSG00000085311.1",0.180335845,0.000580330382,1.24867129,0.221588818,1,"Geno_at_37"
"Gm3150","ENSMUSG00000096173.2",-0.180324618,1.64828207,-1.87176372,0.0711691228,1,"Geno_at_37"
"Rbpms","ENSMUSG00000031586.17",-0.180312191,0.422251618,-1.24130941,0.224256326,1,"Geno_at_37"
"Ly6c1","ENSMUSG00000079018.10",0.180308532,-0.0440240478,1.17622651,0.249058259,1,"Geno_at_37"
"Armcx6","ENSMUSG00000050394.14",0.18026457,1.24265177,1.54519962,0.132942628,1,"Geno_at_37"
"Gm23864","ENSMUSG00000093921.1",0.180217438,-0.781882074,1.77892889,0.0855426189,1,"Geno_at_37"
"Dlc1","ENSMUSG00000031523.16",0.180201565,-0.813099233,1.7055718,0.0985810616,1,"Geno_at_37"
"Gm37403","ENSMUSG00000103320.1",0.180132062,-0.0198670295,1.25132824,0.220631989,1,"Geno_at_37"
"4930502E09Rik","ENSMUSG00000086799.1",0.179951366,-0.491199642,1.56239932,0.128842468,1,"Geno_at_37"
"Gm7324","ENSMUSG00000049235.8",0.179898495,2.04031091,1.91029332,0.0658442256,1,"Geno_at_37"
"Ogdhl","ENSMUSG00000021913.8",-0.179774192,2.41775654,-1.18412423,0.249359713,1,"Geno_at_37"
"Cxcr5","ENSMUSG00000047880.15",-0.179710696,2.18007853,-1.20858452,0.239078265,1,"Geno_at_37"
"Gm37499","ENSMUSG00000103901.1",-0.179706898,0.189722661,-1.60077069,0.120067141,1,"Geno_at_37"
"Gm8979","ENSMUSG00000095649.3",-0.179695132,0.568116175,-1.23349244,0.22711507,1,"Geno_at_37"
"Gm25131","ENSMUSG00000064587.1",0.179667771,-0.452571777,1.68424549,0.102671207,1,"Geno_at_37"
"Slc15a1","ENSMUSG00000025557.10",-0.179614558,0.0724868614,-1.53081724,0.136452157,1,"Geno_at_37"
"Gm21844","ENSMUSG00000095913.1",-0.179609384,0.541371233,-1.22988239,0.228444489,1,"Geno_at_37"
"Gm36864","ENSMUSG00000108622.2",-0.179598778,-0.583236727,-1.58216648,0.12425845,1,"Geno_at_37"
"Olfr1396","ENSMUSG00000047511.6",0.17957456,0.130901107,1.59075554,0.122308749,1,"Geno_at_37"
"Samd14","ENSMUSG00000047181.12",-0.179497042,0.979431884,-1.62577302,0.114618417,1,"Geno_at_37"
"Gm37653","ENSMUSG00000103739.1",-0.179494275,0.617452251,-1.29014788,0.207005508,1,"Geno_at_37"
"Gm49802","ENSMUSG00000117130.1",0.179433403,-0.405601428,1.4681292,0.152635224,1,"Geno_at_37"
"Clec11a","ENSMUSG00000004473.10",-0.17940464,-0.121782556,-1.49778558,0.144797164,1,"Geno_at_37"
"Prox2os","ENSMUSG00000093629.1",-0.179202028,-0.0761183373,-1.51825991,0.139577475,1,"Geno_at_37"
"Gcnt7","ENSMUSG00000074569.4",0.179183754,0.188587572,1.56347259,0.128590077,1,"Geno_at_37"
"Coch","ENSMUSG00000020953.17",0.179174756,-0.417377326,1.35727789,0.184970956,1,"Geno_at_37"
"Dab2","ENSMUSG00000022150.16",-0.179141923,3.23682993,-1.89661391,0.0680779496,1,"Geno_at_37"
"Gm8093","ENSMUSG00000087052.1",-0.179090624,-0.543621385,-1.57155076,0.126703343,1,"Geno_at_37"
"Gm44280","ENSMUSG00000107944.1",0.179045426,0.126957812,1.60466403,0.119204904,1,"Geno_at_37"
"Mei1","ENSMUSG00000068117.10",-0.178980718,-0.584313751,-1.64531311,0.110503863,1,"Geno_at_37"
"Zfp108","ENSMUSG00000030486.9",0.178875111,-0.624445732,1.88698653,0.0690224608,1,"Geno_at_37"
"Gm336","ENSMUSG00000101439.1",0.178787694,0.775335086,1.25805246,0.218224365,1,"Geno_at_37"
"Gm43766","ENSMUSG00000105868.1",-0.178750315,-0.217191037,-1.54976819,0.13184332,1,"Geno_at_37"
"Mir697","ENSMUSG00000076271.1",-0.178599487,-0.230279972,-1.52662284,0.137489703,1,"Geno_at_37"
"Zfp719","ENSMUSG00000030469.10",0.178549526,3.67711999,2.8454463,0.00797950791,1,"Geno_at_37"
"Gm44624","ENSMUSG00000109570.1",0.178544965,-0.0333138239,1.38254895,0.177164845,1,"Geno_at_37"
"Gm48342","ENSMUSG00000114934.1",0.178516092,-0.152456429,1.30108637,0.203284202,1,"Geno_at_37"
"Sp3os","ENSMUSG00000063714.15",-0.178490624,1.84117225,-1.60239834,0.119706053,1,"Geno_at_37"
"Rnf128","ENSMUSG00000031438.11",0.178443264,-0.166092859,1.2116197,0.235293906,1,"Geno_at_37"
"Zfp300","ENSMUSG00000031079.12",0.178401358,0.154063479,1.40575523,0.170225983,1,"Geno_at_37"
"Nhlrc1","ENSMUSG00000044231.3",0.178353835,1.1296618,1.53446579,0.135554811,1,"Geno_at_37"
"Gm43767","ENSMUSG00000106273.1",0.178268778,-0.502328505,1.69993517,0.0996485861,1,"Geno_at_37"
"Gm44751","ENSMUSG00000109244.1",-0.178259132,1.18086402,-1.9356302,0.0625337531,1,"Geno_at_37"
"C030015A19Rik","ENSMUSG00000108181.1",-0.178240079,1.21777828,-1.85017741,0.07431162,1,"Geno_at_37"
"Zfr2","ENSMUSG00000034949.18",-0.178235103,1.16233504,-1.31837189,0.197508327,1,"Geno_at_37"
"Gm6225","ENSMUSG00000097746.2",0.178221065,0.77215861,1.45573252,0.156010664,1,"Geno_at_37"
"Gm23346","ENSMUSG00000065750.1",-0.178122855,-0.605015159,-1.57993848,0.124768344,1,"Geno_at_37"
"Gm16152","ENSMUSG00000087131.7",-0.177905443,-0.107458124,-1.42944911,0.163364063,1,"Geno_at_37"
"4930526A20Rik","ENSMUSG00000085521.4",0.177848934,-0.094977256,1.29813602,0.204282842,1,"Geno_at_37"
"Nradd","ENSMUSG00000032491.14",-0.177816088,0.567441396,-1.28269236,0.209571541,1,"Geno_at_37"
"Aoc1","ENSMUSG00000029811.14",-0.177813602,0.349001723,-1.18510143,0.245422009,1,"Geno_at_37"
"Gm43593","ENSMUSG00000106288.1",0.177754418,-0.462166122,1.59042471,0.12238338,1,"Geno_at_37"
"Rtp4","ENSMUSG00000033355.6",0.177743959,1.43571706,1.1178612,0.273995933,1,"Geno_at_37"
"Ccdc146","ENSMUSG00000064280.14",0.177517713,-0.642137362,1.69313605,0.100949155,1,"Geno_at_37"
"Trbj1-5","ENSMUSG00000076487.1",0.177496524,2.88340081,2.02366504,0.0521314441,1,"Geno_at_37"
"Ttbk2","ENSMUSG00000090100.7",0.177448625,2.6509722,1.83709015,0.0762743098,1,"Geno_at_37"
"Gm16196","ENSMUSG00000086154.2",-0.177421189,0.0919003027,-1.87924978,0.0701063791,1,"Geno_at_37"
"Fhl4","ENSMUSG00000050035.7",0.177316279,0.132483934,1.57845187,0.125109521,1,"Geno_at_37"
"Pls3","ENSMUSG00000016382.15",-0.177277746,0.0128556071,-1.1945426,0.241767261,1,"Geno_at_37"
"Zbtb46","ENSMUSG00000027583.13",0.177199824,1.69399949,1.44301428,0.159535271,1,"Geno_at_37"
"Nudt17","ENSMUSG00000028100.11",-0.177041916,-0.168750258,-1.52964973,0.136740318,1,"Geno_at_37"
"Dio3","ENSMUSG00000075707.5",-0.176980167,0.59579439,-1.31721847,0.197889766,1,"Geno_at_37"
"Ccdc106","ENSMUSG00000035228.15",-0.176920344,-0.604269531,-1.97142511,0.0581039074,1,"Geno_at_37"
"Gm49733","ENSMUSG00000116739.1",-0.17691659,-0.568879739,-1.9054775,0.0664903467,1,"Geno_at_37"
"E430024P14Rik","ENSMUSG00000090069.2",0.176878658,2.58370762,1.38478623,0.178536756,1,"Geno_at_37"
"Tpt1-ps6","ENSMUSG00000084284.1",-0.176796078,0.450562447,-1.5433623,0.133386831,1,"Geno_at_37"
"Alox12","ENSMUSG00000000320.10",0.176749864,-0.593128999,1.58371479,0.123905115,1,"Geno_at_37"
"Gm38391","ENSMUSG00000103622.1",-0.176672342,1.21598477,-1.57308061,0.126348596,1,"Geno_at_37"
"Zswim3","ENSMUSG00000045822.4",0.176615222,2.60221967,2.14547217,0.0402581971,1,"Geno_at_37"
"Gm45343","ENSMUSG00000110088.1",0.176541141,0.244571991,1.49118282,0.14651361,1,"Geno_at_37"
"Gm50402","ENSMUSG00000118159.1",-0.176490694,-0.466742139,-1.38926937,0.17513296,1,"Geno_at_37"
"Gm43004","ENSMUSG00000106681.1",-0.176453554,0.500025841,-1.17225125,0.250461643,1,"Geno_at_37"
"Syp","ENSMUSG00000031144.15",0.176315851,4.26615632,2.50845814,0.0178962393,1,"Geno_at_37"
"Srl","ENSMUSG00000022519.14",-0.176220438,1.71764441,-1.65388173,0.108738635,1,"Geno_at_37"
"Trav16d-dv11","ENSMUSG00000076796.1",-0.17619517,-0.00791966802,-1.48401286,0.148396001,1,"Geno_at_37"
"Capn12","ENSMUSG00000054083.8",-0.176168134,-0.0701527766,-1.55869363,0.129717012,1,"Geno_at_37"
"Arhgef33","ENSMUSG00000054901.7",-0.17614699,-0.258275102,-1.67496628,0.104494665,1,"Geno_at_37"
"Gm9057","ENSMUSG00000105156.1",-0.176061792,-0.0843988275,-1.42095685,0.165797855,1,"Geno_at_37"
"BC050972","ENSMUSG00000092131.1",-0.176061275,0.550978663,-1.42476438,0.164703133,1,"Geno_at_37"
"Gm16464","ENSMUSG00000082154.1",0.176008958,1.41930933,1.76572781,0.0877747927,1,"Geno_at_37"
"Car13","ENSMUSG00000027555.8",0.175899575,1.85345629,1.70098575,0.0994488846,1,"Geno_at_37"
"Thap3","ENSMUSG00000039759.10",-0.175697875,4.22177449,-2.53712637,0.016702178,1,"Geno_at_37"
"Gm33858","ENSMUSG00000111792.1",-0.175614918,2.92193371,-1.82126314,0.0787070946,1,"Geno_at_37"
"Nfe2l3","ENSMUSG00000029832.16",0.17557983,0.449817177,1.43716499,0.161177402,1,"Geno_at_37"
"Itga3","ENSMUSG00000001507.16",0.175567217,5.0870478,1.66672022,0.113385664,1,"Geno_at_37"
"Scarna6","ENSMUSG00000089281.1",-0.175463489,-0.23952128,-1.18310143,0.24643226,1,"Geno_at_37"
"Tcf7l2","ENSMUSG00000024985.20",-0.175441948,1.00738869,-1.00445982,0.324743118,1,"Geno_at_37"
"Fbxo47","ENSMUSG00000070336.3",0.175382037,0.304248549,1.41571258,0.167315071,1,"Geno_at_37"
"Gm13091","ENSMUSG00000085213.1",-0.175380145,-0.477338547,-1.43094609,0.162937993,1,"Geno_at_37"
"P2rx5","ENSMUSG00000005950.14",-0.17536291,1.2500179,-1.32394177,0.195674317,1,"Geno_at_37"
"Shld3","ENSMUSG00000118537.1",-0.175292648,3.05617753,-2.51309204,0.0176638165,1,"Geno_at_37"
"Gm24106","ENSMUSG00000093239.1",-0.175280202,-0.60339193,-1.78404235,0.084691035,1,"Geno_at_37"
"Gm28883","ENSMUSG00000101482.1",-0.175244547,1.80695022,-1.74898107,0.0906773837,1,"Geno_at_37"
"Gfap","ENSMUSG00000020932.14",-0.175168923,-0.505011665,-1.58105093,0.124513538,1,"Geno_at_37"
"Gm28320","ENSMUSG00000099924.1",-0.175149235,-0.26672162,-1.50223622,0.143649343,1,"Geno_at_37"
"Gm17017","ENSMUSG00000090246.1",-0.175131232,1.44339537,-1.58719266,0.123114446,1,"Geno_at_37"
"Gm48228","ENSMUSG00000114036.1",0.175128408,-0.576921231,1.58645598,0.123281577,1,"Geno_at_37"
"Stxbp4","ENSMUSG00000020546.14",0.174987013,2.27688033,2.00460887,0.0542445589,1,"Geno_at_37"
"Rps15-ps3","ENSMUSG00000118264.1",-0.174771413,3.16709729,-1.98156764,0.0568995988,1,"Geno_at_37"
"Hmgb1-ps4","ENSMUSG00000084221.1",-0.174679729,-0.190138376,-1.34492466,0.188882944,1,"Geno_at_37"
"Gm47003","ENSMUSG00000113816.1",0.174655627,-0.315047366,1.56770336,0.127599096,1,"Geno_at_37"
"Gm37333","ENSMUSG00000104524.1",-0.174650665,1.01182117,-1.35102279,0.186943861,1,"Geno_at_37"
"Hmgb1-ps1","ENSMUSG00000084129.1",0.174624834,-0.149520439,1.44456317,0.159102667,1,"Geno_at_37"
"Prokr1","ENSMUSG00000049409.9",-0.174622206,-0.030401127,-1.38221267,0.177267002,1,"Geno_at_37"
"4933406I18Rik","ENSMUSG00000087475.3",-0.174614595,-0.6339652,-1.64063998,0.111476561,1,"Geno_at_37"
"Gm48986","ENSMUSG00000115570.1",0.174422601,-0.463747941,1.76152945,0.0884949662,1,"Geno_at_37"
"Gm16984","ENSMUSG00000085962.8",0.17441609,0.0764142852,1.38325539,0.176950394,1,"Geno_at_37"
"Pld4","ENSMUSG00000052160.7",-0.174289953,1.65841306,-1.31069494,0.200157902,1,"Geno_at_37"
"P2rx1","ENSMUSG00000020787.14",0.174230226,-0.506205188,1.36891954,0.181342265,1,"Geno_at_37"
"1700072G22Rik","ENSMUSG00000101702.1",0.174160851,-0.890287281,1.99122986,0.0557726816,1,"Geno_at_37"
"Elmod3","ENSMUSG00000056698.11",-0.174122553,2.86392239,-2.23244158,0.0333209346,1,"Geno_at_37"
"Gm44891","ENSMUSG00000109555.1",0.174080082,-0.212114852,1.63674111,0.112293526,1,"Geno_at_37"
"Gm26109","ENSMUSG00000065904.1",0.174009369,0.280166551,1.35156804,0.186771237,1,"Geno_at_37"
"Gm25867","ENSMUSG00000088879.1",0.173802772,-0.586344,1.41339554,0.167988896,1,"Geno_at_37"
"Rnf224","ENSMUSG00000089953.3",-0.173793536,-0.409765419,-1.37044678,0.180870375,1,"Geno_at_37"
"Gm4787","ENSMUSG00000072974.4",-0.173658923,0.684442677,-1.51572355,0.140215713,1,"Geno_at_37"
"Tm6sf2","ENSMUSG00000036151.15",0.173657815,-0.122303492,1.4495166,0.157725449,1,"Geno_at_37"
"Avpr2","ENSMUSG00000031390.8",-0.173654858,1.82210734,-1.64134502,0.111329356,1,"Geno_at_37"
"Rnf222","ENSMUSG00000046490.7",0.173626365,-0.611173434,1.36479304,0.182622086,1,"Geno_at_37"
"Gm50295","ENSMUSG00000117799.1",-0.173622553,-0.537693843,-1.60988477,0.11805671,1,"Geno_at_37"
"Gm26756","ENSMUSG00000097840.1",-0.173577448,-0.772104036,-1.88097013,0.0698640974,1,"Geno_at_37"
"Camkmt","ENSMUSG00000071037.6",0.173510703,0.706386432,1.51826095,0.139577213,1,"Geno_at_37"
"Fam81a","ENSMUSG00000032224.15",0.173448341,0.690175857,1.36439735,0.182745176,1,"Geno_at_37"
"Gm45120","ENSMUSG00000109038.1",0.173440514,-0.284686685,1.53862659,0.134537334,1,"Geno_at_37"
"Gm29036","ENSMUSG00000101587.2",0.173345656,-0.0795135227,1.35197749,0.186641687,1,"Geno_at_37"
"Gm22175","ENSMUSG00000092748.1",-0.173311267,-0.189840881,-1.1676789,0.252406991,1,"Geno_at_37"
"Zfp184","ENSMUSG00000006720.16",0.173306804,-0.550274728,1.4998246,0.144270385,1,"Geno_at_37"
"Sap30bpos","ENSMUSG00000087064.1",0.173284293,0.509704278,1.29071921,0.206809863,1,"Geno_at_37"
"Il3","ENSMUSG00000018914.5",0.173277338,1.93299156,0.651522232,0.523581675,1,"Geno_at_37"
"Gm16894","ENSMUSG00000097899.2",0.173276728,-0.358908622,1.50427931,0.143124893,1,"Geno_at_37"
"Ifi27","ENSMUSG00000064215.13",0.173128617,5.11836604,2.76969949,0.0100096615,1,"Geno_at_37"
"Ngfr","ENSMUSG00000000120.6",-0.173115663,-0.561127678,-1.60502083,0.119126142,1,"Geno_at_37"
"Gm5628","ENSMUSG00000113750.1",-0.172956997,0.350340453,-1.56291703,0.128720671,1,"Geno_at_37"
"Aqp11","ENSMUSG00000042797.9",0.172908108,-0.192866454,1.48343179,0.148549401,1,"Geno_at_37"
"Gm27011","ENSMUSG00000098184.1",0.172865431,-0.277232319,1.57640781,0.125579878,1,"Geno_at_37"
"Col27a1","ENSMUSG00000045672.15",0.172863259,1.93072933,1.43433554,0.161976548,1,"Geno_at_37"
"Gm46367","ENSMUSG00000114150.1",0.172754299,-0.357876602,1.61450444,0.117048328,1,"Geno_at_37"
"Fat4","ENSMUSG00000046743.6",-0.172722186,-0.881439952,-2.04104086,0.0502680879,1,"Geno_at_37"
"Gm6245","ENSMUSG00000090475.1",0.172670064,0.152491373,1.38972727,0.174995185,1,"Geno_at_37"
"Tmem107","ENSMUSG00000020895.14",0.172527711,2.76897296,2.45384688,0.0202559839,1,"Geno_at_37"
"Gm38135","ENSMUSG00000102541.1",0.172527113,-0.584460713,1.75740979,0.0892065013,1,"Geno_at_37"
"Osr2","ENSMUSG00000022330.5",-0.172480666,-0.610227047,-1.61175817,0.117646922,1,"Geno_at_37"
"Gm6139","ENSMUSG00000057244.6",0.172419393,0.349684972,1.34422481,0.189106478,1,"Geno_at_37"
"Pde5a","ENSMUSG00000053965.10",0.172410589,1.48157497,1.59532798,0.121281108,1,"Geno_at_37"
"Gm16015","ENSMUSG00000087281.1",-0.172385265,0.682116319,-1.53609765,0.135155016,1,"Geno_at_37"
"Gm10143","ENSMUSG00000064032.2",0.17231626,1.29791131,1.79444699,0.0829805139,1,"Geno_at_37"
"Gm13238","ENSMUSG00000096233.1",0.172303828,0.273646489,1.43554116,0.161635653,1,"Geno_at_37"
"Gpr153","ENSMUSG00000042804.13",-0.172273654,2.10126377,-0.851518246,0.405552831,1,"Geno_at_37"
"Slc6a13","ENSMUSG00000030108.14",0.172237236,-0.427649049,1.36188714,0.183527559,1,"Geno_at_37"
"Foxo6","ENSMUSG00000052135.8",-0.172102213,-0.240625903,-1.50219369,0.143660278,1,"Geno_at_37"
"Gm11870","ENSMUSG00000084408.1",0.172059683,0.668816246,1.29962039,0.203779941,1,"Geno_at_37"
"Car8","ENSMUSG00000041261.9",-0.172046279,2.69377971,-2.05889315,0.0484149914,1,"Geno_at_37"
"Gm44521","ENSMUSG00000108312.1",-0.171981414,0.478220581,-1.38810296,0.175484304,1,"Geno_at_37"
"Gm11448","ENSMUSG00000081151.1",-0.171890092,0.0117210447,-1.36849229,0.181474451,1,"Geno_at_37"
"Gm6030","ENSMUSG00000062284.5",-0.171754175,0.801880285,-1.46209411,0.154271127,1,"Geno_at_37"
"Fbxl2","ENSMUSG00000032507.15",0.171747626,0.871446038,1.15766396,0.256274131,1,"Geno_at_37"
"Nacad","ENSMUSG00000041073.10",0.171728757,1.25273106,1.67243168,0.104997415,1,"Geno_at_37"
"Fcrl1","ENSMUSG00000059994.10",0.171634996,2.56377711,1.76723729,0.087517077,1,"Geno_at_37"
"4930556N13Rik","ENSMUSG00000092399.1",0.171618316,-0.539698333,1.59519377,0.121311169,1,"Geno_at_37"
"Gm43133","ENSMUSG00000104704.1",0.171536058,-0.127433042,1.52548474,0.137772327,1,"Geno_at_37"
"6330418K02Rik","ENSMUSG00000085227.1",-0.171498477,-0.300481043,-1.42553854,0.164481251,1,"Geno_at_37"
"Slc1a3","ENSMUSG00000005360.14",-0.171461191,-0.292019093,-1.36520274,0.182494705,1,"Geno_at_37"
"Rps16","ENSMUSG00000037563.15",-0.171400098,5.49341435,-2.51191973,0.0196276753,1,"Geno_at_37"
"Zfp296","ENSMUSG00000011267.8",-0.171324742,1.39702112,-1.31673358,0.198050287,1,"Geno_at_37"
"Tubb4a","ENSMUSG00000062591.5",-0.171257232,1.90187481,-1.88617895,0.0691349222,1,"Geno_at_37"
"Tspear","ENSMUSG00000069581.12",-0.171243384,-0.0835339549,-1.18499252,0.245464402,1,"Geno_at_37"
"Mir6381","ENSMUSG00000098871.1",-0.171136041,-0.818870901,-1.81951219,0.0789802697,1,"Geno_at_37"
"Shisa2","ENSMUSG00000044461.6",-0.171127076,1.33673229,-1.30299846,0.202638993,1,"Geno_at_37"
"Gm13562","ENSMUSG00000086779.1",0.171124389,1.00023423,1.3955764,0.173242735,1,"Geno_at_37"
"Phf11","ENSMUSG00000090881.3",0.171109005,0.121808205,1.36001537,0.184112646,1,"Geno_at_37"
"Ggt1","ENSMUSG00000006345.10",-0.171086871,-0.190081246,-1.22406316,0.230599697,1,"Geno_at_37"
"Atp5l2-ps","ENSMUSG00000084168.3",0.171067262,-0.559404626,1.46189934,0.154324156,1,"Geno_at_37"
"Snhg3","ENSMUSG00000085241.7",0.170981138,-0.265631854,1.15786452,0.256428071,1,"Geno_at_37"
"Samd9l","ENSMUSG00000047735.14",0.170931428,3.84848685,1.93821466,0.0635005061,1,"Geno_at_37"
"Bicd1","ENSMUSG00000003452.15",0.170877417,0.614185586,1.36576511,0.182319971,1,"Geno_at_37"
"Gm33782","ENSMUSG00000112290.1",0.170836317,-0.379706627,1.48604728,0.147859924,1,"Geno_at_37"
"Ube2d2b","ENSMUSG00000063447.7",-0.170778902,-0.82936094,-2.00876499,0.0537773892,1,"Geno_at_37"
"Gm43628","ENSMUSG00000105935.1",-0.170712499,-0.117698231,-1.24716696,0.222131947,1,"Geno_at_37"
"Gm43768","ENSMUSG00000105412.1",0.170605772,-0.386310009,1.26762483,0.214831271,1,"Geno_at_37"
"Amigo1","ENSMUSG00000050947.9",0.17058038,2.00424476,1.87482822,0.0707324103,1,"Geno_at_37"
"9430078K24Rik","ENSMUSG00000112765.1",-0.170493802,0.0922934499,-1.35831367,0.184645831,1,"Geno_at_37"
"Zfp57","ENSMUSG00000036036.15",0.170384516,0.1627703,1.39208273,0.174287805,1,"Geno_at_37"
"Prdm8","ENSMUSG00000035456.9",0.170286416,-0.210513511,1.57483334,0.125943165,1,"Geno_at_37"
"4930588G17Rik","ENSMUSG00000108935.1",-0.170272818,-0.602923194,-1.63843068,0.111938887,1,"Geno_at_37"
"Mir6999","ENSMUSG00000098651.1",-0.170247938,-0.0856870207,-1.63306238,0.113068908,1,"Geno_at_37"
"Zfp575","ENSMUSG00000066721.3",-0.170140251,-0.783863405,-1.9620724,0.0592341053,1,"Geno_at_37"
"Mmp11","ENSMUSG00000000901.17",-0.170130901,3.55823167,-2.57535248,0.0152717611,1,"Geno_at_37"
"Gm12033","ENSMUSG00000078965.5",0.170075068,1.7196464,1.74013012,0.092243971,1,"Geno_at_37"
"Amigo2","ENSMUSG00000048218.6",0.169960805,2.26275346,1.84823101,0.0746007458,1,"Geno_at_37"
"Gm8514","ENSMUSG00000114765.1",-0.16993702,-0.311984372,-1.545435,0.132885808,1,"Geno_at_37"
"Znrd2","ENSMUSG00000079478.9",-0.169913261,0.379940588,-1.25474105,0.219407532,1,"Geno_at_37"
"Gm47657","ENSMUSG00000113557.1",0.169902195,-0.130931786,1.14455496,0.261621692,1,"Geno_at_37"
"Ankrd13d","ENSMUSG00000005986.16",0.169896771,1.54613161,1.7067126,0.0983661771,1,"Geno_at_37"
"Mettl21c","ENSMUSG00000047343.4",-0.169895032,0.0244941227,-1.25220088,0.220318414,1,"Geno_at_37"
"Chkb","ENSMUSG00000022617.15",0.16988541,0.886931206,1.37433629,0.179672914,1,"Geno_at_37"
"Crb3","ENSMUSG00000044279.15",-0.169829928,0.554752725,-1.45671146,0.155741965,1,"Geno_at_37"
"4930484I04Rik","ENSMUSG00000117981.1",-0.16982685,-0.44939249,-1.24439807,0.223134254,1,"Geno_at_37"
"Gm45153","ENSMUSG00000108693.1",0.169757292,-0.473141997,1.42334812,0.165109658,1,"Geno_at_37"
"Nudt15","ENSMUSG00000033405.4",-0.169713648,1.90153391,-1.79517645,0.0828617022,1,"Geno_at_37"
"Creb3l4","ENSMUSG00000027938.11",0.16969888,-0.17033405,1.34973438,0.187352255,1,"Geno_at_37"
"2310014F06Rik","ENSMUSG00000085945.3",-0.169583247,0.233958197,-1.32378452,0.195725917,1,"Geno_at_37"
"Ppm1e","ENSMUSG00000046442.4",-0.169551318,-0.00171087075,-1.35456925,0.185823283,1,"Geno_at_37"
"Ica1","ENSMUSG00000062995.12",-0.169536687,1.33222663,-1.41467226,0.167617345,1,"Geno_at_37"
"Gm23656","ENSMUSG00000084575.1",-0.169501463,-0.594686389,-1.67303825,0.104876915,1,"Geno_at_37"
"Adcy4","ENSMUSG00000022220.14",0.169486059,1.42990615,1.45050884,0.157450715,1,"Geno_at_37"
"Gm45261","ENSMUSG00000110100.1",0.169450496,-0.539528506,1.23747176,0.225796184,1,"Geno_at_37"
"Gm13416","ENSMUSG00000084241.1",0.169403487,1.17400758,1.59523371,0.121302222,1,"Geno_at_37"
"Gm15775","ENSMUSG00000089820.1",-0.169207604,-0.0228070687,-1.36542385,0.182425987,1,"Geno_at_37"
"Gm29770","ENSMUSG00000117248.1",-0.169204956,-0.3705998,-1.65366283,0.108783438,1,"Geno_at_37"
"Gm48302","ENSMUSG00000113041.1",-0.169186152,-0.453476699,-1.51722523,0.139837552,1,"Geno_at_37"
"Arpin","ENSMUSG00000039043.5",-0.169173576,-0.628553185,-1.63738216,0.112158862,1,"Geno_at_37"
"Ephx4","ENSMUSG00000033805.12",-0.169124951,0.477375555,-1.44835819,0.158046671,1,"Geno_at_37"
"Gm49584","ENSMUSG00000116645.1",0.169017035,0.64771449,1.47334008,0.151233926,1,"Geno_at_37"
"Zfp114","ENSMUSG00000068962.7",0.168997013,-0.709785081,1.69264597,0.101043447,1,"Geno_at_37"
"Gm5064","ENSMUSG00000117416.1",-0.168953795,2.90302073,-2.00360998,0.0543573684,1,"Geno_at_37"
"Gm19187","ENSMUSG00000108347.1",-0.168932125,0.115630883,-1.59025384,0.122421939,1,"Geno_at_37"
"Gm43813","ENSMUSG00000106636.1",0.168700322,0.564789023,1.26812368,0.214655548,1,"Geno_at_37"
"Oprm1","ENSMUSG00000000766.18",-0.168671326,0.895460039,-1.33825043,0.19102305,1,"Geno_at_37"
"Epb41l4a","ENSMUSG00000024376.7",0.16861929,-0.177244258,1.36242415,0.183359963,1,"Geno_at_37"
"Rpl37","ENSMUSG00000041841.8",-0.168611489,5.69168911,-3.07026418,0.00478194285,1,"Geno_at_37"
"Spata48","ENSMUSG00000020191.11",-0.168610978,0.0683539707,-1.37386445,0.179817849,1,"Geno_at_37"
"Gm45464","ENSMUSG00000109727.1",0.168590875,-0.0972847484,1.25765425,0.21836639,1,"Geno_at_37"
"Gm16008","ENSMUSG00000087381.8",0.168536519,1.54871932,1.27582209,0.211957513,1,"Geno_at_37"
"Mylip","ENSMUSG00000038175.10",0.168504745,2.0131118,1.42699863,0.164063421,1,"Geno_at_37"
"Pdxk-ps","ENSMUSG00000002791.17",0.168472329,-0.533402581,1.46670449,0.153020157,1,"Geno_at_37"
"Gm5641","ENSMUSG00000069014.4",0.168440325,4.76168032,2.56997716,0.0157859963,1,"Geno_at_37"
"Gm9465","ENSMUSG00000114689.1",-0.168341734,-0.556238776,-1.48580696,0.147923168,1,"Geno_at_37"
"Gm44198","ENSMUSG00000108184.1",0.168318385,1.46413922,1.58800036,0.122931414,1,"Geno_at_37"
"Gm43138","ENSMUSG00000104720.1",-0.168287572,-0.0381474718,-1.25174283,0.220482968,1,"Geno_at_37"
"Gm46415","ENSMUSG00000114481.1",0.168237079,-0.303816715,1.41150805,0.168539385,1,"Geno_at_37"
"Trim2","ENSMUSG00000027993.16",-0.168171418,1.35170887,-1.61366447,0.117231144,1,"Geno_at_37"
"Tcn2","ENSMUSG00000020432.12",-0.168142908,3.37722136,-2.22974327,0.033518906,1,"Geno_at_37"
"Igkc","ENSMUSG00000076609.2",-0.168102979,1.3677249,-1.44064374,0.160199165,1,"Geno_at_37"
"Lrp11","ENSMUSG00000019796.12",0.168018614,2.47804614,1.97072543,0.0581878015,1,"Geno_at_37"
"Gm16550","ENSMUSG00000089967.1",-0.167973718,-0.415550068,-1.80750576,0.0808753772,1,"Geno_at_37"
"Lct","ENSMUSG00000026354.8",0.167959862,0.175516159,1.41846462,0.166517517,1,"Geno_at_37"
"Gm2415","ENSMUSG00000086119.2",0.167935351,0.348849582,1.08530563,0.286562383,1,"Geno_at_37"
"Gm13904","ENSMUSG00000082066.1",-0.167927863,-0.179720663,-1.54477265,0.133045748,1,"Geno_at_37"
"Gm11084","ENSMUSG00000079286.1",0.167886267,-0.144584574,1.38398509,0.176729093,1,"Geno_at_37"
"Ccser1","ENSMUSG00000039578.17",-0.167802665,-0.602665664,-1.57374534,0.126194707,1,"Geno_at_37"
"Usp50","ENSMUSG00000027364.14",0.167786588,0.317081998,1.5184034,0.139541439,1,"Geno_at_37"
"Gm33619","ENSMUSG00000111005.1",-0.167773027,-0.820432433,-2.23997322,0.0327738984,1,"Geno_at_37"
"Snord93","ENSMUSG00000095205.1",-0.167771572,-0.498433729,-1.2992251,0.203913771,1,"Geno_at_37"
"2810455O05Rik","ENSMUSG00000085030.1",-0.167624143,1.81030005,-1.53055754,0.136516213,1,"Geno_at_37"
"Txn-ps1","ENSMUSG00000101567.1",-0.16757425,0.856392294,-1.40385638,0.170785593,1,"Geno_at_37"
"Gm37811","ENSMUSG00000102900.1",0.167505016,-0.861630586,1.99122376,0.055773387,1,"Geno_at_37"
"Gm49189","ENSMUSG00000115082.1",0.167352091,0.134944134,1.23202276,0.227655585,1,"Geno_at_37"
"Gm38158","ENSMUSG00000103367.1",0.167347951,0.0743278673,1.32869599,0.194119289,1,"Geno_at_37"
"Gm40332","ENSMUSG00000104873.1",-0.167249874,-0.404911125,-1.485453,0.148016358,1,"Geno_at_37"
"Gm5434","ENSMUSG00000059301.7",-0.16721717,0.956415703,-1.1683958,0.251988406,1,"Geno_at_37"
"Dhrs9","ENSMUSG00000027068.6",-0.167190606,3.91572776,-2.42015669,0.02188132,1,"Geno_at_37"
"Nppc","ENSMUSG00000026241.5",0.167124116,1.81846451,0.841198321,0.41062203,1,"Geno_at_37"
"Rn7sk","ENSMUSG00000065037.1",-0.167123439,1.95362267,-0.974828079,0.340720049,1,"Geno_at_37"
"Gm18646","ENSMUSG00000110446.1",-0.167084421,1.56432878,-1.35364641,0.18611437,1,"Geno_at_37"
"Gm5851","ENSMUSG00000104028.1",-0.166934199,-0.640349563,-1.35456366,0.185825046,1,"Geno_at_37"
"Adcy5","ENSMUSG00000022840.9",-0.166881862,1.2199976,-1.44051276,0.160235914,1,"Geno_at_37"
"Gm44639","ENSMUSG00000108521.1",0.16682373,0.0854627023,1.39859023,0.172345165,1,"Geno_at_37"
"Gm11827","ENSMUSG00000086765.7",-0.166531264,-0.456828491,-1.80656835,0.0810249588,1,"Geno_at_37"
"Gm9706","ENSMUSG00000117269.1",0.166510713,0.0637850492,1.22459436,0.230402332,1,"Geno_at_37"
"Gm45059","ENSMUSG00000108536.1",-0.166505768,0.695022635,-1.38572178,0.17620327,1,"Geno_at_37"
"Mab21l2","ENSMUSG00000057777.4",-0.166391027,-0.687699189,-1.64108107,0.111384446,1,"Geno_at_37"
"A930012O16Rik","ENSMUSG00000054181.11",-0.166326171,0.0828458992,-1.19059957,0.243288714,1,"Geno_at_37"
"Xk","ENSMUSG00000015342.6",-0.166214492,2.7825712,-2.03451502,0.0509609172,1,"Geno_at_37"
"Tnni1","ENSMUSG00000026418.16",-0.166184446,-0.173309913,-1.42186345,0.165536673,1,"Geno_at_37"
"Gm12804","ENSMUSG00000081068.1",-0.16611897,-0.214633741,-1.48648523,0.147744727,1,"Geno_at_37"
"Itga4","ENSMUSG00000027009.18",0.166088413,4.93175298,1.68514434,0.108895187,1,"Geno_at_37"
"Ccdc184","ENSMUSG00000029875.5",0.165969355,-0.0198322091,1.19542432,0.241428007,1,"Geno_at_37"
"Trav6-4","ENSMUSG00000094468.5",0.165964054,0.181875781,1.14819424,0.260099828,1,"Geno_at_37"
"Zfp939","ENSMUSG00000030424.15",0.165943984,-0.515544032,1.53134542,0.136321956,1,"Geno_at_37"
"1810021B22Rik","ENSMUSG00000087331.8",0.165936231,-0.48857739,1.45869794,0.155197852,1,"Geno_at_37"
"Rnls","ENSMUSG00000071573.14",0.165914754,1.40565121,1.44896564,0.157878163,1,"Geno_at_37"
"Ctdspl","ENSMUSG00000047409.13",0.16591063,3.7453569,2.19800709,0.0359279508,1,"Geno_at_37"
"1700007L15Rik","ENSMUSG00000097318.2",0.1659037,1.15646176,1.51306346,0.140887621,1,"Geno_at_37"
"Gm17828","ENSMUSG00000098893.1",0.165898971,-0.200355249,1.23940967,0.224948581,1,"Geno_at_37"
"Gm20633","ENSMUSG00000093553.1",0.165862158,0.129195777,1.33771443,0.19119573,1,"Geno_at_37"
"Zfp937","ENSMUSG00000060336.6",0.165636853,0.708902874,1.46723037,0.152877983,1,"Geno_at_37"
"Ctnnd1","ENSMUSG00000034101.14",-0.165617416,-0.184741761,-1.25238919,0.220250789,1,"Geno_at_37"
"Gm49284","ENSMUSG00000114995.1",-0.165585877,1.9575197,-1.68462994,0.102596234,1,"Geno_at_37"
"Gm37581","ENSMUSG00000103388.1",0.165533558,2.07194272,1.89246341,0.0682639248,1,"Geno_at_37"
"Gm13357","ENSMUSG00000083650.1",0.165514592,0.686525993,1.24245207,0.223840719,1,"Geno_at_37"
"Gm48855","ENSMUSG00000111160.1",-0.165512932,0.143767424,-1.12914054,0.267922937,1,"Geno_at_37"
"Gm37320","ENSMUSG00000104324.1",-0.165466815,-0.106266896,-1.17700444,0.248588733,1,"Geno_at_37"
"Gm25117","ENSMUSG00000087819.1",0.165438583,0.207658312,1.23483714,0.226621364,1,"Geno_at_37"
"Wnt3","ENSMUSG00000000125.5",0.165435662,0.152609094,1.40859213,0.169392614,1,"Geno_at_37"
"Cdh17","ENSMUSG00000028217.11",-0.165428175,-0.458050641,-1.3050587,0.201945549,1,"Geno_at_37"
"Rnf24","ENSMUSG00000048911.15",0.165405615,3.06162856,1.8680901,0.0716956986,1,"Geno_at_37"
"Gpsm1","ENSMUSG00000026930.15",-0.16522335,2.90903315,-1.58042449,0.125240124,1,"Geno_at_37"
"AL935121.1","ENSMUSG00000118623.1",-0.165178694,-0.155546662,-1.26406058,0.216089983,1,"Geno_at_37"
"Cct3-ps1","ENSMUSG00000083937.3",-0.16515843,-0.294138568,-1.64759372,0.110031724,1,"Geno_at_37"
"Vamp5","ENSMUSG00000073002.9",-0.165120551,2.37336007,-1.67975563,0.103550161,1,"Geno_at_37"
"Rps2-ps13","ENSMUSG00000081684.4",0.165085623,1.56245654,1.83964924,0.0758870651,1,"Geno_at_37"
"Actn3","ENSMUSG00000006457.4",-0.164989426,-0.312070123,-1.10469269,0.278654211,1,"Geno_at_37"
"Gm26781","ENSMUSG00000097433.1",0.164916614,0.71919812,1.31912447,0.197259754,1,"Geno_at_37"
"Gm14857","ENSMUSG00000081289.1",-0.16490858,1.37592192,-1.45981959,0.154891293,1,"Geno_at_37"
"Il10","ENSMUSG00000016529.5",-0.164892441,-0.101266514,-1.22848217,0.22896169,1,"Geno_at_37"
"Syngr3","ENSMUSG00000007021.5",0.164838127,-0.0105896795,1.4912434,0.146497788,1,"Geno_at_37"
"Gm22980","ENSMUSG00000064542.1",-0.164829815,-0.0830388718,-1.76912133,0.087196314,1,"Geno_at_37"
"Dbndd2","ENSMUSG00000017734.15",-0.1648066,-0.0163041649,-1.29970385,0.203751694,1,"Geno_at_37"
"Ptgs1","ENSMUSG00000047250.13",-0.164742429,2.47259869,-0.771231117,0.451089785,1,"Geno_at_37"
"Gm31897","ENSMUSG00000108760.1",-0.164504105,-0.390214665,-1.31229324,0.199524921,1,"Geno_at_37"
"AU041133","ENSMUSG00000078435.5",0.164477564,2.25513762,1.80399497,0.0814368068,1,"Geno_at_37"
"Rcor2","ENSMUSG00000024968.14",-0.16446492,0.641676078,-1.34490367,0.188889647,1,"Geno_at_37"
"Gm7967","ENSMUSG00000100009.6",0.16440783,1.05323807,1.29419987,0.205620993,1,"Geno_at_37"
"Fkbp7","ENSMUSG00000002732.14",-0.164323208,1.16818758,-1.23629324,0.226087665,1,"Geno_at_37"
"Foxj1","ENSMUSG00000034227.7",0.164321097,-0.198937923,1.42664734,0.164163871,1,"Geno_at_37"
"Mycl","ENSMUSG00000028654.13",0.16429876,0.535066261,0.978056172,0.336579478,1,"Geno_at_37"
"Rps3a3","ENSMUSG00000059751.7",-0.164279504,4.71555765,-3.17088773,0.00352762098,1,"Geno_at_37"
"Gm13071","ENSMUSG00000083811.1",-0.164247572,0.857145912,-1.35222329,0.186563952,1,"Geno_at_37"
"Gm8250","ENSMUSG00000080783.1",-0.164214434,-0.0935627515,-1.26385919,0.216161268,1,"Geno_at_37"
"Gm19391","ENSMUSG00000105139.1",-0.164205639,-0.0532322023,-1.34424596,0.18909972,1,"Geno_at_37"
"Sntg2","ENSMUSG00000020672.14",-0.164188967,0.440335042,-1.4728332,0.151369781,1,"Geno_at_37"
"Phf20-ps","ENSMUSG00000098506.2",-0.164184495,0.0152257921,-0.533152601,0.600865476,1,"Geno_at_37"
"Ccdc15","ENSMUSG00000034303.8",0.164184429,3.07642218,2.2412134,0.0326846009,1,"Geno_at_37"
"Dnase1","ENSMUSG00000005980.15",-0.164157421,2.72288765,-2.07179339,0.047113716,1,"Geno_at_37"
"Gm11826","ENSMUSG00000083328.3",-0.164152426,3.02308475,-2.23556899,0.0330927958,1,"Geno_at_37"
"Gm6934","ENSMUSG00000103753.1",-0.164097499,-0.651194646,-1.3876259,0.175628159,1,"Geno_at_37"
"Atp1a3","ENSMUSG00000040907.15",-0.164054412,-0.44543648,-1.46528874,0.153403437,1,"Geno_at_37"
"Gm26740","ENSMUSG00000097705.1",-0.164054256,2.21996324,-1.54881089,0.132073054,1,"Geno_at_37"
"Gm44284","ENSMUSG00000108033.1",-0.163877123,-0.222836181,-1.44807703,0.158124716,1,"Geno_at_37"
"Gm11737","ENSMUSG00000080810.1",0.163782645,-0.391485542,1.13505704,0.265767003,1,"Geno_at_37"
"Gm13899","ENSMUSG00000081077.1",0.163774735,-0.542317699,1.61471403,0.117002746,1,"Geno_at_37"
"Mical2","ENSMUSG00000038244.14",-0.163757417,6.7387419,-1.30252031,0.210892661,1,"Geno_at_37"
"Kitl","ENSMUSG00000019966.18",0.163711058,-0.872524226,2.00091013,0.0546633058,1,"Geno_at_37"
"Dzank1","ENSMUSG00000037259.15",0.163643149,-0.502399704,1.55599724,0.130356404,1,"Geno_at_37"
"Gm45853","ENSMUSG00000110635.1",0.163618921,1.37894833,1.46326805,0.153951821,1,"Geno_at_37"
"Elovl2","ENSMUSG00000021364.16",-0.163612894,-0.567829958,-1.29955228,0.203802994,1,"Geno_at_37"
"Ect2l","ENSMUSG00000071392.6",-0.163560989,-0.277063244,-1.17881783,0.247876919,1,"Geno_at_37"
"Gm24011","ENSMUSG00000088357.1",0.163463222,-0.384542127,1.33122034,0.193297502,1,"Geno_at_37"
"2610528A11Rik","ENSMUSG00000096001.2",-0.163454582,0.135562993,-0.916405796,0.367983437,1,"Geno_at_37"
"Gm10075","ENSMUSG00000100720.1",-0.163443227,0.362366468,-1.04823544,0.303029451,1,"Geno_at_37"
"C8g","ENSMUSG00000015083.11",-0.163378939,1.8795554,-1.62710989,0.114332929,1,"Geno_at_37"
"Slc24a3","ENSMUSG00000063873.10",-0.163358719,-0.600086877,-1.41935671,0.166259633,1,"Geno_at_37"
"Rps15a-ps4","ENSMUSG00000083757.2",-0.163316469,3.16996608,-1.3788534,0.181347558,1,"Geno_at_37"
"1700029I15Rik","ENSMUSG00000044916.10",-0.163269463,0.535818462,-1.20751345,0.236812036,1,"Geno_at_37"
"Mir6236","ENSMUSG00000098973.1",-0.163217487,5.46788888,-1.05447918,0.30709354,1,"Geno_at_37"
"Ahrr","ENSMUSG00000021575.16",0.163215695,1.05296922,1.31721824,0.197889841,1,"Geno_at_37"
"Bcorl1","ENSMUSG00000036959.15",0.163215289,4.18906321,2.57469286,0.0152954527,1,"Geno_at_37"
"Dlx1as","ENSMUSG00000084946.2",0.16316333,0.938002978,1.61123905,0.117760356,1,"Geno_at_37"
"Gm11639","ENSMUSG00000040838.10",-0.163045944,-0.364869999,-1.46158944,0.154408558,1,"Geno_at_37"
"Gm9378","ENSMUSG00000082507.1",-0.163035473,-0.216523917,-1.48921312,0.147028809,1,"Geno_at_37"
"Spin2c","ENSMUSG00000046550.8",-0.163030022,4.1472926,-1.26387875,0.222709819,1,"Geno_at_37"
"Gm13039","ENSMUSG00000083826.1",-0.162949818,-0.548526237,-1.90730335,0.0662447355,1,"Geno_at_37"
"Pip5kl1","ENSMUSG00000046854.16",0.162945676,0.00411786467,1.34525639,0.18877706,1,"Geno_at_37"
"Ttll10","ENSMUSG00000029074.14",0.162941677,-0.208750374,1.55436983,0.130743551,1,"Geno_at_37"
"Gm20498","ENSMUSG00000021139.17",0.162921953,0.279588707,1.20440939,0.237990952,1,"Geno_at_37"
"Gm6257","ENSMUSG00000091866.1",0.162851639,-0.138484218,1.37864948,0.178352268,1,"Geno_at_37"
"4833412C05Rik","ENSMUSG00000097697.2",-0.162809786,-0.530937152,-1.52854733,0.137012861,1,"Geno_at_37"
"Mgat4e","ENSMUSG00000046367.10",0.162734747,-0.695637225,1.55652329,0.130231462,1,"Geno_at_37"
"Gal","ENSMUSG00000024907.7",-0.162728487,2.62232327,-1.18949637,0.246591321,1,"Geno_at_37"
"Cabcoco1","ENSMUSG00000019945.10",-0.162726699,0.751540047,-1.31891908,0.197327569,1,"Geno_at_37"
"Adamts18","ENSMUSG00000053399.9",-0.162709907,0.810610827,-0.703095888,0.490299702,1,"Geno_at_37"
"Gm49493","ENSMUSG00000108878.1",-0.162670388,0.32764613,-1.46029562,0.154761337,1,"Geno_at_37"
"Map3k8","ENSMUSG00000024235.11",0.162667309,5.01089506,1.98223927,0.0608269952,1,"Geno_at_37"
"Slc6a9","ENSMUSG00000028542.17",0.162650868,3.08841272,1.58151256,0.12529461,1,"Geno_at_37"
"Gm37010","ENSMUSG00000103883.1",0.162647087,-0.146411707,1.21274684,0.234834243,1,"Geno_at_37"
"Gm28417","ENSMUSG00000100280.2",-0.162634578,0.484007309,-1.13522779,0.265405342,1,"Geno_at_37"
"Gm13717","ENSMUSG00000081564.1",-0.162583547,-0.487246914,-1.4372923,0.161141522,1,"Geno_at_37"
"Kirrel","ENSMUSG00000041734.15",0.162575755,1.01465281,1.0886388,0.28517225,1,"Geno_at_37"
"Nmnat1","ENSMUSG00000028992.13",0.162494863,3.14494649,1.9931527,0.055550764,1,"Geno_at_37"
"F3","ENSMUSG00000028128.13",-0.162417996,1.23273857,-0.823860274,0.41920859,1,"Geno_at_37"
"Gm43340","ENSMUSG00000105228.1",0.162342034,-0.569487077,1.78775749,0.0840768558,1,"Geno_at_37"
"Vdr","ENSMUSG00000022479.15",-0.162300832,3.98565183,-2.79023951,0.00913217078,1,"Geno_at_37"
"Klre1","ENSMUSG00000050241.8",-0.162289677,-0.127938807,-1.23043392,0.228241008,1,"Geno_at_37"
"Chac2","ENSMUSG00000020309.6",-0.162235661,2.06049982,-1.87579802,0.0705946884,1,"Geno_at_37"
"Gm43434","ENSMUSG00000106112.1",0.16213998,-0.747265062,1.61901498,0.116070635,1,"Geno_at_37"
"Gm37366","ENSMUSG00000104010.1",-0.162121658,-0.42204825,-1.20387157,0.238195655,1,"Geno_at_37"
"Gm43692","ENSMUSG00000105429.1",-0.162107041,1.33632728,-1.32353822,0.195806753,1,"Geno_at_37"
"Slc29a4","ENSMUSG00000050822.11",0.162082716,0.801851284,1.18550606,0.245264541,1,"Geno_at_37"
"Gm37212","ENSMUSG00000104026.1",0.162038911,-0.0067893015,0.976489393,0.337453307,1,"Geno_at_37"
"Oit3","ENSMUSG00000009654.4",-0.161984869,-0.826446563,-1.86379012,0.0723163171,1,"Geno_at_37"
"Gm37174","ENSMUSG00000104253.1",0.161934883,-0.253169271,1.1847107,0.245574135,1,"Geno_at_37"
"Hs3st1","ENSMUSG00000051022.7",0.161894629,0.298578746,1.3913584,0.174505091,1,"Geno_at_37"
"Isoc2a","ENSMUSG00000086784.2",-0.16187238,4.3249464,-2.62710056,0.0135155537,1,"Geno_at_37"
"Gm37625","ENSMUSG00000102782.1",0.161855679,-0.350352697,1.28148277,0.209990129,1,"Geno_at_37"
"Snord43","ENSMUSG00000105167.1",0.161818339,0.815660131,1.5190073,0.139389854,1,"Geno_at_37"
"Arhgef16","ENSMUSG00000029032.12",0.161748369,-0.762299791,1.90316271,0.0668028618,1,"Geno_at_37"
"1700084E18Rik","ENSMUSG00000100747.4",0.161621576,0.478535649,1.36795208,0.18164169,1,"Geno_at_37"
"Shf","ENSMUSG00000033256.14",-0.161616639,3.00891197,-2.38797606,0.0235443362,1,"Geno_at_37"
"Mvb12b","ENSMUSG00000038740.9",-0.161603842,4.16848227,-2.70230442,0.011295367,1,"Geno_at_37"
"Acat3","ENSMUSG00000062480.12",-0.161600744,0.199670959,-1.15149151,0.258763063,1,"Geno_at_37"
"Spata45","ENSMUSG00000057072.11",-0.16156234,-0.752807708,-1.70915197,0.0979080106,1,"Geno_at_37"
"Gm20324","ENSMUSG00000100199.1",-0.16147139,2.83360952,-1.91737147,0.064904452,1,"Geno_at_37"
"Gm13423","ENSMUSG00000081648.1",-0.16146864,-0.362047226,-1.53301009,0.135912259,1,"Geno_at_37"
"Mtfp1","ENSMUSG00000004748.5",-0.161444036,1.33654313,-1.5320789,0.136141313,1,"Geno_at_37"
"Rnd2","ENSMUSG00000001313.12",-0.161416389,0.0311195759,-1.36721736,0.18186934,1,"Geno_at_37"
"Gm32364","ENSMUSG00000112558.1",-0.161386301,-0.526086297,-1.36349524,0.183026046,1,"Geno_at_37"
"Hus1b","ENSMUSG00000076430.1",-0.161353371,-0.220624067,-1.40247183,0.171194548,1,"Geno_at_37"
"Gm42868","ENSMUSG00000104943.1",-0.161340332,1.69407523,-1.18250105,0.246817548,1,"Geno_at_37"
"Gm37023","ENSMUSG00000104078.1",-0.16133391,-0.447787449,-1.39208733,0.174286424,1,"Geno_at_37"
"Syne2","ENSMUSG00000063450.14",0.161274365,4.5861829,3.167879,0.00355487829,1,"Geno_at_37"
"Sh2b2","ENSMUSG00000005057.13",-0.161240707,2.02020524,-1.20662429,0.23800542,1,"Geno_at_37"
"Col4a4","ENSMUSG00000067158.9",-0.161211176,-0.0389777163,-1.13490805,0.265537151,1,"Geno_at_37"
"Btc","ENSMUSG00000082361.6",-0.161192371,-0.580142044,-1.62747269,0.114255554,1,"Geno_at_37"
"Sema3b","ENSMUSG00000057969.15",0.161136424,-0.338770825,1.51428422,0.140578949,1,"Geno_at_37"
"Gm43467","ENSMUSG00000106316.1",-0.16109455,2.46675859,-1.54787716,0.132297446,1,"Geno_at_37"
"Fam228b","ENSMUSG00000050545.10",-0.160959144,0.766777781,-1.61580739,0.116765208,1,"Geno_at_37"
"Trgv2","ENSMUSG00000076754.2",-0.160948107,1.08027851,-1.34990553,0.187297966,1,"Geno_at_37"
"Satb2","ENSMUSG00000038331.15",0.160946725,-0.559554682,1.41802535,0.166644618,1,"Geno_at_37"
"1700056N10Rik","ENSMUSG00000084792.1",-0.160912588,1.2121562,-1.55163354,0.131396606,1,"Geno_at_37"
"Bhlha15","ENSMUSG00000052271.7",0.160842314,-0.295217027,1.41969056,0.166163204,1,"Geno_at_37"
"Gm11605","ENSMUSG00000081643.1",-0.160766401,3.72644055,-2.22502709,0.0338674676,1,"Geno_at_37"
"Gm25612","ENSMUSG00000077202.1",0.160710699,-0.33904005,1.24842121,0.221679039,1,"Geno_at_37"
"Gm17023","ENSMUSG00000091443.1",0.160679261,0.0781202254,1.16154041,0.254719982,1,"Geno_at_37"
"Gm37285","ENSMUSG00000103756.1",0.160544749,1.18348518,1.43980834,0.160433653,1,"Geno_at_37"
"Scamp5","ENSMUSG00000040722.7",-0.160532582,-0.425319484,-1.44418928,0.159207009,1,"Geno_at_37"
"Gm15429","ENSMUSG00000040323.13",-0.160505952,4.40431465,-2.82279708,0.00843479252,1,"Geno_at_37"
"Slc23a1","ENSMUSG00000024354.13",-0.160452736,1.23941829,-1.28219867,0.20974231,1,"Geno_at_37"
"Edaradd","ENSMUSG00000095105.2",0.160430487,-0.672813562,1.52411819,0.138112305,1,"Geno_at_37"
"Tac4","ENSMUSG00000020872.4",-0.160406443,-0.563386731,-1.28224251,0.209727141,1,"Geno_at_37"
"D430001F17Rik","ENSMUSG00000087190.2",-0.16036241,-0.754293105,-1.46629664,0.153130493,1,"Geno_at_37"
"Klrb1f","ENSMUSG00000030154.10",0.160354106,-0.723285495,1.67458933,0.104569308,1,"Geno_at_37"
"Ccn6","ENSMUSG00000062074.7",-0.160346268,2.74163933,-1.75561876,0.0895173495,1,"Geno_at_37"
"Snord11","ENSMUSG00000089093.3",-0.160278961,-0.539773733,-1.70695811,0.0983199835,1,"Geno_at_37"
"4931414P19Rik","ENSMUSG00000022179.5",0.160268657,2.46005015,2.11448674,0.0430250609,1,"Geno_at_37"
"Gm47958","ENSMUSG00000112684.1",-0.16013039,-0.58989613,-1.41958694,0.166193129,1,"Geno_at_37"
"Mtcp1","ENSMUSG00000031200.16",0.160082303,4.03768775,2.28942365,0.0293786948,1,"Geno_at_37"
"Zfp383","ENSMUSG00000099689.6",0.160063336,2.26698203,1.58864289,0.122785971,1,"Geno_at_37"
"Gm4742","ENSMUSG00000105461.1",0.160047411,2.2171753,1.52128442,0.138819474,1,"Geno_at_37"
"Gm20456","ENSMUSG00000092455.1",0.160014635,0.265365104,1.17750832,0.248390792,1,"Geno_at_37"
"Rasgrp4","ENSMUSG00000030589.15",0.159984134,1.31663492,1.14895585,0.259790613,1,"Geno_at_37"
"Gm5561","ENSMUSG00000096474.2",0.159974079,-0.41098654,1.06371435,0.296734376,1,"Geno_at_37"
"Gm49512","ENSMUSG00000116480.1",0.159929589,0.398951791,0.890848866,0.381247738,1,"Geno_at_37"
"Gm10686","ENSMUSG00000111685.1",-0.159871873,-0.703603339,-1.57662336,0.125530209,1,"Geno_at_37"
"Gm17106","ENSMUSG00000078489.2",0.159860615,-0.624863893,1.40603482,0.170143709,1,"Geno_at_37"
"Gm13342","ENSMUSG00000082516.1",-0.1597993,0.485028015,-1.29185206,0.206422345,1,"Geno_at_37"
"Oasl1","ENSMUSG00000041827.15",0.159792224,-0.740521642,1.83231831,0.0770009154,1,"Geno_at_37"
"Dynlt1a","ENSMUSG00000092074.2",-0.159785421,1.63779894,-1.32571498,0.195093211,1,"Geno_at_37"
"Ccrl2","ENSMUSG00000043953.12",0.159779949,0.919232399,1.20790354,0.23666419,1,"Geno_at_37"
"5031434O11Rik","ENSMUSG00000097885.7",-0.159728306,1.91409924,-1.68037755,0.103428037,1,"Geno_at_37"
"Gdf9","ENSMUSG00000018238.6",-0.159580829,-0.428666097,-1.35698705,0.185062328,1,"Geno_at_37"
"E430021H15Rik","ENSMUSG00000105519.1",-0.15953357,-0.0210184388,-1.37129452,0.180608853,1,"Geno_at_37"
"Tmem267","ENSMUSG00000074634.12",0.159435607,2.54838728,0.992196537,0.333073086,1,"Geno_at_37"
"Rps6-ps1","ENSMUSG00000063875.6",0.159429131,-0.128771261,1.41193396,0.168415044,1,"Geno_at_37"
"D530018E20Rik","ENSMUSG00000107610.1",-0.159387151,1.2857256,-1.32131056,0.196539061,1,"Geno_at_37"
"Gm49707","ENSMUSG00000116600.1",-0.159340071,1.36416583,-1.23032274,0.228282015,1,"Geno_at_37"
"Gm8906","ENSMUSG00000095296.7",-0.15932973,-0.37021173,-1.35920696,0.184365793,1,"Geno_at_37"
"Prph","ENSMUSG00000023484.14",0.15932016,-0.78941959,1.6807568,0.103353624,1,"Geno_at_37"
"Ncr3-ps","ENSMUSG00000086076.1",-0.159319477,-0.567593873,-1.32331442,0.195880229,1,"Geno_at_37"
"A330009N23Rik","ENSMUSG00000097915.2",0.159298794,-0.182477031,1.11447889,0.274057476,1,"Geno_at_37"
"Fcgr2b","ENSMUSG00000026656.15",-0.15922128,-0.887820804,-2.16271068,0.0387885205,1,"Geno_at_37"
"Sema6b","ENSMUSG00000001227.12",0.159183367,0.453186822,1.4973743,0.144903603,1,"Geno_at_37"
"Prrg4","ENSMUSG00000027171.10",0.159156231,4.65173796,1.77231238,0.0910719308,1,"Geno_at_37"
"9530053A07Rik","ENSMUSG00000078776.9",-0.15915278,-0.435245406,-1.29897462,0.203998607,1,"Geno_at_37"
"Eps8","ENSMUSG00000015766.14",0.159144048,0.925252779,1.19482076,0.241660198,1,"Geno_at_37"
"Gm37215","ENSMUSG00000104020.1",-0.159116743,-0.258356925,-1.20097226,0.23930144,1,"Geno_at_37"
"Gm7299","ENSMUSG00000102193.1",0.159054026,-0.299848923,1.45530106,0.15612921,1,"Geno_at_37"
"Gm16477","ENSMUSG00000062758.6",0.159019468,0.32781236,1.22476513,0.23033891,1,"Geno_at_37"
"5033406O09Rik","ENSMUSG00000113769.1",0.158993227,-0.175952404,1.36040902,0.183989476,1,"Geno_at_37"
"Lin28b","ENSMUSG00000063804.8",0.158924508,-0.49397084,1.37727164,0.178773317,1,"Geno_at_37"
"Cdk20","ENSMUSG00000021483.8",-0.158903345,1.82981784,-1.68590664,0.102347597,1,"Geno_at_37"
"Gm14453","ENSMUSG00000087442.1",0.158892346,1.2439304,1.4561788,0.155888125,1,"Geno_at_37"
"Gm15952","ENSMUSG00000085655.5",-0.158877821,0.110975784,-1.30384136,0.202355066,1,"Geno_at_37"
"Tnn","ENSMUSG00000026725.17",-0.158755101,-0.0705518636,-1.14951265,0.259564721,1,"Geno_at_37"
"Gm12655","ENSMUSG00000087128.7",-0.15872523,1.06536278,-1.32354991,0.195802915,1,"Geno_at_37"
"Gm6305","ENSMUSG00000081052.1",0.158706508,-0.326996225,1.15113673,0.258906657,1,"Geno_at_37"
"Aplp1","ENSMUSG00000006651.8",-0.158681796,3.12136792,-1.19064699,0.247362301,1,"Geno_at_37"
"Gm15666","ENSMUSG00000084399.2",0.158596696,-0.737249056,1.79028579,0.083661052,1,"Geno_at_37"
"Gm12261","ENSMUSG00000081262.1",-0.158593937,1.51866031,-1.42153268,0.165631925,1,"Geno_at_37"
"Fndc4","ENSMUSG00000038552.14",0.158525582,-0.143083891,1.12540331,0.269477124,1,"Geno_at_37"
"Caskin1","ENSMUSG00000033597.9",0.15851082,0.289618719,1.36456351,0.182693482,1,"Geno_at_37"
"Gm15760","ENSMUSG00000080797.2",-0.158508472,1.62747133,-1.47096228,0.151872076,1,"Geno_at_37"
"Dok7","ENSMUSG00000044716.12",-0.158504172,-0.388402072,-1.16952978,0.251538642,1,"Geno_at_37"
"B130055M24Rik","ENSMUSG00000086502.1",0.158467521,2.67721715,1.73416861,0.093311969,1,"Geno_at_37"
"Sh3bgrl2","ENSMUSG00000032261.16",-0.158466417,3.03364006,-0.793065632,0.438810524,1,"Geno_at_37"
"Pigp","ENSMUSG00000022940.17",-0.15846266,3.54696095,-2.58345283,0.0149835781,1,"Geno_at_37"
"Gm4535","ENSMUSG00000091083.4",-0.158457496,0.065887618,-1.50341106,0.143347577,1,"Geno_at_37"
"Gm12722","ENSMUSG00000081819.1",-0.158455941,-0.134523095,-1.44168995,0.159905892,1,"Geno_at_37"
"Pcyt1b","ENSMUSG00000035246.16",-0.15843751,1.43357623,-1.49441082,0.145672429,1,"Geno_at_37"
"Gm5870","ENSMUSG00000106392.1",-0.158424186,-0.59931286,-1.39899786,0.172224045,1,"Geno_at_37"
"Col4a2","ENSMUSG00000031503.13",-0.158413974,-0.325700408,-1.30993996,0.200309854,1,"Geno_at_37"
"Eml6","ENSMUSG00000044072.14",-0.158404603,-0.135467801,-1.27744495,0.211392058,1,"Geno_at_37"
"Gm11370","ENSMUSG00000081905.1",-0.15839605,-0.669988563,-1.52328172,0.138320744,1,"Geno_at_37"
"Shtn1","ENSMUSG00000041362.17",-0.158352079,3.11763936,-1.74250751,0.0918209527,1,"Geno_at_37"
"Tspan7","ENSMUSG00000058254.12",-0.15829164,1.30655071,-0.963586415,0.344348859,1,"Geno_at_37"
"Dmc1","ENSMUSG00000022429.11",-0.158270454,-0.133336272,-1.2874783,0.207921555,1,"Geno_at_37"
"Gm37607","ENSMUSG00000103839.1",-0.158261386,1.14217426,-1.49019492,0.146771825,1,"Geno_at_37"
"Gm48871","ENSMUSG00000112948.1",0.158161588,-0.527874958,1.28388638,0.209158964,1,"Geno_at_37"
"Gm14597","ENSMUSG00000079593.9",0.158135685,-0.40416193,1.26381922,0.21617542,1,"Geno_at_37"
"Gm28512","ENSMUSG00000100183.1",-0.158102364,0.742872115,-1.3229616,0.195996108,1,"Geno_at_37"
"Kcnrg","ENSMUSG00000046168.9",0.158057328,-0.220803697,1.38463619,0.176531813,1,"Geno_at_37"
"Ubald2","ENSMUSG00000050628.6",-0.157912662,5.14420831,-3.08840339,0.00435217437,1,"Geno_at_37"
"Plcb4","ENSMUSG00000039943.16",-0.15787968,0.922045896,-1.44148312,0.159963838,1,"Geno_at_37"
"Adamts4","ENSMUSG00000006403.13",-0.157835548,0.539115951,-1.34391722,0.189204786,1,"Geno_at_37"
"Mcmdc2","ENSMUSG00000046101.16",-0.157766506,-0.0730844129,-1.19812805,0.240389907,1,"Geno_at_37"
"Gm50340","ENSMUSG00000118100.1",0.157748026,0.595464341,1.15656441,0.256716219,1,"Geno_at_37"
"Syngap1","ENSMUSG00000067629.13",0.157734923,1.60440139,1.46372037,0.153828931,1,"Geno_at_37"
"AL671885.1","ENSMUSG00000118509.1",0.157713104,-0.701804094,1.67545162,0.104398624,1,"Geno_at_37"
"Isg20","ENSMUSG00000039236.18",0.15770524,4.33085997,1.28485939,0.215420731,1,"Geno_at_37"
"Aldh1a2","ENSMUSG00000013584.5",0.15767124,1.84302937,1.04728446,0.305074358,1,"Geno_at_37"
"Gm14226","ENSMUSG00000084897.1",-0.157625563,1.31283036,-1.14018275,0.263368723,1,"Geno_at_37"
"Glt8d2","ENSMUSG00000020251.13",0.157587242,-0.0365999946,1.21721582,0.233155089,1,"Geno_at_37"
"Ccdc62","ENSMUSG00000061882.12",-0.157522051,1.3541193,-1.44342218,0.159421253,1,"Geno_at_37"
"Gm7094","ENSMUSG00000096375.2",-0.15752128,0.887238531,-1.10524663,0.277971736,1,"Geno_at_37"
"Gm7432","ENSMUSG00000109610.1",-0.15750254,0.197880393,-1.02500033,0.313682077,1,"Geno_at_37"
"Ccpg1os","ENSMUSG00000086158.2",0.157496816,1.34471976,1.30759349,0.201094876,1,"Geno_at_37"
"Susd2","ENSMUSG00000006342.15",0.157396191,0.793044004,1.5032933,0.143377803,1,"Geno_at_37"
"Mitf","ENSMUSG00000035158.15",0.157391722,1.21371882,1.38995621,0.174926332,1,"Geno_at_37"
"Gm43712","ENSMUSG00000104649.1",-0.157381183,3.012224,-2.17099533,0.0380994026,1,"Geno_at_37"
"Gm10638","ENSMUSG00000074178.3",-0.157335688,0.834803986,-1.35487471,0.185727014,1,"Geno_at_37"
"Gm12599","ENSMUSG00000081325.1",-0.157212232,0.102137417,-1.35913142,0.184389461,1,"Geno_at_37"
"Gm13611","ENSMUSG00000066068.5",-0.157200939,4.5948742,-2.87292766,0.00745813488,1,"Geno_at_37"
"Gm49817","ENSMUSG00000117008.1",-0.157170114,-0.239392174,-1.31051512,0.200117792,1,"Geno_at_37"
"Nphp4","ENSMUSG00000039577.17",0.157162787,2.43646449,1.51254865,0.141017955,1,"Geno_at_37"
"6430550D23Rik","ENSMUSG00000074646.10",0.157152523,0.440697608,1.14785955,0.260235795,1,"Geno_at_37"
"Gm4045","ENSMUSG00000108231.1",0.157126466,-0.0359258624,1.25206111,0.220368617,1,"Geno_at_37"
"Ifi206","ENSMUSG00000037849.8",0.157054019,1.24764544,1.154951,0.257365924,1,"Geno_at_37"
"Gm23747","ENSMUSG00000077416.1",-0.157041433,-0.419686539,-1.26669662,0.215158532,1,"Geno_at_37"
"Unc119","ENSMUSG00000002058.13",-0.157001133,3.37381809,-2.4226062,0.0217592405,1,"Geno_at_37"
"Tbc1d25","ENSMUSG00000039201.10",-0.156991869,3.94142698,-2.91814145,0.00666960344,1,"Geno_at_37"
"Sh3d19","ENSMUSG00000028082.14",-0.156921943,-0.434446851,-1.04577592,0.304820295,1,"Geno_at_37"
"Cadm4","ENSMUSG00000054793.8",-0.156920476,1.23009937,-1.06202121,0.297086405,1,"Geno_at_37"
"Kbtbd6","ENSMUSG00000075502.2",0.156911508,2.23416804,1.58172989,0.124358232,1,"Geno_at_37"
"Dnaaf4","ENSMUSG00000092192.7",-0.156909805,-0.587773934,-1.35234982,0.186523945,1,"Geno_at_37"
"Gm45016","ENSMUSG00000109485.1",-0.15676089,-0.204297879,-1.16377969,0.253825355,1,"Geno_at_37"
"Rps11-ps1","ENSMUSG00000090516.1",-0.156759025,3.16923543,-2.14427857,0.0403617723,1,"Geno_at_37"
"Zxda","ENSMUSG00000073060.4",0.156732221,-0.301110072,1.22268777,0.2311113,1,"Geno_at_37"
"Myo3b","ENSMUSG00000042064.13",-0.156700549,3.9111454,-1.49389833,0.149903687,1,"Geno_at_37"
"Gm21057","ENSMUSG00000108714.1",-0.156683529,-0.380722385,-1.33964445,0.19057451,1,"Geno_at_37"
"Gm42900","ENSMUSG00000106671.1",0.156675739,-0.653576318,1.31336656,0.199167702,1,"Geno_at_37"
"Gm17194","ENSMUSG00000091507.1",0.156668151,-0.002472723,0.944681645,0.353150455,1,"Geno_at_37"
"Rab39b","ENSMUSG00000031202.5",-0.156667801,-0.7442559,-1.60617538,0.118871572,1,"Geno_at_37"
"mt-Rnr2","ENSMUSG00000064339.1",-0.156657654,10.5838198,-1.629492,0.122439532,1,"Geno_at_37"
"Kirrel3os","ENSMUSG00000053889.5",0.156646686,-0.582040367,1.63915988,0.111786118,1,"Geno_at_37"
"Ccdc78","ENSMUSG00000071202.5",0.156631027,1.09625536,1.32844799,0.194200171,1,"Geno_at_37"
"Il1rl2","ENSMUSG00000070942.8",0.156607977,1.7517729,1.34895767,0.187598789,1,"Geno_at_37"
"Trpc1","ENSMUSG00000032839.13",-0.156606325,-0.833847303,-1.8715082,0.07120564,1,"Geno_at_37"
"Klri2","ENSMUSG00000043932.5",0.156580266,2.03683735,1.6887954,0.10178687,1,"Geno_at_37"
"Gm7665","ENSMUSG00000063628.2",-0.156518319,2.28860565,-1.57504443,0.125894408,1,"Geno_at_37"
"Gm14441","ENSMUSG00000081861.1",0.156475404,-0.504119515,1.42448373,0.164783628,1,"Geno_at_37"
"Gm37305","ENSMUSG00000103041.1",0.15645155,2.3008333,1.71537045,0.0967481436,1,"Geno_at_37"
"Ina","ENSMUSG00000034336.3",-0.156438731,-0.377695733,-1.73627911,0.0929326878,1,"Geno_at_37"
"Snord89","ENSMUSG00000077704.1",-0.156422429,1.39258655,-1.3790946,0.178216412,1,"Geno_at_37"
"Gm45508","ENSMUSG00000110181.1",0.156396876,-0.401629707,1.2381939,0.225392442,1,"Geno_at_37"
"Bri3","ENSMUSG00000047843.16",-0.156295113,4.00469305,-2.30802184,0.0281863431,1,"Geno_at_37"
"Mir709","ENSMUSG00000076144.1",0.15627114,-0.630032943,1.4519596,0.157049716,1,"Geno_at_37"
"Pigr","ENSMUSG00000026417.13",-0.156264502,1.64130011,-1.41949318,0.166220208,1,"Geno_at_37"
"Trav6-7-dv9","ENSMUSG00000095126.3",-0.156229674,1.27176525,-1.42794213,0.163793868,1,"Geno_at_37"
"Gm10343","ENSMUSG00000071671.5",-0.156228741,0.266834382,-1.27758482,0.211343375,1,"Geno_at_37"
"Gm43684","ENSMUSG00000105613.1",0.156217091,0.267773345,1.2037089,0.238257599,1,"Geno_at_37"
"Gm48194","ENSMUSG00000114835.1",-0.156177143,1.80638371,-1.42974685,0.163279249,1,"Geno_at_37"
"Ano7","ENSMUSG00000034107.10",0.156134117,-0.303809276,1.3545317,0.185835121,1,"Geno_at_37"
"Gm12435","ENSMUSG00000081953.1",0.155980264,0.170830223,1.22519642,0.230178793,1,"Geno_at_37"
"Commd5","ENSMUSG00000055041.8",-0.155935656,-0.206885075,-1.09563291,0.282090087,1,"Geno_at_37"
"Shd","ENSMUSG00000039154.8",0.155916892,-0.062271329,1.14933782,0.259635633,1,"Geno_at_37"
"Trpv4","ENSMUSG00000014158.12",-0.155891914,-0.378769267,-1.41656416,0.167067958,1,"Geno_at_37"
"Hcn2","ENSMUSG00000020331.9",0.155833306,0.659508302,1.31252109,0.199449046,1,"Geno_at_37"
"Tspyl4","ENSMUSG00000039485.8",-0.155819193,2.74047169,-1.71925375,0.0960297101,1,"Geno_at_37"
"Efr3b","ENSMUSG00000020658.10",-0.155805563,1.0544173,-1.25129507,0.220643916,1,"Geno_at_37"
"Gm48225","ENSMUSG00000112637.1",-0.155752476,0.692915631,-1.26326458,0.216371851,1,"Geno_at_37"
"Gm11655","ENSMUSG00000084978.1",-0.155751224,0.518318957,-1.16885581,0.251805882,1,"Geno_at_37"
"Gm19587","ENSMUSG00000100701.1",0.155723267,0.837241238,1.19936384,0.239916525,1,"Geno_at_37"
"Gm43058","ENSMUSG00000104765.1",-0.155702438,-0.700648423,-1.50396151,0.143206368,1,"Geno_at_37"
"Pthlh","ENSMUSG00000048776.8",-0.155664559,-0.618632684,-1.387834,0.175565398,1,"Geno_at_37"
"Gm25788","ENSMUSG00000064655.1",0.155632231,-0.403155755,1.34819552,0.187840946,1,"Geno_at_37"
"A130050O07Rik","ENSMUSG00000102277.1",-0.155618086,-0.29086402,-1.17455088,0.249554225,1,"Geno_at_37"
"Ltk","ENSMUSG00000027297.14",0.155599172,-0.530385726,1.30995462,0.200304957,1,"Geno_at_37"
"Gm49312","ENSMUSG00000115771.1",0.155528269,-0.320967263,1.21465288,0.234116977,1,"Geno_at_37"
"Siglece","ENSMUSG00000030474.9",-0.155447349,-0.17787896,-1.14616947,0.260923186,1,"Geno_at_37"
"Gm24500","ENSMUSG00000089072.1",-0.155355385,0.0893743101,-1.06138228,0.297115243,1,"Geno_at_37"
"Gm48978","ENSMUSG00000115044.1",0.155219656,-0.367828987,1.12853683,0.268173561,1,"Geno_at_37"
"Ccdc138","ENSMUSG00000038010.9",-0.155177731,2.53998833,-1.99037614,0.0558714588,1,"Geno_at_37"
"Fam227a","ENSMUSG00000042564.13",-0.155125906,0.119096723,-1.33973795,0.190544457,1,"Geno_at_37"
"Cdkl3","ENSMUSG00000020389.19",-0.155042865,2.33305496,-1.66313058,0.106859656,1,"Geno_at_37"
"Fosb","ENSMUSG00000003545.3",-0.15503493,3.65279144,-0.446746356,0.660969933,1,"Geno_at_37"
"Bphl","ENSMUSG00000038286.11",-0.155029661,3.1842744,-2.29121064,0.0292621794,1,"Geno_at_37"
"Gstm5","ENSMUSG00000004032.10",0.155028234,0.0284211361,1.20459644,0.237919785,1,"Geno_at_37"
"Ncald","ENSMUSG00000051359.15",-0.154996979,0.384245586,-0.922632887,0.364177077,1,"Geno_at_37"
"Gm43637","ENSMUSG00000107225.1",-0.154966955,-0.697598186,-1.71225473,0.0973278337,1,"Geno_at_37"
"Gm48069","ENSMUSG00000111547.1",0.154952346,-0.333689197,1.10688152,0.277275679,1,"Geno_at_37"
"Aldh6a1","ENSMUSG00000021238.11",-0.15492896,2.82401844,-1.98904859,0.0560253643,1,"Geno_at_37"
"Sh3d21","ENSMUSG00000073758.10",-0.154905931,2.11171614,-1.88490623,0.0693124788,1,"Geno_at_37"
"Gm47004","ENSMUSG00000113603.1",0.15487561,-0.438466134,1.1599363,0.255362264,1,"Geno_at_37"
"Gm12788","ENSMUSG00000082144.1",-0.154864901,-0.484011769,-1.26398979,0.216115037,1,"Geno_at_37"
"Gm17149","ENSMUSG00000090334.1",-0.154854525,-0.527379882,-1.50189746,0.14373645,1,"Geno_at_37"
"Gm9888","ENSMUSG00000052724.7",-0.154844332,0.645643566,-1.25004885,0.221092338,1,"Geno_at_37"
"Gm37879","ENSMUSG00000104107.1",0.154790166,0.0806094037,1.41308982,0.168077963,1,"Geno_at_37"
"4930432K21Rik","ENSMUSG00000008129.14",-0.154754601,1.9996137,-1.53126972,0.136340611,1,"Geno_at_37"
"Rab34","ENSMUSG00000002059.18",0.154742339,2.82890412,1.9049126,0.0665664954,1,"Geno_at_37"
"Ceacam1","ENSMUSG00000074272.10",-0.154733372,1.68661251,-1.13848876,0.264411395,1,"Geno_at_37"
"Gm48933","ENSMUSG00000115003.1",-0.154722604,-0.562914254,-1.46145376,0.154445522,1,"Geno_at_37"
"B9d1","ENSMUSG00000001039.12",0.154663488,1.29795833,1.37970064,0.178031571,1,"Geno_at_37"
"Krt16","ENSMUSG00000053797.10",0.154641451,0.0554585239,0.999167813,0.325906936,1,"Geno_at_37"
"Mypopos","ENSMUSG00000086533.2",-0.154627548,3.20745374,-1.37906783,0.180647172,1,"Geno_at_37"
"Gm12009","ENSMUSG00000084183.1",-0.154621848,-0.231912195,-1.31850747,0.197463527,1,"Geno_at_37"
"Ly6c2","ENSMUSG00000022584.14",0.154573536,0.122209216,1.17066348,0.251089577,1,"Geno_at_37"
"Kctd1","ENSMUSG00000036225.15",-0.154563309,2.39638921,-1.93321799,0.0628425757,1,"Geno_at_37"
"1700102P08Rik","ENSMUSG00000032611.9",0.154535289,0.27475274,1.18715141,0.244625001,1,"Geno_at_37"
"AV356131","ENSMUSG00000108461.1",-0.15453124,-0.340301528,-1.35130647,0.186854031,1,"Geno_at_37"
"Vash2","ENSMUSG00000037568.12",-0.154471198,-0.293493042,-1.20420161,0.23807002,1,"Geno_at_37"
"Gm48708","ENSMUSG00000114373.1",0.154470948,-0.686641719,1.5439611,0.133241929,1,"Geno_at_37"
"Gm6352","ENSMUSG00000107952.1",-0.154458706,1.29084071,-1.45168098,0.157126666,1,"Geno_at_37"
"Gm11464","ENSMUSG00000087351.1",-0.154444572,-0.325784073,-1.47471798,0.150865111,1,"Geno_at_37"
"Mt3","ENSMUSG00000031760.9",-0.154444006,-0.683857656,-1.57372439,0.126199555,1,"Geno_at_37"
"Klhl35","ENSMUSG00000035298.8",0.154420008,0.544004824,1.46563368,0.153309982,1,"Geno_at_37"
"6330537M06Rik","ENSMUSG00000110575.1",-0.154283325,0.895064332,-1.33118827,0.193307924,1,"Geno_at_37"
"Zfp85os","ENSMUSG00000044081.7",0.154277286,-0.0899641649,1.27587341,0.211939616,1,"Geno_at_37"
"Blnk","ENSMUSG00000061132.13",-0.15424153,-0.290124107,-1.3075568,0.20110717,1,"Geno_at_37"
"Bcam","ENSMUSG00000002980.14",0.15421874,2.81711536,1.1844234,0.248537334,1,"Geno_at_37"
"B230216N24Rik","ENSMUSG00000089706.7",0.15419841,0.996378215,1.33277088,0.192794063,1,"Geno_at_37"
"Gm48809","ENSMUSG00000111987.1",0.154188952,-0.373666589,1.44700011,0.158423925,1,"Geno_at_37"
"B3galt4","ENSMUSG00000067370.4",-0.154141231,3.00118892,-1.77979392,0.0853980505,1,"Geno_at_37"
"Crabp2","ENSMUSG00000004885.5",0.15408466,4.94479432,1.87725174,0.0744200134,1,"Geno_at_37"
"Eln","ENSMUSG00000029675.12",0.154050693,0.224351693,0.919288859,0.365897468,1,"Geno_at_37"
"Cd83","ENSMUSG00000015396.4",0.154047496,4.30205555,1.10522679,0.284512715,1,"Geno_at_37"
"Raph1","ENSMUSG00000026014.15",0.154043293,6.38864521,3.30763799,0.00250703708,1,"Geno_at_37"
"Gm5148","ENSMUSG00000058174.7",0.154041947,-0.396976178,1.41207913,0.168372679,1,"Geno_at_37"
"Gm49863","ENSMUSG00000117285.1",-0.154003767,0.531182253,-1.26226019,0.216727906,1,"Geno_at_37"
"E2f5","ENSMUSG00000027552.14",0.153979813,3.59762527,2.21892448,0.0343233304,1,"Geno_at_37"
"Gm10136","ENSMUSG00000063754.7",-0.153959126,1.9825534,-1.75400602,0.0897980378,1,"Geno_at_37"
"A930005H10Rik","ENSMUSG00000054426.11",0.15391379,2.35816552,1.64856566,0.109831021,1,"Geno_at_37"
"Gja5","ENSMUSG00000057123.14",-0.15388281,4.75423573,-2.49753116,0.0183133536,1,"Geno_at_37"
"Tubb2a-ps2","ENSMUSG00000113275.1",0.153876972,-0.0239989419,1.50434495,0.143108069,1,"Geno_at_37"
"Rsph1","ENSMUSG00000024033.10",-0.153867833,0.330693673,-1.09992132,0.280247659,1,"Geno_at_37"
"Thumpd2","ENSMUSG00000024246.9",-0.153824912,2.59214668,-1.83010097,0.0773405625,1,"Geno_at_37"
"Gm22027","ENSMUSG00000084686.1",-0.153811972,-0.0684572694,-1.15108002,0.258929615,1,"Geno_at_37"
"C230085N15Rik","ENSMUSG00000102212.1",-0.153808443,-0.643718292,-1.54556255,0.132855027,1,"Geno_at_37"
"Gm15880","ENSMUSG00000084821.1",0.153785451,0.140659292,1.09883242,0.280714668,1,"Geno_at_37"
"1810009A15Rik","ENSMUSG00000071653.9",0.153740303,0.0739530377,1.17614562,0.24892637,1,"Geno_at_37"
"Gm23969","ENSMUSG00000065258.1",-0.153707493,0.347289581,-1.25295097,0.220049141,1,"Geno_at_37"
"Slc23a4","ENSMUSG00000029847.13",-0.153646249,-0.0392539996,-1.20583061,0.237450633,1,"Geno_at_37"
"Gm9311","ENSMUSG00000081492.1",-0.153595021,0.522903847,-1.092442,0.28346659,1,"Geno_at_37"
"Tdo2","ENSMUSG00000028011.16",0.153523834,-0.354354783,1.24380807,0.223348267,1,"Geno_at_37"
"Vmn2r97","ENSMUSG00000091491.2",-0.153520761,5.66529172,-2.27182209,0.0331917365,1,"Geno_at_37"
"Gm7434","ENSMUSG00000109241.1",0.153499106,0.964615919,1.51128968,0.141337099,1,"Geno_at_37"
"Gm49713","ENSMUSG00000116778.1",-0.153498651,-0.589882894,-1.33530251,0.191974259,1,"Geno_at_37"
"5330426L24Rik","ENSMUSG00000105501.1",-0.153496375,-0.616982623,-1.65654514,0.108194745,1,"Geno_at_37"
"Ttc21a","ENSMUSG00000032514.11",0.153450989,0.612103774,1.14472946,0.261509908,1,"Geno_at_37"
"Gm6455","ENSMUSG00000091422.8",-0.153370617,-0.143832083,-1.33953978,0.190608162,1,"Geno_at_37"
"Lime1","ENSMUSG00000090077.9",0.15331263,-0.19921407,1.2155735,0.233771123,1,"Geno_at_37"
"Gm42638","ENSMUSG00000106123.1",-0.153074513,0.356778113,-1.22883077,0.228832845,1,"Geno_at_37"
"Agpat2","ENSMUSG00000026922.13",0.153049228,2.72231378,2.00623419,0.0540614417,1,"Geno_at_37"
"H2-Ab1","ENSMUSG00000073421.6",-0.152991557,4.18414197,-0.73820523,0.470918322,1,"Geno_at_37"
"E130307A14Rik","ENSMUSG00000087177.7",-0.152963318,3.28163454,-2.23548719,0.0330987452,1,"Geno_at_37"
"Gm11425","ENSMUSG00000082419.3",-0.152955111,2.18269607,-1.48827278,0.147275279,1,"Geno_at_37"
"Raver2","ENSMUSG00000035275.14",0.152938057,1.1071791,1.48587431,0.147905441,1,"Geno_at_37"
"Gm16335","ENSMUSG00000085340.1",-0.152891588,-0.542270174,-1.57702354,0.125438041,1,"Geno_at_37"
"H2bc6","ENSMUSG00000047246.7",-0.152881658,0.564940002,-1.23416813,0.22686689,1,"Geno_at_37"
"Tbc1d2","ENSMUSG00000039813.14",0.152877674,0.602175676,1.19842405,0.240276459,1,"Geno_at_37"
"Gm40773","ENSMUSG00000112458.1",-0.152836023,0.145941816,-1.19199646,0.242748904,1,"Geno_at_37"
"A530010L16Rik","ENSMUSG00000110682.1",-0.152829588,-0.507465373,-1.63612276,0.11242355,1,"Geno_at_37"
"Sla2","ENSMUSG00000027636.11",-0.152786481,3.18622756,-1.29293309,0.209021301,1,"Geno_at_37"
"Gzmc","ENSMUSG00000079186.3",-0.152763006,1.44335301,-0.926770239,0.363063824,1,"Geno_at_37"
"Gm18959","ENSMUSG00000108823.1",0.152614026,0.274092073,1.16607593,0.25291036,1,"Geno_at_37"
"Rtl8a","ENSMUSG00000067925.4",-0.15260808,2.11005948,-1.72290035,0.0953591572,1,"Geno_at_37"
"Gm6142","ENSMUSG00000084304.1",-0.152603542,2.56086932,-2.18189976,0.0372090602,1,"Geno_at_37"
"Lad1","ENSMUSG00000041782.14",0.152595498,5.28591503,1.18408064,0.253206745,1,"Geno_at_37"
"Cxcl16","ENSMUSG00000018920.11",-0.152588139,0.558265366,-1.21218684,0.235045287,1,"Geno_at_37"
"Lrrc23","ENSMUSG00000030125.11",0.152570574,-0.68773421,1.60438296,0.119266981,1,"Geno_at_37"
"Wtip","ENSMUSG00000036459.15",0.152487848,1.27684342,1.24201239,0.224000572,1,"Geno_at_37"
"Mgat4b","ENSMUSG00000036620.14",-0.152456339,2.9656164,-2.09264155,0.0450760287,1,"Geno_at_37"
"Gm27818","ENSMUSG00000098670.1",0.15241429,-0.782872103,1.59926827,0.120401245,1,"Geno_at_37"
"Cd1d2","ENSMUSG00000041750.13",-0.152350276,-0.204543511,-1.44240352,0.159706109,1,"Geno_at_37"
"Gpr25","ENSMUSG00000052759.7",0.152343711,-0.378269478,1.36811554,0.181591074,1,"Geno_at_37"
"Vmac","ENSMUSG00000054723.6",-0.15228348,2.6509715,-1.60287513,0.119600446,1,"Geno_at_37"
"Pianp","ENSMUSG00000030329.11",0.15227183,-0.214463159,1.30211919,0.202935496,1,"Geno_at_37"
"Nostrin","ENSMUSG00000034738.8",0.152226792,-0.000345913199,1.20467522,0.23788982,1,"Geno_at_37"
"Gm47558","ENSMUSG00000114707.1",-0.152220873,-0.157338647,-1.09343399,0.28303815,1,"Geno_at_37"
"Gm21188","ENSMUSG00000095609.2",0.152213606,-0.812723973,1.34588794,0.188575607,1,"Geno_at_37"
"Gm17096","ENSMUSG00000090397.1",0.152209689,1.13334887,1.29806228,0.204307847,1,"Geno_at_37"
"Gm16574","ENSMUSG00000089769.1",-0.152207961,1.43528661,-1.23425681,0.226834331,1,"Geno_at_37"
"Gm14820","ENSMUSG00000087193.7",-0.15210566,-0.429329457,-1.13893361,0.26388108,1,"Geno_at_37"
"Pih1d2","ENSMUSG00000000167.14",0.152051822,0.166525572,1.42792667,0.163798282,1,"Geno_at_37"
"Lhfpl2","ENSMUSG00000045312.12",-0.15204057,0.478884524,-1.17445236,0.249593051,1,"Geno_at_37"
"Larp6","ENSMUSG00000034839.5",-0.152035197,-0.367259477,-1.31467615,0.198732513,1,"Geno_at_37"
"Gm7936","ENSMUSG00000055771.2",-0.151944286,0.436584248,-1.30047442,0.203491026,1,"Geno_at_37"
"1700109H08Rik","ENSMUSG00000008307.11",-0.15192136,3.17679132,-1.66538573,0.106405626,1,"Geno_at_37"
"Gm17764","ENSMUSG00000100744.1",0.151898031,-0.449905446,1.41576236,0.167300618,1,"Geno_at_37"
"Cdk5rap1","ENSMUSG00000027487.11",0.151842849,3.95264039,0.812461994,0.4281892,1,"Geno_at_37"
"Plat","ENSMUSG00000031538.6",0.15182934,-0.63518093,1.43924589,0.16059168,1,"Geno_at_37"
"Ccdc102a","ENSMUSG00000063605.5",-0.151807691,0.274916615,-1.31371599,0.199051512,1,"Geno_at_37"
"Dtx4","ENSMUSG00000039982.8",0.151800426,1.56886846,1.40713015,0.169821685,1,"Geno_at_37"
"Gm11520","ENSMUSG00000085143.1",0.15171468,-0.219464143,1.50894942,0.141931899,1,"Geno_at_37"
"Gm49149","ENSMUSG00000115849.1",0.151710196,-0.625174144,1.44585086,0.158743729,1,"Geno_at_37"
"Mtm1","ENSMUSG00000031337.16",0.151686559,2.54540651,1.86318437,0.0724041149,1,"Geno_at_37"
"Gm2387","ENSMUSG00000115457.1",-0.151653605,-0.363704439,-1.52839705,0.137050048,1,"Geno_at_37"
"Gm22772","ENSMUSG00000077639.1",0.151614183,-0.215080233,0.96610763,0.342430895,1,"Geno_at_37"
"Gm22952","ENSMUSG00000080370.1",0.151610452,-0.715095608,1.30370514,0.202400928,1,"Geno_at_37"
"Serpina3f","ENSMUSG00000066363.12",-0.151584322,3.81176276,-0.67598843,0.508553498,1,"Geno_at_37"
"Gjc1","ENSMUSG00000034520.14",0.151547591,0.43655216,1.26264888,0.216590061,1,"Geno_at_37"
"Gm8990","ENSMUSG00000114607.1",0.151492135,0.500160494,1.07305545,0.291932391,1,"Geno_at_37"
"Spry4","ENSMUSG00000024427.7",-0.151425957,-0.308971662,-1.5154717,0.140279217,1,"Geno_at_37"
"2610307P16Rik","ENSMUSG00000085936.7",-0.151401523,-0.871622747,-1.78208167,0.0850167072,1,"Geno_at_37"
"Lzts3","ENSMUSG00000037703.14",0.15125599,2.42466947,1.93632895,0.0624445431,1,"Geno_at_37"
"Pon3","ENSMUSG00000029759.9",0.151201277,0.902695911,1.15845726,0.255955515,1,"Geno_at_37"
"Awat2","ENSMUSG00000031220.14",-0.151188473,0.369006734,-1.18464212,0.245600844,1,"Geno_at_37"
"Rpl32l","ENSMUSG00000111356.1",-0.151150593,4.67843874,-2.48368348,0.0189097833,1,"Geno_at_37"
"5033430I15Rik","ENSMUSG00000038152.4",0.151126372,1.03975443,1.18092728,0.247050779,1,"Geno_at_37"
"Gm43335","ENSMUSG00000106623.1",0.151121618,-0.316817824,1.11092664,0.275558835,1,"Geno_at_37"
"Dnd1","ENSMUSG00000044595.10",-0.151027434,1.56402779,-1.41794172,0.166668824,1,"Geno_at_37"
"Fam124b","ENSMUSG00000043230.2",0.150982037,2.07026693,1.31717563,0.197903941,1,"Geno_at_37"
"N4bp2os","ENSMUSG00000106978.1",0.150977725,1.53695308,1.31635219,0.198176616,1,"Geno_at_37"
"Gm9430","ENSMUSG00000082458.1",-0.150951474,0.113756156,-1.19049384,0.243329608,1,"Geno_at_37"
"Gm47917","ENSMUSG00000112824.1",0.15094007,-0.126368755,0.877019219,0.388700325,1,"Geno_at_37"
"Ppp1r3e","ENSMUSG00000072494.7",0.150907223,2.8947421,1.80964856,0.0805343365,1,"Geno_at_37"
"Cdc25c","ENSMUSG00000044201.10",-0.150896898,4.3749282,-2.68772921,0.0116971448,1,"Geno_at_37"
"Gm18813","ENSMUSG00000115649.1",-0.150882732,-0.555509607,-1.48942849,0.146972407,1,"Geno_at_37"
"Gm8163","ENSMUSG00000084331.1",0.150742007,1.09787112,1.34098175,0.190144989,1,"Geno_at_37"
"Gm10933","ENSMUSG00000113792.1",0.150716494,-0.384081473,1.25988995,0.217569914,1,"Geno_at_37"
"Ccr6","ENSMUSG00000040899.14",0.150670364,5.11771204,1.85074515,0.0786819375,1,"Geno_at_37"
"Rnase10","ENSMUSG00000021872.8",-0.150625171,0.155602009,-1.15236659,0.258409138,1,"Geno_at_37"
"Gm5751","ENSMUSG00000079697.1",0.150617283,-0.610108968,1.35272909,0.186404067,1,"Geno_at_37"
"Gm44769","ENSMUSG00000108802.1",0.150607397,-0.75894939,1.32389298,0.195690326,1,"Geno_at_37"
"Spire2","ENSMUSG00000010154.7",-0.150589159,-0.498785862,-1.34434385,0.189068441,1,"Geno_at_37"
"Nlrc4","ENSMUSG00000039193.9",0.150522041,-0.445329219,1.50233968,0.143622747,1,"Geno_at_37"
"Plin4","ENSMUSG00000002831.14",0.150503586,-0.0636994878,1.21133028,0.235368371,1,"Geno_at_37"
"H2-Q10","ENSMUSG00000067235.14",-0.150483624,-0.396331367,-1.03542999,0.309207517,1,"Geno_at_37"
"Gm26902","ENSMUSG00000097558.1",0.150439801,-0.829420895,1.61711908,0.11648076,1,"Geno_at_37"
"E330032C10Rik","ENSMUSG00000117292.1",0.150423636,-0.317518545,1.43130174,0.162836898,1,"Geno_at_37"
"Slc7a8","ENSMUSG00000022180.7",-0.150375535,-0.549337993,-1.44047601,0.160246223,1,"Geno_at_37"
"Uggt2","ENSMUSG00000042104.18",0.150358166,0.0969265126,1.07611111,0.290586297,1,"Geno_at_37"
"Gm6543","ENSMUSG00000106135.1",-0.15032245,-0.503671377,-1.36929769,0.181225336,1,"Geno_at_37"
"Gm11470","ENSMUSG00000082665.1",-0.150295642,-0.49699289,-1.20328087,0.23842064,1,"Geno_at_37"
"Gm10603","ENSMUSG00000099137.1",-0.150263203,2.09121157,-1.65483287,0.108544144,1,"Geno_at_37"
"Nid2","ENSMUSG00000021806.4",0.150261669,-0.548961217,1.34369151,0.189276951,1,"Geno_at_37"
"5830405F06Rik","ENSMUSG00000103586.5",0.150258018,0.728521903,1.23339677,0.227150225,1,"Geno_at_37"
"Gm13217","ENSMUSG00000082953.3",0.150254817,1.23769984,1.55131786,0.131472119,1,"Geno_at_37"
"Tbx2","ENSMUSG00000000093.6",-0.15023277,-0.107591786,-1.2430819,0.223611885,1,"Geno_at_37"
"Gm12988","ENSMUSG00000082743.1",-0.150202346,-0.163693699,-1.35033354,0.187162251,1,"Geno_at_37"
"Map3k9","ENSMUSG00000042724.8",-0.150158704,0.342265289,-1.20294364,0.23854915,1,"Geno_at_37"
"Gm10647","ENSMUSG00000074232.3",-0.150132499,1.23264152,-1.28571766,0.20852739,1,"Geno_at_37"
"Gm5173","ENSMUSG00000112621.1",-0.150112639,-0.321695143,-1.13718229,0.264600634,1,"Geno_at_37"
"Gm5447","ENSMUSG00000056257.3",0.150084374,-0.291950941,1.15105434,0.25894001,1,"Geno_at_37"
"Exoc3l","ENSMUSG00000043251.6",0.150054218,0.832037314,1.2728169,0.213007651,1,"Geno_at_37"
"Hmox1","ENSMUSG00000005413.8",0.150032579,2.52382177,1.79256273,0.0832880866,1,"Geno_at_37"
"Gm3511","ENSMUSG00000105031.1",-0.150029892,1.01945481,-1.13911785,0.263805468,1,"Geno_at_37"
"Fbxo17","ENSMUSG00000030598.15",0.150010288,3.04573726,2.04466882,0.0498865172,1,"Geno_at_37"
"Slc27a1","ENSMUSG00000031808.7",-0.150005471,5.05753703,-2.15860676,0.0409215125,1,"Geno_at_37"
"Scarna9","ENSMUSG00000077506.1",-0.149987955,0.0456751214,-1.06641459,0.294873031,1,"Geno_at_37"
"Krt86","ENSMUSG00000067614.5",0.149879583,-0.0368507842,1.05890488,0.298223474,1,"Geno_at_37"
"Ubtd2","ENSMUSG00000044949.4",0.149856192,3.26620835,2.04842507,0.0494941459,1,"Geno_at_37"
"Rab36","ENSMUSG00000020175.15",-0.149849553,-0.0527185527,-0.939014681,0.355772046,1,"Geno_at_37"
"Ago4","ENSMUSG00000042500.11",-0.149786458,0.865383222,-1.13471838,0.265615364,1,"Geno_at_37"
"Gm2710","ENSMUSG00000060128.5",-0.149756268,-0.213734965,-1.4402266,0.160316217,1,"Geno_at_37"
"F8","ENSMUSG00000031196.13",-0.149755135,1.27308508,-1.21519909,0.233911735,1,"Geno_at_37"
"Ttll13","ENSMUSG00000045467.13",0.149739775,-0.492785715,1.46755314,0.152790772,1,"Geno_at_37"
"Gm48048","ENSMUSG00000114102.1",0.149690733,1.68736691,1.40526708,0.170369708,1,"Geno_at_37"
"4930580E04Rik","ENSMUSG00000106269.1",0.149673122,-0.715261496,1.45164916,0.157135456,1,"Geno_at_37"
"Ntng2","ENSMUSG00000035513.19",-0.149651466,2.91450495,-1.87603557,0.0705609895,1,"Geno_at_37"
"H2-Oa","ENSMUSG00000024334.9",-0.14964399,1.55277341,-1.25764043,0.218371321,1,"Geno_at_37"
"Ccdc96","ENSMUSG00000050677.2",0.149612749,-0.422864961,1.489382,0.146984579,1,"Geno_at_37"
"9430064I24Rik","ENSMUSG00000108402.1",0.149578585,-0.262091216,1.14802797,0.260167369,1,"Geno_at_37"
"Gm44673","ENSMUSG00000108388.1",-0.149572123,-0.381742358,-1.12562303,0.269385568,1,"Geno_at_37"
"Serpinb6b","ENSMUSG00000042842.11",0.149549988,3.04403118,1.50381128,0.143673766,1,"Geno_at_37"
"Zfp759","ENSMUSG00000057396.7",0.149470518,2.27956508,1.55045103,0.13167965,1,"Geno_at_37"
"Gm15872","ENSMUSG00000090080.2",0.149465363,-0.258769557,1.18923686,0.243816167,1,"Geno_at_37"
"Trim30a","ENSMUSG00000030921.17",0.149407373,5.38903517,1.92087991,0.068888292,1,"Geno_at_37"
"Gm20559","ENSMUSG00000106734.3",0.149342183,2.40950364,1.0975907,0.283287456,1,"Geno_at_37"
"Gm8274","ENSMUSG00000112196.1",0.149309261,-0.0556579779,1.34929014,0.187493229,1,"Geno_at_37"
"Rhpn2","ENSMUSG00000030494.13",0.149303573,-0.280639756,1.1978424,0.240499425,1,"Geno_at_37"
"Gm13204","ENSMUSG00000082860.1",-0.149216095,1.37779695,-1.51147915,0.141289032,1,"Geno_at_37"
"Gm49902","ENSMUSG00000117121.1",0.149181669,0.093768113,1.26320384,0.216393368,1,"Geno_at_37"
"Tha1","ENSMUSG00000017713.9",0.149178003,1.21253983,1.03571508,0.308767692,1,"Geno_at_37"
"9230114K14Rik","ENSMUSG00000097145.5",0.149158411,1.35773741,1.50112869,0.143934286,1,"Geno_at_37"
"Gm34885","ENSMUSG00000111748.1",0.14914243,-0.388173175,1.32670249,0.194770166,1,"Geno_at_37"
"Arg2","ENSMUSG00000021125.6",-0.149127862,-0.438893981,-1.30915265,0.200572992,1,"Geno_at_37"
"Gm42471","ENSMUSG00000107263.1",0.149126629,-0.47049983,1.23252142,0.227472082,1,"Geno_at_37"
"Fam151b","ENSMUSG00000034334.8",-0.149119279,0.982435733,-1.34798448,0.18790804,1,"Geno_at_37"
"Macroh2a2","ENSMUSG00000020086.6",-0.14901883,-0.409952978,-1.29804242,0.204314584,1,"Geno_at_37"
"Gm13622","ENSMUSG00000082345.1",-0.149009325,0.22961388,-1.30481551,0.202027306,1,"Geno_at_37"
"Fam83f","ENSMUSG00000022408.7",-0.148976345,-0.382885717,-1.4254595,0.164503893,1,"Geno_at_37"
"Cyp4f16","ENSMUSG00000048440.16",0.148901163,0.499698294,1.11802602,0.272564153,1,"Geno_at_37"
"Slc34a3","ENSMUSG00000006469.13",-0.14886619,0.928023706,-0.686952905,0.499871631,1,"Geno_at_37"
"A830035O19Rik","ENSMUSG00000111329.1",-0.148836546,1.15659474,-1.32803601,0.194334589,1,"Geno_at_37"
"Gm12960","ENSMUSG00000100514.1",0.148829231,0.74016032,1.22265781,0.231122452,1,"Geno_at_37"
"Gm10676","ENSMUSG00000074355.2",-0.148801484,1.30974941,-1.52759349,0.137249031,1,"Geno_at_37"
"Sh3pxd2a","ENSMUSG00000053617.12",-0.148779197,1.82218951,-1.49410071,0.14575307,1,"Geno_at_37"
"Dexi","ENSMUSG00000038055.12",-0.148716702,3.78101448,-2.42145215,0.0218166786,1,"Geno_at_37"
"Uros","ENSMUSG00000030979.13",0.148706404,3.54402034,1.94447765,0.0614123307,1,"Geno_at_37"
"Gm45186","ENSMUSG00000108547.1",-0.148662661,-0.202555206,-1.13566507,0.265225151,1,"Geno_at_37"
"Kcnk4","ENSMUSG00000024957.9",0.148620531,-0.71694384,1.67552223,0.104384659,1,"Geno_at_37"
"Spaca1","ENSMUSG00000028264.16",-0.148577795,-0.483743823,-1.38072354,0.177719926,1,"Geno_at_37"
"C1ra","ENSMUSG00000055172.10",-0.14856653,-0.145326567,-1.20445647,0.237973039,1,"Geno_at_37"
"4933401H06Rik","ENSMUSG00000106306.4",-0.148556637,-0.111565914,-1.14029963,0.263320821,1,"Geno_at_37"
"4930578M01Rik","ENSMUSG00000097587.2",-0.148545981,-0.534346743,-1.20686726,0.2370571,1,"Geno_at_37"
"Rab4a","ENSMUSG00000019478.16",0.148543308,0.955217784,1.09201721,0.283650196,1,"Geno_at_37"
"4930549G23Rik","ENSMUSG00000118134.1",-0.148468557,1.44782564,-1.31441535,0.198819121,1,"Geno_at_37"
"Il11","ENSMUSG00000004371.15",-0.14844426,-0.691731815,-1.34380369,0.18924108,1,"Geno_at_37"
"Olfr525","ENSMUSG00000061489.3",-0.148428894,-0.863651581,-1.83377433,0.0767785811,1,"Geno_at_37"
"Ighg3","ENSMUSG00000076615.4",-0.148421864,-0.50490514,-1.3131453,0.199241302,1,"Geno_at_37"
"Gm6741","ENSMUSG00000043346.9",0.1484092,1.01636457,1.17701457,0.248584751,1,"Geno_at_37"
"Gm37962","ENSMUSG00000104392.1",-0.148396782,0.273160292,-1.14638533,0.260835318,1,"Geno_at_37"
"B330016D10Rik","ENSMUSG00000048406.5",0.148347347,0.413599423,1.27720747,0.211474732,1,"Geno_at_37"
"Tsacc","ENSMUSG00000010538.14",0.148344502,0.264126391,1.12052763,0.271514513,1,"Geno_at_37"
"Gm32633","ENSMUSG00000108393.1",0.148336749,0.160977833,1.35361937,0.186122905,1,"Geno_at_37"
"Gm49413","ENSMUSG00000116238.1",0.148321229,0.678969714,1.09658488,0.281680349,1,"Geno_at_37"
"Gm44524","ENSMUSG00000107892.1",0.148292613,-0.29164838,1.20744352,0.236838547,1,"Geno_at_37"
"Tirap","ENSMUSG00000032041.15",0.148268088,2.28078737,1.50209443,0.143685796,1,"Geno_at_37"
"Podxl","ENSMUSG00000025608.9",0.148218325,3.33444295,1.4976549,0.146002627,1,"Geno_at_37"
"Gm13387","ENSMUSG00000087028.7",0.148217595,0.0684793544,1.29341435,0.205888841,1,"Geno_at_37"
"Gm16201","ENSMUSG00000086742.8",-0.148203681,-0.230032464,-1.44300186,0.159538744,1,"Geno_at_37"
"Gm37510","ENSMUSG00000104378.1",-0.148172585,-0.191034836,-1.07150026,0.29261918,1,"Geno_at_37"
"Fsd1l","ENSMUSG00000054752.16",0.148143545,6.60102466,3.14414777,0.0039116002,1,"Geno_at_37"
"Zfp583","ENSMUSG00000030443.16",0.148094143,1.08300916,1.17871507,0.247917215,1,"Geno_at_37"
"Gm18935","ENSMUSG00000110627.1",0.14803249,-0.510799812,1.13176815,0.266834086,1,"Geno_at_37"
"Mir199a-1","ENSMUSG00000065547.1",-0.147945368,-0.303155044,-1.25120295,0.220677039,1,"Geno_at_37"
"Gm38297","ENSMUSG00000104272.1",-0.147908559,-0.326841482,-1.35851325,0.184583238,1,"Geno_at_37"
"Stra6","ENSMUSG00000032327.14",0.147844162,3.19757222,0.483447549,0.635240014,1,"Geno_at_37"
"Gm43010","ENSMUSG00000104571.1",-0.147839487,-0.526605365,-1.19643261,0.241040487,1,"Geno_at_37"
"Gm9874","ENSMUSG00000103207.1",0.147798362,0.177371404,1.07470124,0.291206833,1,"Geno_at_37"
"Gm371","ENSMUSG00000087522.3",-0.147730428,-0.0200889838,-0.853144282,0.401435249,1,"Geno_at_37"
"Trav9-1","ENSMUSG00000096900.3",-0.147723925,1.6121292,-1.30089451,0.203349029,1,"Geno_at_37"
"Adamtsl2","ENSMUSG00000036040.14",-0.147718835,3.39045436,-0.957514262,0.351156997,1,"Geno_at_37"
"Gm43514","ENSMUSG00000105755.1",0.147717555,-0.697366516,1.37098835,0.18070327,1,"Geno_at_37"
"Fam221b","ENSMUSG00000043633.6",-0.147672379,1.43036507,-0.827220349,0.416771482,1,"Geno_at_37"
"Oaz2-ps","ENSMUSG00000083610.1",-0.147670357,0.761301308,-1.40150156,0.171481594,1,"Geno_at_37"
"Gm6611","ENSMUSG00000091997.1",0.147597539,0.666245515,0.884415188,0.384160017,1,"Geno_at_37"
"Gm45191","ENSMUSG00000108752.1",0.147560719,-0.731795964,1.53058586,0.136509226,1,"Geno_at_37"
"Tgm2","ENSMUSG00000037820.15",0.147543322,2.82672803,0.425099333,0.676351587,1,"Geno_at_37"
"Gm3086","ENSMUSG00000079076.2",-0.147534905,0.406415503,-1.2188236,0.232553185,1,"Geno_at_37"
"Extl1","ENSMUSG00000028838.11",-0.14746453,3.38970795,-2.27181334,0.0305495564,1,"Geno_at_37"
"1700019A02Rik","ENSMUSG00000060715.9",-0.147452131,-0.648856807,-1.34430293,0.189081516,1,"Geno_at_37"
"Gm16093","ENSMUSG00000087108.1",-0.147436651,0.753076615,-1.20181122,0.238981075,1,"Geno_at_37"
"Siah3","ENSMUSG00000091722.2",-0.147417513,0.766435156,-1.29745467,0.204513997,1,"Geno_at_37"
"Gm22748","ENSMUSG00000064427.1",0.147361245,0.559890972,1.05462101,0.300146647,1,"Geno_at_37"
"Gm17235","ENSMUSG00000080180.3",0.147354983,-0.595064506,1.44283786,0.159584603,1,"Geno_at_37"
"Hoga1","ENSMUSG00000025176.14",-0.147334995,-0.571832842,-1.55282517,0.13111188,1,"Geno_at_37"
"Gm13743","ENSMUSG00000083688.1",0.147258709,0.282261216,1.18189788,0.246671338,1,"Geno_at_37"
"Gm26571","ENSMUSG00000096953.2",0.147248365,-0.140173766,1.1047736,0.278173361,1,"Geno_at_37"
"Mast4","ENSMUSG00000034751.17",-0.147242118,2.90343833,-1.57396803,0.126143189,1,"Geno_at_37"
"Tmem14a","ENSMUSG00000025933.15",-0.147239679,0.977492077,-1.15082147,0.259034303,1,"Geno_at_37"
"Tns3","ENSMUSG00000020422.14",-0.147233811,0.328226021,-1.373442,0.17994769,1,"Geno_at_37"
"Mir155hg","ENSMUSG00000097418.7",0.147226865,5.49143604,1.35068368,0.194682285,1,"Geno_at_37"
"Snai3","ENSMUSG00000006587.6",0.147181209,1.31213881,1.17619845,0.24890559,1,"Geno_at_37"
"Gm8129","ENSMUSG00000059159.6",-0.147129994,4.07378095,-2.23731041,0.0329663722,1,"Geno_at_37"
"Gm25364","ENSMUSG00000089476.1",0.147069481,-0.398161013,1.16509493,0.253300968,1,"Geno_at_37"
"Slc6a17","ENSMUSG00000027894.14",-0.147045905,-0.379337355,-1.07515004,0.291009198,1,"Geno_at_37"
"Gm14227","ENSMUSG00000082596.1",0.146962644,-0.464134028,1.35976388,0.184191369,1,"Geno_at_37"
"Abhd6","ENSMUSG00000025277.14",0.146944804,2.29529992,1.8349396,0.0766010424,1,"Geno_at_37"
"Ttc39a","ENSMUSG00000028555.15",0.146942035,-0.534316646,1.42399429,0.16492408,1,"Geno_at_37"
"Gm12058","ENSMUSG00000082576.1",-0.146872551,-0.589504363,-1.37828571,0.178463358,1,"Geno_at_37"
"Gm17399","ENSMUSG00000097402.1",0.146870626,-0.350449912,1.28510091,0.208739933,1,"Geno_at_37"
"Ctxn1","ENSMUSG00000048644.8",-0.146839111,1.5937831,-1.31641554,0.19815563,1,"Geno_at_37"
"AI429214","ENSMUSG00000074384.4",0.146834924,0.20341833,1.08710321,0.28578033,1,"Geno_at_37"
"Trim6","ENSMUSG00000072244.11",0.146764558,-0.783787564,1.33128278,0.193277207,1,"Geno_at_37"
"Snord58b","ENSMUSG00000064871.1",-0.146755838,0.512924131,-1.07526969,0.290956523,1,"Geno_at_37"
"A830052D11Rik","ENSMUSG00000097413.2",-0.146753262,-0.64881392,-1.29854249,0.204145034,1,"Geno_at_37"
"Rasa4","ENSMUSG00000004952.13",-0.146723572,2.07221218,-1.3406854,0.190240107,1,"Geno_at_37"
"Rnasel","ENSMUSG00000066800.11",-0.146697985,4.50420884,-1.90589312,0.068110531,1,"Geno_at_37"
"Sult2b1","ENSMUSG00000003271.17",0.146657474,1.70408054,1.27945221,0.210694252,1,"Geno_at_37"
"Zfp985","ENSMUSG00000065999.13",-0.14662455,-0.282696233,-1.24011999,0.224689557,1,"Geno_at_37"
"Gm9828","ENSMUSG00000048603.8",-0.146605399,0.56640262,-1.14638132,0.260836948,1,"Geno_at_37"
"Ccdc92","ENSMUSG00000037979.13",-0.146589575,3.15328906,-1.80274578,0.0816373706,1,"Geno_at_37"
"Mir186","ENSMUSG00000065431.1",0.14654808,1.20371749,1.23878555,0.225176356,1,"Geno_at_37"
"Tmem176a","ENSMUSG00000023367.14",0.146519831,1.54950161,1.6081174,0.118444381,1,"Geno_at_37"
"Lnx1","ENSMUSG00000029228.15",0.146509559,0.22507473,1.00951818,0.320922443,1,"Geno_at_37"
"Gm28277","ENSMUSG00000100620.1",-0.146444489,-0.496812509,-1.21472897,0.234088379,1,"Geno_at_37"
"Uckl1os","ENSMUSG00000010492.10",0.146440694,1.25257091,1.20428583,0.238037967,1,"Geno_at_37"
"Gm10658","ENSMUSG00000074284.6",-0.146426861,0.636515293,-1.09949608,0.28042997,1,"Geno_at_37"
"Lrrc75aos1","ENSMUSG00000085170.1",0.146396175,-0.611096439,1.24496013,0.222930519,1,"Geno_at_37"
"Ccr5","ENSMUSG00000079227.10",0.146388929,0.462319206,0.984021834,0.33309451,1,"Geno_at_37"
"Gm10320","ENSMUSG00000092116.1",0.146364771,2.43244599,1.69846246,0.0999290961,1,"Geno_at_37"
"Ifitm1","ENSMUSG00000025491.14",-0.146348238,2.521581,-1.42552396,0.164485426,1,"Geno_at_37"
"Tmtc1","ENSMUSG00000030306.14",0.146308558,-0.398718642,1.19807907,0.240408684,1,"Geno_at_37"
"Catsperg1","ENSMUSG00000049676.14",-0.146260339,2.38299667,-1.4740982,0.151030915,1,"Geno_at_37"
"Gm13294","ENSMUSG00000083900.2",-0.146250204,0.294142081,-1.20537231,0.237624771,1,"Geno_at_37"
"Comtd1","ENSMUSG00000021773.11",-0.146228725,1.54655488,-1.25025784,0.22101709,1,"Geno_at_37"
"Gm18290","ENSMUSG00000106965.1",0.146228395,-0.410733195,1.12758718,0.268568137,1,"Geno_at_37"
"Aknaos","ENSMUSG00000086953.1",-0.146026094,0.333317549,-1.24518381,0.222849481,1,"Geno_at_37"
"4930539J05Rik","ENSMUSG00000097032.2",0.14597264,0.50502585,1.13750024,0.264469892,1,"Geno_at_37"
"Nqo1","ENSMUSG00000003849.8",-0.145967015,0.0279482005,-1.07508155,0.291039352,1,"Geno_at_37"
"1700125H03Rik","ENSMUSG00000085197.7",0.145948506,0.0567736905,1.08190192,0.288047357,1,"Geno_at_37"
"Gm9595","ENSMUSG00000113899.1",0.145925834,-0.00442076983,1.24609318,0.222520241,1,"Geno_at_37"
"Gm26384","ENSMUSG00000076137.1",-0.145919398,1.65628927,-1.23439993,0.226781797,1,"Geno_at_37"
"Atp7b","ENSMUSG00000006567.11",-0.145785876,1.01211394,-0.751148768,0.460405109,1,"Geno_at_37"
"Septin3","ENSMUSG00000022456.18",-0.145760524,0.0179206719,-1.21647611,0.233432405,1,"Geno_at_37"
"Cpne5","ENSMUSG00000024008.16",0.145699493,0.395386257,1.24784313,0.221887698,1,"Geno_at_37"
"4632427E13Rik","ENSMUSG00000074024.5",0.145674196,2.82229685,1.51247785,0.141035887,1,"Geno_at_37"
"Apbb2","ENSMUSG00000029207.16",0.145647541,1.58506015,1.49015176,0.146783115,1,"Geno_at_37"
"Gm38300","ENSMUSG00000104279.1",0.145577178,-0.0280586407,1.09983151,0.280286156,1,"Geno_at_37"
"Gm15987","ENSMUSG00000085786.1",0.14553714,1.32976348,1.41783371,0.166700091,1,"Geno_at_37"
"Pde6g","ENSMUSG00000025386.2",0.145508271,-0.5173037,1.35650126,0.185215026,1,"Geno_at_37"
"Cox7c-ps1","ENSMUSG00000057580.4",-0.145504913,-0.0165897525,-1.27330227,0.212837774,1,"Geno_at_37"
"Areg","ENSMUSG00000029378.5",-0.145502895,1.45228303,-0.490550738,0.630140951,1,"Geno_at_37"
"Gm19552","ENSMUSG00000104493.1",0.145474478,-0.167279018,1.23956875,0.224890553,1,"Geno_at_37"
"Pkd1l2","ENSMUSG00000034416.18",-0.145399349,0.459392859,-1.07939103,0.289146301,1,"Geno_at_37"
"Aqp1","ENSMUSG00000004655.5",0.145392323,-0.069776421,0.949408401,0.350279697,1,"Geno_at_37"
"Lamb2","ENSMUSG00000052911.9",-0.145379292,-0.345047606,-1.22515094,0.230195676,1,"Geno_at_37"
"Gm6788","ENSMUSG00000090737.1",0.145379049,-0.387836471,1.23296742,0.227308049,1,"Geno_at_37"
"Gm10800","ENSMUSG00000075014.1",0.145378649,-0.286208801,0.961313193,0.344622392,1,"Geno_at_37"
"Rsad1","ENSMUSG00000039096.10",-0.145361208,3.41134709,-2.55008156,0.0162040897,1,"Geno_at_37"
"Optn","ENSMUSG00000026672.11",0.145336357,3.94575892,2.96481508,0.00593862543,1,"Geno_at_37"
"Map6","ENSMUSG00000055407.14",0.145334921,3.38876555,1.69759185,0.100095232,1,"Geno_at_37"
"Gm5900","ENSMUSG00000094685.2",0.145330227,3.5242644,2.01661542,0.0529045857,1,"Geno_at_37"
"Arntl2","ENSMUSG00000040187.15",0.14533021,1.73716493,1.22344082,0.230831081,1,"Geno_at_37"
"Gm5454","ENSMUSG00000047643.5",0.145302191,1.50670168,1.53361302,0.135764117,1,"Geno_at_37"
"Ube4bos1","ENSMUSG00000085819.7",0.145269592,-0.169295273,1.11889997,0.272197124,1,"Geno_at_37"
"Gm47567","ENSMUSG00000112895.1",-0.14521671,-0.393843201,-1.45748783,0.155529132,1,"Geno_at_37"
"Gm8545","ENSMUSG00000080829.1",0.145215184,-0.234298637,1.28102305,0.210149386,1,"Geno_at_37"
"Gm10602","ENSMUSG00000073985.2",0.145098215,-0.676331405,1.50408425,0.143174895,1,"Geno_at_37"
"Emp2","ENSMUSG00000022505.9",0.144990481,-0.0840581669,1.27542808,0.212094974,1,"Geno_at_37"
"Gm10356","ENSMUSG00000072387.3",0.144918854,1.18249888,1.22115785,0.231681376,1,"Geno_at_37"
"Gm17207","ENSMUSG00000090561.2",0.144781858,-0.611589799,1.47704864,0.150242918,1,"Geno_at_37"
"Tmem41a","ENSMUSG00000022856.9",-0.144756896,3.25861391,-2.15923678,0.0390807767,1,"Geno_at_37"
"Fgfr1","ENSMUSG00000031565.18",-0.144751251,1.44806228,-0.86270333,0.396852757,1,"Geno_at_37"
"Emid1","ENSMUSG00000034164.17",-0.144737732,-0.363290891,-1.35953659,0.184262538,1,"Geno_at_37"
"Camk2n1","ENSMUSG00000046447.3",-0.144733552,3.94057548,-1.28478993,0.213660179,1,"Geno_at_37"
"Gm47814","ENSMUSG00000114575.1",0.14472694,0.428351775,1.09532752,0.282221623,1,"Geno_at_37"
"Gm36189","ENSMUSG00000107432.1",0.144726815,0.739829692,1.14978135,0.259455764,1,"Geno_at_37"
"Gm15672","ENSMUSG00000086873.1",-0.144726407,-0.11635422,-1.22663074,0.229646901,1,"Geno_at_37"
"Dmxl2","ENSMUSG00000041268.17",-0.144692412,2.9059884,-1.10998271,0.278927808,1,"Geno_at_37"
"Ifi209","ENSMUSG00000043263.13",0.144667532,1.08287454,1.2304908,0.228220028,1,"Geno_at_37"
"Gm6451","ENSMUSG00000084166.1",-0.144661869,1.50174063,-1.27424531,0.212508015,1,"Geno_at_37"
"Gm23887","ENSMUSG00000084632.1",-0.144634642,0.372561236,-0.931551099,0.359118364,1,"Geno_at_37"
"Gm15979","ENSMUSG00000087016.1",0.144541975,0.328044266,0.984480527,0.332872795,1,"Geno_at_37"
"Zfp618","ENSMUSG00000028358.15",0.144533665,0.643849367,1.18858511,0.244068733,1,"Geno_at_37"
"BC028471","ENSMUSG00000107271.3",-0.144526447,-0.506369698,-1.34211787,0.189780672,1,"Geno_at_37"
"Gata3","ENSMUSG00000015619.10",0.144377273,3.96641943,2.05163512,0.0491609883,1,"Geno_at_37"
"Gm10130","ENSMUSG00000095315.2",0.144326209,3.15502453,2.00250865,0.0544819846,1,"Geno_at_37"
"Zfp579","ENSMUSG00000051550.10",-0.144310415,4.09330599,-1.85009843,0.0749631925,1,"Geno_at_37"
"Smad6","ENSMUSG00000036867.7",-0.144300834,2.28592405,-1.19995854,0.240142921,1,"Geno_at_37"
"Sox4","ENSMUSG00000076431.4",-0.144271535,7.29239127,-0.775194602,0.449387726,1,"Geno_at_37"
"Samd11","ENSMUSG00000096351.2",0.144257944,0.309177633,1.02081979,0.315625918,1,"Geno_at_37"
"Snora30","ENSMUSG00000065259.1",0.144249491,0.600343136,1.32471589,0.195420465,1,"Geno_at_37"
"Gm22314","ENSMUSG00000088632.1",-0.144247027,-0.555611713,-1.40883811,0.169320505,1,"Geno_at_37"
"Rasgef1b","ENSMUSG00000089809.9",-0.144232286,5.23527713,-2.26970768,0.0318104878,1,"Geno_at_37"
"C130013H08Rik","ENSMUSG00000105509.1",0.144204183,1.72607843,1.49671701,0.145073844,1,"Geno_at_37"
"4930405G09Rik","ENSMUSG00000109453.1",0.144190056,-0.266086637,1.37634074,0.179058229,1,"Geno_at_37"
"Pisd-ps2","ENSMUSG00000023795.16",0.144189135,0.958028007,1.44299047,0.159541926,1,"Geno_at_37"
"Gm43362","ENSMUSG00000105201.1",0.144182878,1.50656008,1.33148301,0.193212144,1,"Geno_at_37"
"Gm49244","ENSMUSG00000115387.1",0.144108814,-0.476604816,1.36162853,0.183608309,1,"Geno_at_37"
"4930455C13Rik","ENSMUSG00000112654.1",-0.144108068,0.174766831,-1.13788644,0.264311153,1,"Geno_at_37"
"Gm47184","ENSMUSG00000113664.1",0.144019557,-0.0716942877,1.37631706,0.179065482,1,"Geno_at_37"
"Gm25960","ENSMUSG00000092851.1",-0.1440098,-0.646450176,-1.22561385,0.230023903,1,"Geno_at_37"
"Gm8894","ENSMUSG00000060680.2",-0.143932024,3.37869938,-2.02507773,0.0519777124,1,"Geno_at_37"
"Pspn","ENSMUSG00000002664.2",0.143879477,-0.518719578,1.46864034,0.15249731,1,"Geno_at_37"
"Tmem150a","ENSMUSG00000055912.8",-0.143815773,1.94301557,-1.39852702,0.172363951,1,"Geno_at_37"
"Gm10060","ENSMUSG00000110669.1",0.143813414,1.06768797,1.19682788,0.240888697,1,"Geno_at_37"
"Gm5541","ENSMUSG00000103406.1",0.143810026,0.372967902,0.972969383,0.338467165,1,"Geno_at_37"
"Unc13b","ENSMUSG00000028456.18",0.143778796,1.05312173,0.917744223,0.366608933,1,"Geno_at_37"
"Snx31","ENSMUSG00000013611.14",-0.143752017,-0.265997713,-1.12642017,0.269053601,1,"Geno_at_37"
"R74862","ENSMUSG00000059277.12",-0.143751882,1.6393328,-1.43488786,0.161820305,1,"Geno_at_37"
"Gm9800","ENSMUSG00000045799.6",0.143747678,9.10122032,1.90882554,0.073483221,1,"Geno_at_37"
"F11r","ENSMUSG00000038235.4",-0.143733567,0.616389539,-1.0721815,0.292318197,1,"Geno_at_37"
"Gm26838","ENSMUSG00000097914.1",-0.143732491,-0.206950922,-1.03284494,0.310056926,1,"Geno_at_37"
"Gm30054","ENSMUSG00000114937.1",-0.143720531,0.340661978,-1.02117715,0.31545943,1,"Geno_at_37"
"Ankrd34a","ENSMUSG00000049097.9",0.143698348,-0.517114779,1.37484874,0.179515609,1,"Geno_at_37"
"Zfp993","ENSMUSG00000063245.11",0.143666672,0.599686154,1.44563942,0.158802624,1,"Geno_at_37"
"Gm47602","ENSMUSG00000113472.1",0.14362681,0.00699663379,0.978787942,0.33563148,1,"Geno_at_37"
"Gm44830","ENSMUSG00000108886.1",-0.143591165,-0.127572214,-1.34590762,0.188569333,1,"Geno_at_37"
"Gm4895","ENSMUSG00000044268.4",0.143573742,4.41572833,2.30245279,0.0285387026,1,"Geno_at_37"
"Myrip","ENSMUSG00000041794.13",0.143553108,1.98793943,1.0232709,0.315664323,1,"Geno_at_37"
"Zc2hc1c","ENSMUSG00000045064.5",-0.143547642,0.9696597,-1.23288365,0.227338851,1,"Geno_at_37"
"Aif1","ENSMUSG00000024397.14",0.143515671,0.090508044,1.05982128,0.297813198,1,"Geno_at_37"
"Zfp287","ENSMUSG00000005267.13",-0.143425882,3.24640761,-1.87417392,0.0708254584,1,"Geno_at_37"
"Gm18821","ENSMUSG00000098761.1",0.143423852,-0.518591689,1.27949422,0.210679666,1,"Geno_at_37"
"Cc2d2a","ENSMUSG00000039765.15",-0.143420289,-0.227866562,-1.06943259,0.293534055,1,"Geno_at_37"
"Cd72","ENSMUSG00000028459.11",-0.143375154,1.52606764,-1.18584478,0.245132783,1,"Geno_at_37"
"Gm30177","ENSMUSG00000114708.1",0.143345731,0.644301484,0.943960605,0.352845265,1,"Geno_at_37"
"Rbm20","ENSMUSG00000043639.15",0.143334983,1.20762259,1.22197289,0.231377547,1,"Geno_at_37"
"Sowahc","ENSMUSG00000098188.1",0.143332365,2.62234815,1.43108815,0.162897607,1,"Geno_at_37"
"Zfp459","ENSMUSG00000055560.8",0.143300013,-0.10699064,1.33041395,0.193559726,1,"Geno_at_37"
"Art2a","ENSMUSG00000092517.1",0.143294507,3.28830988,2.00423726,0.0542865025,1,"Geno_at_37"
"Gm47148","ENSMUSG00000111617.1",0.143258643,0.544644089,0.988877845,0.330752374,1,"Geno_at_37"
"Tnfsf15","ENSMUSG00000050395.9",0.143242353,-0.502854661,1.15196925,0.258569795,1,"Geno_at_37"
"Gm29100","ENSMUSG00000100980.1",0.143188365,-0.477215404,1.3309898,0.19337244,1,"Geno_at_37"
"Npr2","ENSMUSG00000028469.15",0.143173519,-0.222364598,1.09424948,0.282686287,1,"Geno_at_37"
"Mzt2","ENSMUSG00000022671.13",-0.143140424,3.80253364,-2.45420015,0.0202395431,1,"Geno_at_37"
"Gm18665","ENSMUSG00000099809.1",-0.143130995,-0.679662071,-1.10193684,0.279387519,1,"Geno_at_37"
"Gm5864","ENSMUSG00000107211.1",0.143126918,2.37490283,1.59230983,0.121958628,1,"Geno_at_37"
"Cpsf4l","ENSMUSG00000018727.19",-0.143120649,1.05323635,-1.21041977,0.235712161,1,"Geno_at_37"
"Gm47882","ENSMUSG00000113811.1",0.143104255,3.90679341,1.45485257,0.159401775,1,"Geno_at_37"
"Cd96","ENSMUSG00000022657.9",-0.142993966,5.3088816,-1.92046922,0.0682045529,1,"Geno_at_37"
"Gm5511","ENSMUSG00000100615.1",0.142990139,-0.143886877,1.12938353,0.26782211,1,"Geno_at_37"
"Stac2","ENSMUSG00000017400.10",0.142950627,0.812994839,1.01245431,0.319540582,1,"Geno_at_37"
"Naip6","ENSMUSG00000078942.10",-0.142945745,-0.764029005,-1.51169658,0.141233887,1,"Geno_at_37"
"Anxa8","ENSMUSG00000021950.15",-0.142931435,-0.508742743,-1.13130507,0.267025747,1,"Geno_at_37"
"Car9","ENSMUSG00000028463.14",-0.142924941,-0.157934716,-1.02282701,0.314691578,1,"Geno_at_37"
"Dnajc28","ENSMUSG00000039763.10",0.142916783,1.32725309,1.26051357,0.21734814,1,"Geno_at_37"
"Smim5","ENSMUSG00000048442.15",-0.142831629,0.23427304,-1.15741391,0.256374619,1,"Geno_at_37"
"Gm49933","ENSMUSG00000117010.1",0.14281377,0.268884486,1.28128492,0.210058658,1,"Geno_at_37"
"Cyp39a1","ENSMUSG00000023963.10",-0.142802766,0.374573807,-1.24773602,0.221926373,1,"Geno_at_37"
"Uchl1","ENSMUSG00000029223.12",0.142797034,-0.0391420276,1.2788967,0.210887193,1,"Geno_at_37"
"Snord88c","ENSMUSG00000096296.1",0.142766958,-0.17316196,1.21093043,0.235519299,1,"Geno_at_37"
"Gm12503","ENSMUSG00000087326.1",0.14275904,0.206046802,1.18167766,0.246757391,1,"Geno_at_37"
"Dock3","ENSMUSG00000039716.12",-0.142751096,1.50321624,-1.12845504,0.268207527,1,"Geno_at_37"
"Gm24494","ENSMUSG00000065738.1",0.142745471,1.79228606,1.21561783,0.233754481,1,"Geno_at_37"
"Anxa9","ENSMUSG00000015702.13",-0.142742395,0.942674733,-1.42150115,0.165641007,1,"Geno_at_37"
"Iigp1","ENSMUSG00000054072.12",0.142707456,7.75834642,0.987718227,0.337802896,1,"Geno_at_37"
"Muc6","ENSMUSG00000048191.15",-0.14267455,-0.0141864111,-1.20879532,0.236326452,1,"Geno_at_37"
"Gm15538","ENSMUSG00000083579.2",-0.142654273,-0.182064751,-1.06322893,0.296291056,1,"Geno_at_37"
"Gm45354","ENSMUSG00000108689.1",0.142644598,-0.0469848788,1.24416324,0.223219416,1,"Geno_at_37"
"Gm14325","ENSMUSG00000095362.7",-0.142548295,2.64282788,-1.77966596,0.0854194228,1,"Geno_at_37"
"Gm50431","ENSMUSG00000117814.1",-0.142509859,0.953932561,-1.24518939,0.222847458,1,"Geno_at_37"
"Ddr1","ENSMUSG00000003534.17",0.142488373,4.29827913,2.3707669,0.0244802342,1,"Geno_at_37"
"Rab11fip4os2","ENSMUSG00000086569.1",0.142470567,-0.471208355,1.35003174,0.187257938,1,"Geno_at_37"
"Gm48585","ENSMUSG00000113250.1",-0.142441621,-0.435177306,-1.21163877,0.235251975,1,"Geno_at_37"
"Rmi2","ENSMUSG00000037991.9",0.1424384,4.7732061,2.38324415,0.0237983684,1,"Geno_at_37"
"Gm44833","ENSMUSG00000109236.1",0.142411355,0.0174913543,1.14450818,0.261600153,1,"Geno_at_37"
"Gm47754","ENSMUSG00000114784.1",-0.142390095,1.38999823,-1.23325124,0.227203713,1,"Geno_at_37"
"Ccdc166","ENSMUSG00000098176.2",-0.142379868,2.2621085,-1.41579825,0.167290199,1,"Geno_at_37"
"Macc1","ENSMUSG00000041886.7",-0.142331837,-0.622986531,-1.23914763,0.225044192,1,"Geno_at_37"
"Mkrn1-ps1","ENSMUSG00000082389.2",-0.142291856,-0.577634085,-1.42183118,0.165545963,1,"Geno_at_37"
"Spata5l1","ENSMUSG00000074876.6",0.142273484,3.4982248,2.51088543,0.0177546149,1,"Geno_at_37"
"Cd101","ENSMUSG00000086564.9",-0.142269087,6.51308071,-1.61794933,0.123958427,1,"Geno_at_37"
"Spock2","ENSMUSG00000058297.16",-0.142228677,1.21514676,-0.984661301,0.332838878,1,"Geno_at_37"
"Gm4017","ENSMUSG00000101059.1",0.142160369,-0.0128332455,1.16428176,0.253625086,1,"Geno_at_37"
"Gm49927","ENSMUSG00000117321.1",0.142124236,0.517300303,1.09183038,0.283730976,1,"Geno_at_37"
"Gm15602","ENSMUSG00000083630.2",0.142081089,-0.44211803,1.18669954,0.244800518,1,"Geno_at_37"
"Tle6","ENSMUSG00000034758.12",-0.14205384,1.89909527,-1.3985665,0.172352217,1,"Geno_at_37"
"Gm18149","ENSMUSG00000118306.1",-0.142031784,-0.284464409,-1.08229593,0.287875178,1,"Geno_at_37"
"Sema4g","ENSMUSG00000025207.16",-0.142011294,0.209389179,-0.960471817,0.344612396,1,"Geno_at_37"
"Ptk7","ENSMUSG00000023972.10",-0.141971661,1.4746356,-1.1274335,0.26863203,1,"Geno_at_37"
"Gm8918","ENSMUSG00000101862.1",-0.141952851,-0.468505758,-1.35136314,0.186836091,1,"Geno_at_37"
"Gm22581","ENSMUSG00000065669.1",0.141943939,0.369423608,1.12307404,0.270449069,1,"Geno_at_37"
"Gm43110","ENSMUSG00000105081.1",-0.141895986,2.94109232,-1.76773819,0.0874316997,1,"Geno_at_37"
"Gm37906","ENSMUSG00000104315.1",0.141879411,0.151815015,1.11968693,0.271866933,1,"Geno_at_37"
"Asphd1","ENSMUSG00000046378.11",-0.141840568,-0.419477544,-1.14994787,0.259388254,1,"Geno_at_37"
"Slc1a1","ENSMUSG00000024935.11",0.141825104,-0.593683422,1.3106049,0.200087825,1,"Geno_at_37"
"Ccdc162","ENSMUSG00000075225.15",0.141802914,-0.0323720965,1.17076168,0.251050707,1,"Geno_at_37"
"Slc22a13b","ENSMUSG00000092212.3",-0.141789442,0.319641778,-1.07314335,0.291893608,1,"Geno_at_37"
"Gm11935","ENSMUSG00000081206.1",0.141763291,-0.566648556,1.18959854,0.243676091,1,"Geno_at_37"
"Pkd2","ENSMUSG00000034462.9",0.141751067,-0.235189834,1.18568775,0.245193858,1,"Geno_at_37"
"Gm42601","ENSMUSG00000106319.1",-0.141728684,0.415448925,-1.03755368,0.307894944,1,"Geno_at_37"
"Gm4129","ENSMUSG00000112294.1",-0.141691501,-0.635792536,-1.42681182,0.164116833,1,"Geno_at_37"
"D130040H23Rik","ENSMUSG00000079038.3",-0.141664298,1.15385989,-1.0990916,0.280603459,1,"Geno_at_37"
"Gm20731","ENSMUSG00000102912.1",-0.141588077,0.127192156,-1.23911941,0.225054493,1,"Geno_at_37"
"Serpind1","ENSMUSG00000022766.14",0.141574654,-0.173148058,1.24665049,0.222318647,1,"Geno_at_37"
"Gm5711","ENSMUSG00000106455.1",-0.141485615,-0.468209653,-1.44999322,0.157593435,1,"Geno_at_37"
"Gm44951","ENSMUSG00000108365.1",-0.141478965,-0.627467247,-1.34287353,0.189538658,1,"Geno_at_37"
"Hk2","ENSMUSG00000000628.10",0.141457304,5.84545839,1.01832456,0.32343641,1,"Geno_at_37"
"Gm11451","ENSMUSG00000083567.3",-0.141428605,0.144872653,-1.24956421,0.221266912,1,"Geno_at_37"
"Styk1","ENSMUSG00000032899.14",-0.141418527,-0.583164991,-1.13913636,0.26379787,1,"Geno_at_37"
"Gm48308","ENSMUSG00000112932.1",-0.141394392,0.620136208,-1.00971616,0.320829137,1,"Geno_at_37"
"Robo1","ENSMUSG00000022883.11",0.141377694,0.38073224,1.14275655,0.262315313,1,"Geno_at_37"
"Gm16135","ENSMUSG00000084985.1",0.14133945,-0.462401208,1.0749596,0.291093048,1,"Geno_at_37"
"Gm42867","ENSMUSG00000107128.1",0.141335564,-0.0212439872,1.11408674,0.274222928,1,"Geno_at_37"
"Cep85l","ENSMUSG00000038594.9",0.141331245,3.71755418,1.81909313,0.079045769,1,"Geno_at_37"
"Gm8857","ENSMUSG00000091933.2",-0.141246922,0.466856925,-0.915177747,0.367507297,1,"Geno_at_37"
"1810020O05Rik","ENSMUSG00000089997.2",-0.1412172,-0.423451971,-1.15631819,0.256815293,1,"Geno_at_37"
"Gm43413","ENSMUSG00000104951.1",0.141205054,0.884625705,1.2691091,0.214308745,1,"Geno_at_37"
"Mras","ENSMUSG00000032470.17",0.141194681,-0.362909021,1.11061095,0.275692547,1,"Geno_at_37"
"Prkce","ENSMUSG00000045038.14",0.141183413,3.38176928,2.17519318,0.0377544198,1,"Geno_at_37"
"Sirpa","ENSMUSG00000037902.18",0.141150915,-0.384285437,1.03607229,0.30857398,1,"Geno_at_37"
"Gm36638","ENSMUSG00000104214.1",0.141148099,1.16620788,0.977837646,0.336093506,1,"Geno_at_37"
"Bambi-ps1","ENSMUSG00000081219.1",-0.141123102,1.7663946,-1.07600774,0.290777557,1,"Geno_at_37"
"Gm5780","ENSMUSG00000112140.1",0.141114247,1.39989402,1.11458903,0.27401102,1,"Geno_at_37"
"Asgr2","ENSMUSG00000040963.15",-0.141088629,-0.285750778,-1.01110901,0.320173227,1,"Geno_at_37"
"Gm46620","ENSMUSG00000118012.1",-0.141050773,2.02671272,-0.643505783,0.528175925,1,"Geno_at_37"
"Thsd1","ENSMUSG00000031480.15",-0.141042194,-0.0601627751,-0.950703451,0.349467443,1,"Geno_at_37"
"Ggnbp1","ENSMUSG00000048731.15",-0.141031095,0.738962014,-1.1745525,0.249553585,1,"Geno_at_37"
"Pycr1","ENSMUSG00000025140.15",0.141023061,2.85814213,1.79701128,0.0825634922,1,"Geno_at_37"
"Sfxn5","ENSMUSG00000033720.12",0.140887477,1.10551476,1.14860963,0.259931144,1,"Geno_at_37"
"Gm48445","ENSMUSG00000113308.1",-0.140875485,1.35313229,-1.09309611,0.283184029,1,"Geno_at_37"
"Gm33370","ENSMUSG00000105283.1",0.14086955,-0.374301217,1.32095604,0.1966558,1,"Geno_at_37"
"Slc26a11","ENSMUSG00000039908.14",-0.140839505,1.89018526,-1.20048951,0.239485929,1,"Geno_at_37"
"Zbtb40","ENSMUSG00000060862.10",0.140802947,5.26097513,2.01009957,0.0562980578,1,"Geno_at_37"
"Gm30025","ENSMUSG00000112278.1",-0.140797951,0.971486069,-1.33158813,0.193177995,1,"Geno_at_37"
"Gm5521","ENSMUSG00000118252.1",0.140768499,1.37133525,1.37432478,0.179676448,1,"Geno_at_37"
"Gm42742","ENSMUSG00000107068.1",-0.14069775,0.0797311277,-1.14874784,0.259875038,1,"Geno_at_37"
"Gm7741","ENSMUSG00000097713.1",0.140654521,-0.47913883,1.17760858,0.248351422,1,"Geno_at_37"
"Eif3s6-ps4","ENSMUSG00000106885.1",-0.140594855,-0.32743628,-1.33585402,0.191796026,1,"Geno_at_37"
"Gm43437","ENSMUSG00000104965.1",-0.140577456,-0.38809556,-1.13997309,0.263454671,1,"Geno_at_37"
"A230083G16Rik","ENSMUSG00000055818.2",0.140514803,0.693895105,0.877187271,0.387734768,1,"Geno_at_37"
"Gm7868","ENSMUSG00000113600.1",-0.140484389,1.95475397,-1.71217039,0.0973435657,1,"Geno_at_37"
"Gm50205","ENSMUSG00000117955.1",0.140470784,0.742879659,0.958392397,0.345642096,1,"Geno_at_37"
"Trbv2","ENSMUSG00000076462.2",-0.140453872,3.86245239,-2.44114437,0.020855344,1,"Geno_at_37"
"Tagln","ENSMUSG00000032085.5",0.140418985,0.254243618,0.82542906,0.416275782,1,"Geno_at_37"
"Rapgef4os3","ENSMUSG00000086231.1",-0.140384041,-0.27627883,-1.03880596,0.307321737,1,"Geno_at_37"
"Gm47214","ENSMUSG00000110766.1",-0.140359113,-0.1074242,-1.05157982,0.301517202,1,"Geno_at_37"
"Trgc1","ENSMUSG00000076749.2",-0.140345279,0.74905316,-1.18501293,0.245456459,1,"Geno_at_37"
"Traj20","ENSMUSG00000076909.2",0.140331818,-0.205954094,1.05566623,0.299676613,1,"Geno_at_37"
"CT010467.2","ENSMUSG00000118642.1",-0.140309212,6.43018141,-1.82593996,0.0842948296,1,"Geno_at_37"
"Nek10","ENSMUSG00000042567.20",0.140290441,-0.629860079,1.3008705,0.203357141,1,"Geno_at_37"
"Gm47087","ENSMUSG00000111212.1",0.140273354,0.271950486,0.784326266,0.439968179,1,"Geno_at_37"
"Ppp1r3d","ENSMUSG00000049999.4",0.140253913,-0.811646796,1.33767971,0.191206919,1,"Geno_at_37"
"Gm38043","ENSMUSG00000104293.1",-0.140199212,0.66718498,-1.00962887,0.320870274,1,"Geno_at_37"
"Ankrd37","ENSMUSG00000050914.16",0.140120235,2.56875259,0.659896397,0.518150452,1,"Geno_at_37"
"H2bc4","ENSMUSG00000018102.5",-0.140009561,1.56950917,-1.167749,0.252245206,1,"Geno_at_37"
"Gm47806","ENSMUSG00000113104.1",0.13998764,0.78887649,1.10994782,0.275973571,1,"Geno_at_37"
"Ly6g5b","ENSMUSG00000043807.6",-0.139986697,0.969014089,-1.2647848,0.215833772,1,"Geno_at_37"
"S100a6","ENSMUSG00000001025.8",-0.139957765,2.21880926,-1.49113786,0.146525354,1,"Geno_at_37"
"Gm44210","ENSMUSG00000108079.1",-0.139933671,-0.375641671,-1.14500298,0.261398391,1,"Geno_at_37"
"Gm12208","ENSMUSG00000080951.1",0.139884026,0.130487061,1.17214935,0.250501907,1,"Geno_at_37"
"Gm48063","ENSMUSG00000113020.1",0.139881344,-0.507682979,1.29128763,0.206615354,1,"Geno_at_37"
"Proca1","ENSMUSG00000044122.15",-0.139847085,0.163715527,-1.18411537,0.245806056,1,"Geno_at_37"
"As3mt","ENSMUSG00000003559.8",-0.139827129,1.38423092,-1.13587337,0.265139344,1,"Geno_at_37"
"Fgf13","ENSMUSG00000031137.17",0.139807098,5.58138623,3.1404534,0.00381279068,1,"Geno_at_37"
"Pou2af1","ENSMUSG00000032053.8",0.139736757,4.14257558,1.60693944,0.120959046,1,"Geno_at_37"
"Rpl10-ps5","ENSMUSG00000110679.1",0.139735648,-0.235448056,1.05276489,0.300982614,1,"Geno_at_37"
"Ap4b1","ENSMUSG00000032952.11",-0.139668641,1.90628593,-1.44768797,0.15823276,1,"Geno_at_37"
"Gm20768","ENSMUSG00000106190.1",-0.139660662,1.40964018,-1.54925136,0.13196731,1,"Geno_at_37"
"Mir363","ENSMUSG00000070106.1",-0.139601594,-0.475910217,-1.23621003,0.226118138,1,"Geno_at_37"
"Gm32569","ENSMUSG00000103659.1",0.139521183,2.99280357,1.64586607,0.110389233,1,"Geno_at_37"
"Paqr7","ENSMUSG00000037348.15",-0.139497379,2.87808017,-1.79351171,0.0831330601,1,"Geno_at_37"
"Gm7363","ENSMUSG00000083344.2",-0.139497172,0.609265657,-1.31045618,0.200137466,1,"Geno_at_37"
"A730017L22Rik","ENSMUSG00000085566.1",-0.139492068,2.74793127,-1.66278891,0.106928585,1,"Geno_at_37"
"Sec16b","ENSMUSG00000026589.14",0.139433219,-0.599700588,1.29601665,0.20500252,1,"Geno_at_37"
"Prkag2os1","ENSMUSG00000086446.1",0.139379821,0.602202029,1.03396776,0.309540437,1,"Geno_at_37"
"Gm24610","ENSMUSG00000065204.1",-0.139366478,-0.546120061,-1.16879906,0.251828398,1,"Geno_at_37"
"Ccn4","ENSMUSG00000005124.10",0.139356509,0.232786451,1.02655717,0.312960305,1,"Geno_at_37"
"Srsf3-ps","ENSMUSG00000078134.1",-0.139355461,3.98567256,-2.21670247,0.0344906773,1,"Geno_at_37"
"Gm5046","ENSMUSG00000072541.2",-0.139346736,-0.0704317913,-0.991536932,0.329474609,1,"Geno_at_37"
"Nsg1","ENSMUSG00000029126.7",0.13934615,0.174625873,1.14614185,0.26093443,1,"Geno_at_37"
"Prodh","ENSMUSG00000003526.12",0.139340231,0.937549425,1.03672632,0.308274056,1,"Geno_at_37"
"Tlr2","ENSMUSG00000027995.10",-0.139297963,5.31772908,-1.25451371,0.226732988,1,"Geno_at_37"
"Gm29123","ENSMUSG00000099879.1",0.139251737,-0.177431615,1.1063594,0.277497838,1,"Geno_at_37"
"Gvin1","ENSMUSG00000045868.12",0.139222693,4.64670582,2.42539803,0.0216208606,1,"Geno_at_37"
"Tpbgl","ENSMUSG00000096606.2",0.139138223,-0.668390348,1.37250781,0.180235072,1,"Geno_at_37"
"Tnfsf9","ENSMUSG00000035678.8",0.139108574,3.03221579,0.622047352,0.542432421,1,"Geno_at_37"
"Tdg-ps2","ENSMUSG00000085666.3",0.139046019,2.09430767,1.38543706,0.176289391,1,"Geno_at_37"
"Gm5940","ENSMUSG00000081205.4",-0.139030764,-0.285662378,-1.1420024,0.262623655,1,"Geno_at_37"
"Ciita","ENSMUSG00000022504.10",-0.138999824,0.459291634,-1.00875213,0.321283652,1,"Geno_at_37"
"Lig4","ENSMUSG00000049717.9",0.138968237,3.21825829,2.05060859,0.0492673117,1,"Geno_at_37"
"Gm49308","ENSMUSG00000115210.1",0.138960466,0.294906795,1.18898776,0.243912674,1,"Geno_at_37"
"7330423F06Rik","ENSMUSG00000105870.1",-0.138911203,-0.599981704,-1.03959582,0.307016924,1,"Geno_at_37"
"Phf11b","ENSMUSG00000091649.3",0.138853063,4.07192628,2.23236916,0.0333262339,1,"Geno_at_37"
"H2bu2","ENSMUSG00000056895.4",-0.138846125,-0.0119189547,-1.24305077,0.223623192,1,"Geno_at_37"
"Gm10827","ENSMUSG00000096977.2",0.138830204,0.937986264,1.06523693,0.29539668,1,"Geno_at_37"
"Wdfy3","ENSMUSG00000043940.15",-0.138828148,-0.841859983,-1.5178811,0.139672648,1,"Geno_at_37"
"Mrto4-ps2","ENSMUSG00000091105.1",-0.138780594,0.258727121,-1.12257795,0.270656404,1,"Geno_at_37"
"Gm43328","ENSMUSG00000105677.1",-0.138766672,3.15017548,-1.68891609,0.101763498,1,"Geno_at_37"
"Gm37716","ENSMUSG00000102241.1",0.138763247,0.224006603,1.01445925,0.318599333,1,"Geno_at_37"
"Gm12258","ENSMUSG00000072915.3",0.138757894,2.39323676,1.25296442,0.220044316,1,"Geno_at_37"
"Dock9","ENSMUSG00000025558.19",0.138753303,4.76140808,2.87793997,0.00736657178,1,"Geno_at_37"
"Gm47666","ENSMUSG00000114050.1",-0.138749337,0.720601152,-0.927584753,0.361138834,1,"Geno_at_37"
"Gm45294","ENSMUSG00000110068.1",0.138737911,-0.358112362,1.14672764,0.26069602,1,"Geno_at_37"
"Klhl8","ENSMUSG00000029312.12",0.138735318,2.59816374,1.80491907,0.0812887065,1,"Geno_at_37"
"Gcnt4","ENSMUSG00000091387.2",0.13867557,1.0096577,1.00854838,0.321379771,1,"Geno_at_37"
"Gm5781","ENSMUSG00000111966.1",-0.13865752,-0.127849575,-1.41532806,0.167426748,1,"Geno_at_37"
"Gm1720","ENSMUSG00000086860.1",0.138649024,-0.766505438,1.35028953,0.187176202,1,"Geno_at_37"
"Gm12042","ENSMUSG00000084048.1",-0.138632437,-0.580734884,-1.25511458,0.219273828,1,"Geno_at_37"
"Xkr6","ENSMUSG00000035067.9",0.138592296,0.140652924,1.03473127,0.309189569,1,"Geno_at_37"
"Grin3a","ENSMUSG00000039579.15",0.138587876,-0.0236957641,1.15728077,0.256428133,1,"Geno_at_37"
"Gm25636","ENSMUSG00000064600.1",0.138587458,-0.500536269,1.17349651,0.24996997,1,"Geno_at_37"
"Nat14","ENSMUSG00000035285.6",0.138567086,1.62967807,1.37602231,0.179155768,1,"Geno_at_37"
"Gm35549","ENSMUSG00000107504.3",0.138548371,-0.394225614,1.24047894,0.224558749,1,"Geno_at_37"
"Oaz3","ENSMUSG00000028141.12",-0.138546293,0.0670038763,-1.0962023,0.281844964,1,"Geno_at_37"
"Gm44553","ENSMUSG00000108741.1",0.138525819,0.424551067,0.857554338,0.39824503,1,"Geno_at_37"
"Gm13537","ENSMUSG00000082844.1",0.138512575,0.478998728,0.952811264,0.348415978,1,"Geno_at_37"
"Cela1","ENSMUSG00000023031.8",-0.138491889,2.71406648,-1.88719367,0.0689936402,1,"Geno_at_37"
"Gm7400","ENSMUSG00000117482.1",-0.13848964,-0.773595797,-1.7551464,0.089599484,1,"Geno_at_37"
"Gm48677","ENSMUSG00000110824.1",-0.138481595,-0.699731783,-1.47123458,0.151798886,1,"Geno_at_37"
"Gm15545","ENSMUSG00000087138.1",-0.138480008,2.87760081,-1.9072758,0.0662484361,1,"Geno_at_37"
"n-R5s39","ENSMUSG00000084562.1",-0.138440459,-0.584448342,-1.304783,0.20203824,1,"Geno_at_37"
"Traj31","ENSMUSG00000076898.1",-0.138356233,-0.163663936,-1.11411692,0.274210193,1,"Geno_at_37"
"Pltp","ENSMUSG00000017754.13",-0.138312835,-0.527206891,-1.13707408,0.26464514,1,"Geno_at_37"
"Naaa","ENSMUSG00000029413.14",-0.138219209,1.36122232,-1.38040468,0.177817028,1,"Geno_at_37"
"Clu","ENSMUSG00000022037.15",0.138212691,0.664595745,0.827288025,0.415214163,1,"Geno_at_37"
"Pcdh7","ENSMUSG00000029108.14",0.13819533,-0.334277699,1.33103201,0.193358718,1,"Geno_at_37"
"Gm37618","ENSMUSG00000102714.1",0.138186067,-0.254530306,0.980479669,0.33481004,1,"Geno_at_37"
"Gm26393","ENSMUSG00000088250.1",-0.138167522,-0.246064428,-1.17129536,0.25083954,1,"Geno_at_37"
"Gm42508","ENSMUSG00000106536.1",-0.138115199,-0.507095096,-1.2111866,0.235422594,1,"Geno_at_37"
"Gm42722","ENSMUSG00000106093.1",0.13806186,-0.727270383,1.37887115,0.178284603,1,"Geno_at_37"
"9430031K09Rik","ENSMUSG00000113341.1",0.138028048,0.0282893566,0.895334959,0.377916275,1,"Geno_at_37"
"Apba1","ENSMUSG00000024897.9",-0.138026686,4.45325821,-1.46768744,0.157193371,1,"Geno_at_37"
"Dmac2l","ENSMUSG00000054894.6",-0.138013464,2.09245782,-1.36609429,0.18221775,1,"Geno_at_37"
"Gm11609","ENSMUSG00000083118.1",0.137954676,-0.398878707,1.09355602,0.28298548,1,"Geno_at_37"
"B430306N03Rik","ENSMUSG00000043740.15",-0.137907599,0.843968665,-1.05168027,0.301471862,1,"Geno_at_37"
"Sycp2l","ENSMUSG00000038651.15",0.137888404,-0.431598418,1.07225618,0.292285216,1,"Geno_at_37"
"Gpr182","ENSMUSG00000058396.7",0.13781794,0.731419009,0.981420848,0.334353628,1,"Geno_at_37"
"Gm13274","ENSMUSG00000086074.2",0.13778061,-0.60878938,1.4256112,0.164460439,1,"Geno_at_37"
"Gm17745","ENSMUSG00000110647.2",-0.137734969,0.957336746,-1.11886629,0.272211263,1,"Geno_at_37"
"Gm20705","ENSMUSG00000093559.1",0.137731369,1.90738358,1.76101592,0.088583398,1,"Geno_at_37"
"Gm20394","ENSMUSG00000092509.1",0.137701287,-0.143875544,1.02653948,0.312968503,1,"Geno_at_37"
"Clhc1","ENSMUSG00000020461.10",-0.137685602,-0.383220449,-1.19607674,0.241177207,1,"Geno_at_37"
"Nek3","ENSMUSG00000031478.16",0.137672158,1.86596337,1.53141239,0.136305454,1,"Geno_at_37"
"1700102H20Rik","ENSMUSG00000116852.1",-0.137633666,-0.413618369,-1.20597838,0.23739451,1,"Geno_at_37"
"AC135859.1","ENSMUSG00000118550.1",0.137529443,0.669151121,1.02981815,0.311452206,1,"Geno_at_37"
"Slc25a33","ENSMUSG00000028982.9",-0.137502263,2.21594108,-1.66801488,0.105878331,1,"Geno_at_37"
"Gm25596","ENSMUSG00000096841.1",0.137494836,0.541996056,0.908478796,0.370976242,1,"Geno_at_37"
"Slc35g2","ENSMUSG00000070287.3",0.137487689,-0.0436223472,0.972290627,0.338799008,1,"Geno_at_37"
"Gm45422","ENSMUSG00000110069.1",0.137485928,-0.40744465,1.27299278,0.212946082,1,"Geno_at_37"
"Gm18899","ENSMUSG00000111932.1",0.137465581,0.251608379,0.994166412,0.328214382,1,"Geno_at_37"
"Ppp1r2-ps3","ENSMUSG00000058816.5",0.137410143,-0.333306431,1.2268971,0.229548229,1,"Geno_at_37"
"Snord55","ENSMUSG00000092680.1",0.137405317,-0.0816308974,1.36313228,0.183139148,1,"Geno_at_37"
"Slc26a9","ENSMUSG00000042268.10",-0.137358365,-0.592496646,-1.35707791,0.185033781,1,"Geno_at_37"
"Trp73","ENSMUSG00000029026.17",-0.137251113,0.013433204,-0.972484629,0.338704138,1,"Geno_at_37"
"Ccdc51","ENSMUSG00000025645.8",0.137249218,3.2936891,2.25015696,0.0320470908,1,"Geno_at_37"
"Gm44103","ENSMUSG00000107577.1",-0.13723766,2.72851926,-1.44046437,0.160249489,1,"Geno_at_37"
"Gm25219","ENSMUSG00000088170.1",0.137230837,0.249928022,0.91488658,0.36765763,1,"Geno_at_37"
"Srgap3","ENSMUSG00000030257.16",0.137210961,3.59676865,1.11701697,0.277312442,1,"Geno_at_37"
"Ebf1","ENSMUSG00000057098.14",0.137188679,1.51611226,0.7054786,0.488479959,1,"Geno_at_37"
"Pkp2","ENSMUSG00000041957.15",-0.137162002,1.78188125,-0.966041,0.342649076,1,"Geno_at_37"
"Zfp560","ENSMUSG00000045519.15",0.137146453,3.08016172,1.90929084,0.0659782756,1,"Geno_at_37"
"Gm9202","ENSMUSG00000114066.1",0.137132269,1.37380972,1.157567,0.256313093,1,"Geno_at_37"
"Gm5138","ENSMUSG00000079501.3",-0.137130531,-0.729671975,-1.25086786,0.220797562,1,"Geno_at_37"
"Gm7733","ENSMUSG00000106496.1",-0.137018464,0.508813116,-1.01295628,0.319304746,1,"Geno_at_37"
"Cbx3-ps7","ENSMUSG00000059647.5",0.136984639,3.31842803,1.77286241,0.0865623426,1,"Geno_at_37"
"Acaa1b","ENSMUSG00000010651.4",-0.136917615,-0.329057686,-0.973994771,0.337966269,1,"Geno_at_37"
"Rpl7-ps8","ENSMUSG00000025922.9",-0.136903826,4.83870467,-2.59558158,0.0145614792,1,"Geno_at_37"
"Arhgap20","ENSMUSG00000053199.13",0.136839748,-0.0106508409,1.0386402,0.307397569,1,"Geno_at_37"
"BC037704","ENSMUSG00000117698.1",0.136779769,-0.0296050487,0.778644965,0.443396031,1,"Geno_at_37"
"Pcolce","ENSMUSG00000029718.14",0.136751589,1.1786516,1.13065598,0.267294563,1,"Geno_at_37"
"Mir5119","ENSMUSG00000093176.1",0.136743584,-0.164739512,1.040551,0.30652422,1,"Geno_at_37"
"Tubg2","ENSMUSG00000045007.9",-0.136679245,0.0322231922,-1.08913942,0.284896293,1,"Geno_at_37"
"Gm37009","ENSMUSG00000103880.1",-0.136674038,-0.420780106,-1.16849869,0.251947573,1,"Geno_at_37"
"Arg1","ENSMUSG00000019987.9",0.136650047,-0.155316114,1.14848331,0.259982432,1,"Geno_at_37"
"Gm15950","ENSMUSG00000089818.1",0.136634419,0.0829519974,0.968174448,0.340816106,1,"Geno_at_37"
"Gm12536","ENSMUSG00000085654.1",-0.136615229,-0.784348259,-1.46034755,0.154747163,1,"Geno_at_37"
"Angptl7","ENSMUSG00000028989.3",0.136607301,-0.152504715,1.0786486,0.28947181,1,"Geno_at_37"
"Gm26910","ENSMUSG00000097835.1",-0.136505169,0.217158953,-1.09721712,0.281408461,1,"Geno_at_37"
"Lars2","ENSMUSG00000035202.8",-0.136481031,8.60684185,-0.847653266,0.408974634,1,"Geno_at_37"
"A430105J06Rik","ENSMUSG00000097784.1",0.13647271,-0.259198537,1.09956477,0.280400516,1,"Geno_at_37"
"Klk10","ENSMUSG00000030693.10",0.136464185,-0.33198976,0.990892546,0.329783946,1,"Geno_at_37"
"Armc2","ENSMUSG00000071324.11",-0.136460319,-0.661879676,-1.31404505,0.198942142,1,"Geno_at_37"
"Rac3","ENSMUSG00000018012.11",-0.136458214,0.880244023,-1.09538647,0.282196226,1,"Geno_at_37"
"Gm42819","ENSMUSG00000105728.1",0.136415372,-0.418391533,0.991306518,0.329585196,1,"Geno_at_37"
"Gm13160","ENSMUSG00000094017.1",0.136412136,1.62369047,1.33085086,0.193417617,1,"Geno_at_37"
"Med26","ENSMUSG00000045248.6",-0.136395072,4.23205703,-2.3925189,0.0233027831,1,"Geno_at_37"
"Rtn4rl1","ENSMUSG00000045287.6",0.136375127,0.163764103,1.15348906,0.257955666,1,"Geno_at_37"
"2700046G09Rik","ENSMUSG00000097787.2",-0.136343723,-0.335222745,-1.0501771,0.302150835,1,"Geno_at_37"
"Gm42728","ENSMUSG00000107158.1",-0.136338562,0.053633303,-1.05918989,0.298095831,1,"Geno_at_37"
"5430405H02Rik","ENSMUSG00000085741.8",-0.136291557,1.61809149,-1.27152872,0.213459002,1,"Geno_at_37"
"Cracr2a","ENSMUSG00000061414.8",-0.136253563,4.10005774,-1.26370948,0.220949876,1,"Geno_at_37"
"Lpar5","ENSMUSG00000067714.13",-0.136252787,2.26785661,-1.40054691,0.171764391,1,"Geno_at_37"
"Cux2","ENSMUSG00000042589.18",-0.136251737,-0.395437157,-0.968532001,0.340713424,1,"Geno_at_37"
"1810073O08Rik","ENSMUSG00000117442.1",-0.136247457,1.78942071,-1.0931756,0.283149703,1,"Geno_at_37"
"Nav2","ENSMUSG00000052512.17",0.136157897,3.07889053,0.670606168,0.511650386,1,"Geno_at_37"
"Rnf208","ENSMUSG00000044628.5",-0.136090309,3.6966725,-1.29427487,0.208730123,1,"Geno_at_37"
"Mrps36-ps2","ENSMUSG00000081911.1",0.136070508,1.04302936,1.13863555,0.264003443,1,"Geno_at_37"
"Gm48062","ENSMUSG00000113852.1",-0.135941736,1.70044385,-1.25352622,0.219842803,1,"Geno_at_37"
"Mks1","ENSMUSG00000034121.12",-0.135933932,3.67959537,-1.9189725,0.0646935018,1,"Geno_at_37"
"Eqtn","ENSMUSG00000028575.11",-0.13591553,0.341809558,-1.03923926,0.307123576,1,"Geno_at_37"
"Gm7292","ENSMUSG00000104222.1",-0.135894936,-0.603713619,-1.22167804,0.231487426,1,"Geno_at_37"
"Pipox","ENSMUSG00000017453.4",0.135855209,-0.0202856838,1.25460678,0.21945561,1,"Geno_at_37"
"Ccdc69","ENSMUSG00000049588.13",-0.135801714,4.04310934,-2.4637781,0.019798432,1,"Geno_at_37"
"Trav14d-3-dv8","ENSMUSG00000094619.2",0.135787204,1.93033497,1.4478597,0.158185062,1,"Geno_at_37"
"Mir7087","ENSMUSG00000098327.1",0.135761953,-0.382824393,1.06830931,0.294031908,1,"Geno_at_37"
"Gm50144","ENSMUSG00000118184.1",0.135723711,-0.616466604,1.04437305,0.304782513,1,"Geno_at_37"
"Izumo1","ENSMUSG00000064158.6",0.135701151,-0.572188655,1.30259537,0.202774877,1,"Geno_at_37"
"Gm29477","ENSMUSG00000101258.1",-0.135682489,-0.703017255,-1.35533732,0.185581284,1,"Geno_at_37"
"9330136K24Rik","ENSMUSG00000097781.1",0.135635588,-0.111307919,1.24913479,0.221421677,1,"Geno_at_37"
"Myl6b","ENSMUSG00000039824.4",-0.135604267,1.97234764,-1.37144528,0.180562376,1,"Geno_at_37"
"Aspn","ENSMUSG00000021388.14",0.135594998,0.641231836,0.953500755,0.348072491,1,"Geno_at_37"
"Tiam2","ENSMUSG00000023800.15",0.135579901,1.64143414,1.13788881,0.26431018,1,"Geno_at_37"
"Shq1","ENSMUSG00000035378.17",0.135577711,4.16256413,2.54020839,0.0165824191,1,"Geno_at_37"
"Slc15a3","ENSMUSG00000024737.2",-0.135564935,4.96317233,-1.31904822,0.203787231,1,"Geno_at_37"
"Strc","ENSMUSG00000033498.14",0.135564288,-0.505807717,1.28005494,0.210485059,1,"Geno_at_37"
"Trav10","ENSMUSG00000096551.2",0.135531457,1.38124043,1.24856091,0.221628637,1,"Geno_at_37"
"Gm24339","ENSMUSG00000077394.1",-0.135510849,0.48413643,-0.700436775,0.490499181,1,"Geno_at_37"
"B430219N15Rik","ENSMUSG00000085211.2",-0.135493366,-0.650093845,-1.37093063,0.180721074,1,"Geno_at_37"
"Gnaz","ENSMUSG00000040009.6",0.13548448,-0.50120587,1.12756886,0.268575755,1,"Geno_at_37"
"Dcbld1","ENSMUSG00000019891.15",0.135479737,0.88033258,1.00386885,0.323592783,1,"Geno_at_37"
"Atp7a","ENSMUSG00000033792.12",0.135458249,3.70653565,2.32800979,0.0269539063,1,"Geno_at_37"
"Gm49172","ENSMUSG00000115049.1",-0.135446349,2.56333301,-1.6364066,0.11236385,1,"Geno_at_37"
"Abhd16b","ENSMUSG00000055882.8",-0.135439266,-0.363449048,-0.98608867,0.332096268,1,"Geno_at_37"
"Gm26944","ENSMUSG00000098066.2",0.135435787,1.00154899,1.1069995,0.2772255,1,"Geno_at_37"
"Zfp354c","ENSMUSG00000044807.13",0.135371759,1.44418875,1.4160175,0.167226557,1,"Geno_at_37"
"Sardh","ENSMUSG00000009614.16",-0.135358987,3.62668665,-1.95445964,0.0601681549,1,"Geno_at_37"
"Gm20681","ENSMUSG00000093682.1",0.135311824,-0.546834835,1.11694773,0.273017488,1,"Geno_at_37"
"Adora3","ENSMUSG00000000562.5",-0.135259376,-0.625928642,-1.17715427,0.248529864,1,"Geno_at_37"
"Gm4834","ENSMUSG00000117402.1",-0.135204353,-0.348471828,-1.34527274,0.188771845,1,"Geno_at_37"
"Arhgap29","ENSMUSG00000039831.16",-0.135164383,0.998359187,-1.0551824,0.299894126,1,"Geno_at_37"
"6230400D17Rik","ENSMUSG00000097577.2",-0.135156337,2.23397753,-1.17762303,0.248345748,1,"Geno_at_37"
"Kynu","ENSMUSG00000026866.16",0.135089451,2.64650943,0.821296973,0.421597503,1,"Geno_at_37"
"Gm47690","ENSMUSG00000112254.1",-0.135077781,1.18597297,-0.952518785,0.348561752,1,"Geno_at_37"
"1700088E04Rik","ENSMUSG00000033029.12",-0.13507222,0.0642334673,-1.10018197,0.280135957,1,"Geno_at_37"
"Angel1","ENSMUSG00000021257.14",0.135040213,3.44332271,1.84883098,0.0745115209,1,"Geno_at_37"
"Gm8818","ENSMUSG00000079138.3",-0.135026355,0.000757520951,-0.925658823,0.362122608,1,"Geno_at_37"
"Ilk","ENSMUSG00000030890.16",0.134967819,1.67805556,1.23967579,0.22485151,1,"Geno_at_37"
"Il4i1","ENSMUSG00000074141.13",-0.134946284,-0.0684865181,-1.08146032,0.288240416,1,"Geno_at_37"
"1700007J10Rik","ENSMUSG00000086330.7",0.134937932,0.0154345754,0.900334404,0.375222371,1,"Geno_at_37"
"D830050J10Rik","ENSMUSG00000107994.1",0.134913231,-0.464587109,1.09928175,0.280521891,1,"Geno_at_37"
"Gm48398","ENSMUSG00000113724.1",0.134912816,-0.347602069,1.06896575,0.293740893,1,"Geno_at_37"
"Rhov","ENSMUSG00000034226.7",0.13488154,0.85340054,1.02589156,0.313268749,1,"Geno_at_37"
"Gm44829","ENSMUSG00000109157.1",-0.134830911,1.13722459,-1.24498933,0.222919939,1,"Geno_at_37"
"Gng3","ENSMUSG00000071658.5",-0.134720081,0.53285037,-1.01913863,0.316409955,1,"Geno_at_37"
"Platr8","ENSMUSG00000063751.6",0.134708053,-0.701345102,1.23837208,0.225327351,1,"Geno_at_37"
"Kcnd1","ENSMUSG00000009731.4",-0.134700682,1.0189629,-1.10585043,0.277714524,1,"Geno_at_37"
"Gm2449","ENSMUSG00000097223.2",-0.134666089,-0.00190503607,-1.08616943,0.28618639,1,"Geno_at_37"
"Gm36328","ENSMUSG00000108196.1",0.134654533,-0.725022687,1.24335559,0.223512503,1,"Geno_at_37"
"Gm45737","ENSMUSG00000109231.1",0.134599981,1.47082995,1.24139611,0.224224771,1,"Geno_at_37"
"Gm5871","ENSMUSG00000093545.1",-0.134553859,0.0365566607,-1.1442303,0.261713512,1,"Geno_at_37"
"Gm43088","ENSMUSG00000105748.1",-0.134551596,0.384471151,-1.02310451,0.314562553,1,"Geno_at_37"
"Gm11594","ENSMUSG00000081958.1",0.134548427,-0.681345252,1.31644572,0.198145632,1,"Geno_at_37"
"Klra1","ENSMUSG00000079853.5",-0.134545127,-0.530134042,-0.932776137,0.358967838,1,"Geno_at_37"
"Rell2","ENSMUSG00000044024.16",-0.134524029,0.743453275,-1.16701063,0.252538598,1,"Geno_at_37"
"Gm12596","ENSMUSG00000086952.1",0.134519713,-0.491804497,1.2871917,0.208020083,1,"Geno_at_37"
"Glp1r","ENSMUSG00000024027.8",-0.134456983,2.28224939,-0.744435456,0.465706178,1,"Geno_at_37"
"Alkbh3os1","ENSMUSG00000027196.11",-0.134451549,0.969392851,-1.13758564,0.264434787,1,"Geno_at_37"
"Mpp4","ENSMUSG00000079550.9",-0.134445011,0.464439908,-0.914259752,0.367981406,1,"Geno_at_37"
"Trbv5","ENSMUSG00000076465.2",-0.134401059,-0.0409470264,-1.20262073,0.238672254,1,"Geno_at_37"
"Cerox1","ENSMUSG00000091475.4",-0.134377628,-0.622548893,-1.18995676,0.243537416,1,"Geno_at_37"
"Zfp78","ENSMUSG00000055150.15",0.134370611,0.905332897,1.17135732,0.250815033,1,"Geno_at_37"
"Pdlim4","ENSMUSG00000020388.12",0.134368899,1.67865952,1.06077406,0.297387053,1,"Geno_at_37"
"4930507D05Rik","ENSMUSG00000097129.2",0.134331687,-0.476391791,1.29002311,0.207048253,1,"Geno_at_37"
"Adamts7","ENSMUSG00000032363.15",-0.134267905,-0.541338183,-1.17528037,0.249266876,1,"Geno_at_37"
"Cadm1","ENSMUSG00000032076.20",-0.13423942,0.00405605583,-0.944691444,0.352478106,1,"Geno_at_37"
"Gm28151","ENSMUSG00000100213.1",0.134230484,1.26806834,0.978171931,0.335930931,1,"Geno_at_37"
"Gm16094","ENSMUSG00000090103.1",-0.13422671,-0.755146044,-1.35689112,0.185092474,1,"Geno_at_37"
"Snord15a","ENSMUSG00000065822.1",-0.134211832,0.0209361242,-1.00822694,0.321531452,1,"Geno_at_37"
"Bloc1s6os","ENSMUSG00000085633.1",-0.134202172,-0.636369277,-1.44006036,0.160362886,1,"Geno_at_37"
"Lipt2","ENSMUSG00000030725.4",-0.134189467,1.55179327,-1.34359096,0.189309106,1,"Geno_at_37"
"Snora21","ENSMUSG00000064901.1",0.134140798,-0.3448469,1.18832855,0.244168208,1,"Geno_at_37"
"Gm37186","ENSMUSG00000103937.1",0.134126005,0.257981549,0.921991498,0.364000771,1,"Geno_at_37"
"Gm15616","ENSMUSG00000082705.1",-0.134071987,-0.514684542,-1.1526344,0.25830089,1,"Geno_at_37"
"Nxph4","ENSMUSG00000040258.6",-0.133998242,-0.473139792,-1.31031429,0.200184838,1,"Geno_at_37"
"Omd","ENSMUSG00000048368.9",0.133976531,0.691074086,1.0551038,0.29992947,1,"Geno_at_37"
"Trim5","ENSMUSG00000060441.15",0.133955577,3.28872389,1.54182226,0.133760089,1,"Geno_at_37"
"Gm19486","ENSMUSG00000118177.1",-0.133914778,0.317467226,-1.21614704,0.233555852,1,"Geno_at_37"
"Gm34121","ENSMUSG00000108659.1",0.133820063,0.0138574905,1.11323941,0.274580675,1,"Geno_at_37"
"4930483K19Rik","ENSMUSG00000086241.2",0.133736278,-0.523056704,1.19877075,0.240143627,1,"Geno_at_37"
"Gm6517","ENSMUSG00000082420.2",-0.133710151,0.2022339,-0.865066528,0.393971864,1,"Geno_at_37"
"Gm42984","ENSMUSG00000104784.1",0.133700368,-0.0516401988,1.04479566,0.304590355,1,"Geno_at_37"
"Grifin","ENSMUSG00000036586.6",-0.133672226,1.28276142,-1.15881066,0.255813675,1,"Geno_at_37"
"Gm13207","ENSMUSG00000083473.1",0.133631418,-0.557627298,1.06303911,0.296375699,1,"Geno_at_37"
"Gm7600","ENSMUSG00000109933.1",-0.133613893,4.35127739,-2.1896805,0.0365851935,1,"Geno_at_37"
"Medag","ENSMUSG00000029659.16",-0.133605362,-0.0498833747,-1.09169483,0.283789592,1,"Geno_at_37"
"Acacb","ENSMUSG00000042010.16",0.133571055,0.245469908,1.06199772,0.296840386,1,"Geno_at_37"
"G630030J09Rik","ENSMUSG00000097149.1",-0.133554374,0.618884778,-1.06182477,0.296917607,1,"Geno_at_37"
"Upk1a","ENSMUSG00000006313.5",0.133500453,0.364638344,0.929041369,0.36039596,1,"Geno_at_37"
"Mtcl1","ENSMUSG00000052105.17",-0.133489615,-0.0921905266,-0.92639994,0.361743833,1,"Geno_at_37"
"Tent5a","ENSMUSG00000032265.14",0.133470066,6.19981899,0.884729462,0.389227397,1,"Geno_at_37"
"Mttp","ENSMUSG00000028158.14",-0.133465763,2.28276007,-1.4937791,0.145836742,1,"Geno_at_37"
"Wdr78","ENSMUSG00000035126.19",-0.133458257,2.65938282,-1.57376065,0.126191166,1,"Geno_at_37"
"BC035044","ENSMUSG00000090164.8",0.133445233,0.441581186,0.998691697,0.32605326,1,"Geno_at_37"
"Fam124a","ENSMUSG00000035184.15",-0.133378811,0.116937666,-1.09928837,0.280519054,1,"Geno_at_37"
"Il1rl1","ENSMUSG00000026069.15",0.133332003,1.02015074,1.1949162,0.24162347,1,"Geno_at_37"
"Fuom","ENSMUSG00000025466.19",-0.133330634,0.934647297,-1.2526725,0.220149081,1,"Geno_at_37"
"Snord8","ENSMUSG00000093044.1",0.133320211,-0.0995291751,1.12206494,0.270870925,1,"Geno_at_37"
"Gm45570","ENSMUSG00000110038.1",-0.133263314,-0.767011228,-1.23950518,0.224913738,1,"Geno_at_37"
"Gm43062","ENSMUSG00000104671.1",0.133172271,0.297235962,1.03818023,0.307608059,1,"Geno_at_37"
"Mip","ENSMUSG00000025389.7",0.133169053,-0.0918175522,0.998844938,0.325980248,1,"Geno_at_37"
"1700018L02Rik","ENSMUSG00000100075.1",-0.133121154,0.0375475355,-1.08600435,0.286258219,1,"Geno_at_37"
"Stard6","ENSMUSG00000079608.10",-0.133102927,0.639511074,-1.06772553,0.294290888,1,"Geno_at_37"
"Clcn2","ENSMUSG00000022843.17",0.133088983,2.24545417,1.46676362,0.153004165,1,"Geno_at_37"
"Olfm2","ENSMUSG00000032172.8",-0.133038924,2.96241718,-1.38789362,0.175547417,1,"Geno_at_37"
"Ric3","ENSMUSG00000048330.14",-0.133027305,-0.485400108,-1.19734554,0.240690012,1,"Geno_at_37"
"Gm5455","ENSMUSG00000045609.6",0.133020844,0.860475621,1.08462867,0.286857295,1,"Geno_at_37"
"Gm10535","ENSMUSG00000097988.1",0.132996595,-0.0116817758,0.872728361,0.38989571,1,"Geno_at_37"
"Gm28439","ENSMUSG00000100131.1",-0.132992513,0.0386694403,-1.13850702,0.264056221,1,"Geno_at_37"
"Gm8577","ENSMUSG00000082197.1",-0.13298324,-0.471530299,-1.29594231,0.205027799,1,"Geno_at_37"
"Bst2","ENSMUSG00000046718.8",0.132952181,4.61287214,2.25464602,0.0317313449,1,"Geno_at_37"
"Gm11748","ENSMUSG00000087036.1",-0.132939262,-0.61393881,-1.09672823,0.281618687,1,"Geno_at_37"
"Lrrk1","ENSMUSG00000015133.17",-0.132903913,1.35077074,-1.07240549,0.29221928,1,"Geno_at_37"
"Abca17","ENSMUSG00000035435.17",-0.132855492,-0.399365382,-1.15364233,0.257893793,1,"Geno_at_37"
"Carns1","ENSMUSG00000075289.5",-0.132815049,2.75047057,-1.05547969,0.301768146,1,"Geno_at_37"
"Gm43054","ENSMUSG00000104569.1",0.132613955,0.930070342,1.13958651,0.263613192,1,"Geno_at_37"
"Zfp964","ENSMUSG00000091764.3",-0.132580993,0.405564369,-1.11765024,0.272722076,1,"Geno_at_37"
"1110013H19Rik","ENSMUSG00000116164.1",0.132580691,-0.47508551,1.17199031,0.250564761,1,"Geno_at_37"
"B930059L03Rik","ENSMUSG00000113361.1",0.132572139,0.194750197,0.892331973,0.379425115,1,"Geno_at_37"
"Hic1","ENSMUSG00000043099.4",0.132566882,1.46343331,0.877731099,0.387848059,1,"Geno_at_37"
"Gm25821","ENSMUSG00000070166.1",-0.132557208,-0.532289651,-1.35626276,0.185290032,1,"Geno_at_37"
"Rapgef2","ENSMUSG00000062232.14",0.132498427,4.41393614,2.1997687,0.0357902651,1,"Geno_at_37"
"Trav7-3","ENSMUSG00000096908.3",-0.13245893,0.581321254,-1.19993071,0.239699612,1,"Geno_at_37"
"Gad2","ENSMUSG00000026787.3",-0.132386265,1.9654889,-1.27288959,0.212982205,1,"Geno_at_37"
"Gm4793","ENSMUSG00000054412.5",-0.132376264,2.25169499,-1.08014342,0.289293597,1,"Geno_at_37"
"Ccl22","ENSMUSG00000031779.3",-0.132340449,1.79614087,-0.733566819,0.471422781,1,"Geno_at_37"
"Gm49463","ENSMUSG00000116508.1",0.132336252,-0.614300602,1.21931507,0.232369425,1,"Geno_at_37"
"Gm29394","ENSMUSG00000022362.13",-0.132323242,-0.629723802,-1.21970814,0.232222536,1,"Geno_at_37"
"Gm16124","ENSMUSG00000086914.1",-0.132315641,0.531192562,-1.01672518,0.317537857,1,"Geno_at_37"
"Gm15728","ENSMUSG00000086075.1",-0.132254534,-0.375670776,-1.121396,0.27115084,1,"Geno_at_37"
"Cenps","ENSMUSG00000073705.10",0.132248171,3.9635572,1.83809079,0.0761226893,1,"Geno_at_37"
"Adcy6","ENSMUSG00000022994.9",0.132183643,3.62277071,2.15432482,0.0394973706,1,"Geno_at_37"
"Ctns","ENSMUSG00000005949.9",-0.132168575,3.7027467,-1.81444971,0.0797746583,1,"Geno_at_37"
"Rgs10","ENSMUSG00000030844.11",-0.132160776,6.00633479,-1.77374123,0.0918837899,1,"Geno_at_37"
"Dnajc12","ENSMUSG00000036764.12",0.132159921,1.49420252,1.2445309,0.223086094,1,"Geno_at_37"
"Il17f","ENSMUSG00000041872.9",0.132149182,4.00533427,1.32817209,0.197806728,1,"Geno_at_37"
"Gm13642","ENSMUSG00000086846.2",-0.132134166,-0.427143384,-1.10623281,0.277551719,1,"Geno_at_37"
"Gm48837","ENSMUSG00000114536.1",-0.132038924,0.436758653,-0.960700287,0.344499386,1,"Geno_at_37"
"Lmln","ENSMUSG00000022802.2",0.132029395,2.67414233,1.92262311,0.0642147224,1,"Geno_at_37"
"Zdhhc24","ENSMUSG00000006463.13",0.131975923,3.5835343,1.75461118,0.0896926264,1,"Geno_at_37"
"Gm34983","ENSMUSG00000112265.1",-0.131955213,-0.776979375,-1.40876499,0.169341939,1,"Geno_at_37"
"Gm15536","ENSMUSG00000081926.1",-0.131935609,0.500661028,-1.00294895,0.324029038,1,"Geno_at_37"
"Nid1","ENSMUSG00000005397.8",0.131913999,-0.768239583,1.43661069,0.161333711,1,"Geno_at_37"
"Zfat","ENSMUSG00000022335.17",0.131898148,3.16832082,1.97627113,0.0575257478,1,"Geno_at_37"
"Enpp2","ENSMUSG00000022425.16",0.131893095,-0.804659489,1.40131136,0.171537908,1,"Geno_at_37"
"Gm37824","ENSMUSG00000104459.1",0.131887025,-0.860764733,1.62955307,0.113812707,1,"Geno_at_37"
"Nphp1","ENSMUSG00000027378.16",-0.131873962,2.55527881,-1.3849522,0.176436126,1,"Geno_at_37"
"Gm10432","ENSMUSG00000113679.1",-0.131871694,-0.269557642,-1.39439277,0.173596242,1,"Geno_at_37"
"Lilrb4a","ENSMUSG00000112148.1",0.131755523,1.60403312,0.981421381,0.334421844,1,"Geno_at_37"
"Adgrd1","ENSMUSG00000044017.16",0.131750091,0.101132712,1.00732021,0.32195958,1,"Geno_at_37"
"C920021L13Rik","ENSMUSG00000080727.2",-0.131741788,-0.127701535,-0.997064836,0.326829071,1,"Geno_at_37"
"Hmgn3","ENSMUSG00000066456.14",0.131680146,1.98136949,1.10490278,0.278118289,1,"Geno_at_37"
"Gm25973","ENSMUSG00000065651.1",0.131650674,-0.678835724,1.20050551,0.239479814,1,"Geno_at_37"
"Myl12b","ENSMUSG00000034868.9",-0.131628589,2.72249408,-1.79059377,0.0836105222,1,"Geno_at_37"
"Gm48961","ENSMUSG00000115793.1",0.131618904,0.080681796,1.07015888,0.293212465,1,"Geno_at_37"
"Mir142b","ENSMUSG00000065420.2",-0.131588148,1.47554393,-1.24630429,0.222443859,1,"Geno_at_37"
"Gm28802","ENSMUSG00000099719.1",0.13151645,0.0101926517,0.959826096,0.344931928,1,"Geno_at_37"
"Apbb1ip","ENSMUSG00000026786.14",-0.131425859,6.3227116,-3.31165855,0.00245386893,1,"Geno_at_37"
"Gm49768","ENSMUSG00000115220.1",0.131396571,-0.546317404,1.28429701,0.209017218,1,"Geno_at_37"
"Gm6533","ENSMUSG00000115193.1",-0.131316968,2.41042378,-1.68529439,0.102466771,1,"Geno_at_37"
"Gm11944","ENSMUSG00000084941.1",0.131305245,1.84863912,1.19841325,0.240280599,1,"Geno_at_37"
"Vpreb1","ENSMUSG00000059305.12",0.131294372,-0.774290896,1.40564834,0.170257447,1,"Geno_at_37"
"Gm43164","ENSMUSG00000107103.1",0.131260417,-0.502125671,1.11582307,0.273490895,1,"Geno_at_37"
"Gm43331","ENSMUSG00000104910.1",0.131243975,0.0467644351,1.11115005,0.275464238,1,"Geno_at_37"
"Gm45148","ENSMUSG00000109165.1",0.131223666,0.677175875,0.912963611,0.368651495,1,"Geno_at_37"
"Rbfaos","ENSMUSG00000118061.1",-0.131210275,0.311386319,-1.04350198,0.305178851,1,"Geno_at_37"
"Gm18014","ENSMUSG00000098275.1",0.131199028,-0.0255602442,1.23399059,0.226932081,1,"Geno_at_37"
"Nxnl2","ENSMUSG00000021396.5",-0.131166857,-0.317865827,-1.06226252,0.296722176,1,"Geno_at_37"
"Gm4651","ENSMUSG00000097011.2",0.131152395,-0.56759132,1.12143626,0.271133987,1,"Geno_at_37"
"Itgb8","ENSMUSG00000025321.14",-0.131121331,1.17168886,-0.911079657,0.369626898,1,"Geno_at_37"
"Smyd1","ENSMUSG00000055027.17",-0.131087094,0.754194077,-0.992656225,0.328937765,1,"Geno_at_37"
"Gm43755","ENSMUSG00000106311.1",0.131083571,0.681259387,0.920798907,0.364612915,1,"Geno_at_37"
"Rdh13","ENSMUSG00000008435.15",-0.131076852,3.88897896,-2.2831879,0.0297885729,1,"Geno_at_37"
"Adam8","ENSMUSG00000025473.16",-0.131076277,2.14206551,-1.05870377,0.298666328,1,"Geno_at_37"
"Dlg5","ENSMUSG00000021782.14",0.13105959,-0.528263875,1.4588611,0.15515323,1,"Geno_at_37"
"Gm8942","ENSMUSG00000111964.1",-0.131030267,5.23769318,-2.52403271,0.0172199117,1,"Geno_at_37"
"Ryr1","ENSMUSG00000030592.18",-0.131004957,0.39098998,-1.08771715,0.285513579,1,"Geno_at_37"
"Gm13034","ENSMUSG00000082195.3",0.131004919,2.95389436,1.72041261,0.095816184,1,"Geno_at_37"
"Gm14513","ENSMUSG00000080811.1",-0.130992218,0.109459883,-1.22406373,0.230599486,1,"Geno_at_37"
"Rps15a-ps3","ENSMUSG00000084314.1",-0.130947693,0.352868408,-1.18110837,0.246979954,1,"Geno_at_37"
"Gm6736","ENSMUSG00000071414.5",0.13094153,1.76852873,1.34030446,0.190362433,1,"Geno_at_37"
"Rps19-ps7","ENSMUSG00000080006.4",-0.130929368,-0.613080317,-1.40081479,0.171685001,1,"Geno_at_37"
"Hecw2","ENSMUSG00000042807.15",0.130891047,2.31840229,1.02940022,0.312566231,1,"Geno_at_37"
"Dusp9","ENSMUSG00000031383.8",-0.130887931,0.428162884,-1.11888416,0.272203761,1,"Geno_at_37"
"Gm21762","ENSMUSG00000094027.2",0.130869836,0.944904037,0.955781022,0.34693813,1,"Geno_at_37"
"Lima1","ENSMUSG00000023022.14",-0.130867037,0.175910458,-1.02895067,0.311852893,1,"Geno_at_37"
"Erf","ENSMUSG00000040857.15",-0.130864896,6.16671691,-1.67541897,0.110785544,1,"Geno_at_37"
"Itgam","ENSMUSG00000030786.18",0.130826824,-0.542699011,1.09511386,0.282313672,1,"Geno_at_37"
"Gm43633","ENSMUSG00000106962.1",0.130807882,0.296079386,0.857037225,0.398322509,1,"Geno_at_37"
"Kcnc3","ENSMUSG00000062785.14",-0.130782548,0.34789093,-0.834920844,0.410464815,1,"Geno_at_37"
"Gm15953","ENSMUSG00000081605.1",0.130770158,0.099215569,0.850727667,0.401762585,1,"Geno_at_37"
"St6galnac2","ENSMUSG00000057286.6",-0.130748292,0.145269685,-1.17493057,0.249404635,1,"Geno_at_37"
"Crim1","ENSMUSG00000024074.8",0.130726995,4.66956207,2.20174479,0.0356363793,1,"Geno_at_37"
"Timp2","ENSMUSG00000017466.9",-0.130721264,7.64692876,-1.15214332,0.265918761,1,"Geno_at_37"
"BC037032","ENSMUSG00000087221.3",-0.130669362,-0.072889194,-1.05744432,0.298878195,1,"Geno_at_37"
"Gm13169","ENSMUSG00000084127.1",-0.130667773,-0.550254446,-1.45160987,0.15714631,1,"Geno_at_37"
"Gm42941","ENSMUSG00000104693.1",-0.130662755,0.583609159,-0.845355741,0.404706176,1,"Geno_at_37"
"Gm13477","ENSMUSG00000083849.1",-0.130644464,0.795835535,-0.936256008,0.356731372,1,"Geno_at_37"
"Flacc1","ENSMUSG00000047528.13",0.130642129,-0.615835706,1.28648778,0.208262228,1,"Geno_at_37"
"Apc-ps1","ENSMUSG00000083152.1",-0.130640268,0.492701408,-1.00810233,0.321590266,1,"Geno_at_37"
"Mtus2","ENSMUSG00000029651.16",-0.130638366,1.19333142,-0.374826217,0.712594036,1,"Geno_at_37"
"Casp1","ENSMUSG00000025888.6",0.130571128,0.650654681,0.920829831,0.364597034,1,"Geno_at_37"
"Rab11fip3","ENSMUSG00000037098.18",0.130565025,4.46686406,2.39846163,0.0229902085,1,"Geno_at_37"
"Gm37553","ENSMUSG00000104383.1",0.130555864,0.486579761,0.969659378,0.340087498,1,"Geno_at_37"
"Ccdc38","ENSMUSG00000036168.15",-0.130523027,1.2256273,-0.979707284,0.335184913,1,"Geno_at_37"
"Slain1os","ENSMUSG00000089707.1",-0.130504349,0.607895923,-0.98202811,0.334059369,1,"Geno_at_37"
"Proser2","ENSMUSG00000045319.13",-0.13046196,-0.586771393,-1.16550726,0.253136735,1,"Geno_at_37"
"Gm49971","ENSMUSG00000117599.1",-0.130455905,-0.188724988,-1.02674125,0.31287504,1,"Geno_at_37"
"Gcnt1","ENSMUSG00000038843.18",-0.130433897,3.12576348,-0.918688278,0.369474814,1,"Geno_at_37"
"Npb","ENSMUSG00000044034.11",-0.130429186,0.122391395,-1.0297602,0.311478962,1,"Geno_at_37"
"Epor","ENSMUSG00000006235.6",-0.130381099,0.346997284,-0.870404885,0.391096098,1,"Geno_at_37"
"Gm6377","ENSMUSG00000048621.3",0.130370609,-0.0713956497,0.971684555,0.339095502,1,"Geno_at_37"
"Trbd2","ENSMUSG00000094569.1",-0.130355191,1.77710776,-1.31086887,0.199999737,1,"Geno_at_37"
"Stom","ENSMUSG00000026880.11",-0.130254499,1.73669916,-1.26447465,0.215943467,1,"Geno_at_37"
"Camk2b","ENSMUSG00000057897.14",0.130242245,2.20428304,0.496260256,0.626234297,1,"Geno_at_37"
"Anpep","ENSMUSG00000039062.15",-0.130147979,-0.311254224,-0.99516045,0.327738828,1,"Geno_at_37"
"Gm14540","ENSMUSG00000085847.1",0.130124662,-0.627905514,1.24410091,0.223242024,1,"Geno_at_37"
"6430590A07Rik","ENSMUSG00000097583.2",0.130048718,0.374252212,0.953358356,0.348143412,1,"Geno_at_37"
"Fam20a","ENSMUSG00000020614.13",-0.13003089,4.62458227,-1.16838884,0.257981917,1,"Geno_at_37"
"Rab15","ENSMUSG00000021062.15",-0.130027466,-0.383574964,-1.04476394,0.304604771,1,"Geno_at_37"
"AC160138.1","ENSMUSG00000118499.1",-0.129992557,-0.30094748,-0.987986703,0.331181346,1,"Geno_at_37"
"Msra","ENSMUSG00000054733.9",-0.129979786,3.28507766,-1.63542543,0.112570329,1,"Geno_at_37"
"Klrc3","ENSMUSG00000033027.15",0.129954673,0.332891354,1.33337153,0.192599315,1,"Geno_at_37"
"Morc1","ENSMUSG00000022652.7",0.12994452,0.650083668,1.18221211,0.246548587,1,"Geno_at_37"
"Xaf1","ENSMUSG00000040483.15",0.129936616,2.86632137,1.06791442,0.29618676,1,"Geno_at_37"
"Plch2","ENSMUSG00000029055.17",-0.129914878,-0.635916293,-1.11638565,0.273254011,1,"Geno_at_37"
"Elfn1","ENSMUSG00000048988.8",-0.129893632,-0.593148727,-1.13765881,0.264404707,1,"Geno_at_37"
"Gna15","ENSMUSG00000034792.8",-0.129883958,1.75033516,-1.28225206,0.209723838,1,"Geno_at_37"
"Jpx","ENSMUSG00000097571.9",0.129876165,3.00126398,1.71715776,0.0964169205,1,"Geno_at_37"
"A930002C04Rik","ENSMUSG00000114961.1",-0.129861567,-0.607971922,-1.31902699,0.197291935,1,"Geno_at_37"
"Gm12936","ENSMUSG00000081319.1",-0.129855565,-0.419861032,-1.14235289,0.262480319,1,"Geno_at_37"
"Gm3052","ENSMUSG00000101462.2",-0.12978578,1.24836216,-0.973671283,0.338124237,1,"Geno_at_37"
"Gm17173","ENSMUSG00000090709.2",0.129773145,2.55081007,1.42929074,0.16340919,1,"Geno_at_37"
"Gm5987","ENSMUSG00000105600.1",-0.129766163,0.765116079,-1.15609005,0.256907115,1,"Geno_at_37"
"Mpp7","ENSMUSG00000057440.8",0.129725233,4.70331636,1.2998327,0.209320897,1,"Geno_at_37"
"Zfp775","ENSMUSG00000007216.6",-0.129668738,3.35802835,-1.85648361,0.0733814719,1,"Geno_at_37"
"A630081D01Rik","ENSMUSG00000102721.1",-0.129646449,0.775638663,-0.85635874,0.398691533,1,"Geno_at_37"
"C920006O11Rik","ENSMUSG00000097574.2",-0.129628718,1.92193903,-1.29807571,0.204303292,1,"Geno_at_37"
"2810410L24Rik","ENSMUSG00000075389.3",-0.129607561,0.537923617,-1.01457388,0.318545575,1,"Geno_at_37"
"5830487J09Rik","ENSMUSG00000104830.1",0.129579831,-0.265921732,1.2122929,0.235005308,1,"Geno_at_37"
"Gm5822","ENSMUSG00000089993.1",0.129540933,6.30715329,2.75039628,0.0101254305,1,"Geno_at_37"
"Il34","ENSMUSG00000031750.15",-0.129510874,-0.281596907,-1.18605099,0.245052594,1,"Geno_at_37"
"Trbj1-2","ENSMUSG00000076484.1",0.129510233,1.52512779,1.34666145,0.188329097,1,"Geno_at_37"
"Sele","ENSMUSG00000026582.6",-0.129492041,-0.406075253,-1.04245782,0.305654416,1,"Geno_at_37"
"Gm11723","ENSMUSG00000087486.1",-0.129476541,-0.346806817,-1.1831344,0.246188561,1,"Geno_at_37"
"Gm7059","ENSMUSG00000117468.1",-0.129466998,0.695593196,-0.944710384,0.352468594,1,"Geno_at_37"
"Gm26102","ENSMUSG00000087876.1",-0.12945664,-0.671425234,-1.12918633,0.267903936,1,"Geno_at_37"
"Ankrd23","ENSMUSG00000067653.12",0.129455785,1.02643033,0.937818284,0.355941095,1,"Geno_at_37"
"Cybrd1","ENSMUSG00000027015.4",-0.129444144,0.37109886,-0.912860576,0.368704797,1,"Geno_at_37"
"Fam171a1","ENSMUSG00000050530.14",0.129428712,1.13867177,1.07889834,0.289362286,1,"Geno_at_37"
"Blk","ENSMUSG00000014453.4",-0.129397723,-0.723825229,-1.25521765,0.219236945,1,"Geno_at_37"
"Slc16a8","ENSMUSG00000032988.4",0.129390589,0.0647395182,0.906095914,0.372215316,1,"Geno_at_37"
"Adhfe1","ENSMUSG00000025911.14",-0.1293737,-0.633757679,-1.22525476,0.230157144,1,"Geno_at_37"
"Gm48604","ENSMUSG00000111291.1",-0.129313659,3.09857275,-1.62419324,0.114956539,1,"Geno_at_37"
"Cbx3-ps8","ENSMUSG00000110887.1",0.129301223,-0.288791521,1.05497417,0.299987773,1,"Geno_at_37"
"Gm37475","ENSMUSG00000102152.1",-0.129295988,-0.391491337,-1.09989835,0.280257505,1,"Geno_at_37"
"Padi4","ENSMUSG00000025330.6",-0.129261896,-0.572864634,-1.21390773,0.234397191,1,"Geno_at_37"
"Gm45424","ENSMUSG00000110341.1",0.129251914,-0.50536425,1.14652401,0.260778878,1,"Geno_at_37"
"Gm45698","ENSMUSG00000109428.1",0.129233105,-0.0507511034,1.17504061,0.249361293,1,"Geno_at_37"
"Rab27b","ENSMUSG00000024511.15",-0.129181009,-0.819919235,-1.33128661,0.193275963,1,"Geno_at_37"
"Fam24a","ENSMUSG00000030859.8",-0.129159859,-0.437121691,-1.23135555,0.227901287,1,"Geno_at_37"
"4732416N19Rik","ENSMUSG00000107402.1",-0.129145376,1.05514802,-0.906512263,0.371998624,1,"Geno_at_37"
"Gm17108","ENSMUSG00000091133.1",0.129097274,0.208857963,1.05285322,0.300942794,1,"Geno_at_37"
"Tssk4","ENSMUSG00000007591.15",-0.129090693,0.914078139,-0.975390497,0.337285271,1,"Geno_at_37"
"Crlf1","ENSMUSG00000007888.15",0.129008854,-0.486722514,1.16622238,0.252852085,1,"Geno_at_37"
"4930429F24Rik","ENSMUSG00000086918.1",-0.128973528,0.0670675569,-1.20658751,0.23716325,1,"Geno_at_37"
"Zfp773","ENSMUSG00000063535.7",0.128956554,2.57648061,1.27271569,0.213043087,1,"Geno_at_37"
"Gm41442","ENSMUSG00000116946.1",-0.128944264,1.29927391,-1.20447123,0.237967422,1,"Geno_at_37"
"Gm39302","ENSMUSG00000111172.1",-0.128933956,-0.579828789,-1.25038337,0.220971904,1,"Geno_at_37"
"Slc6a12","ENSMUSG00000030109.15",-0.128926221,-0.180386375,-1.02127477,0.315413961,1,"Geno_at_37"
"Gm50023","ENSMUSG00000117579.1",0.128923572,0.112947167,0.975464263,0.337249305,1,"Geno_at_37"
"Ccn1","ENSMUSG00000028195.4",0.128887093,0.135058847,0.614507848,0.545319364,1,"Geno_at_37"
"Gm5459","ENSMUSG00000090305.2",0.128876508,-0.49189104,1.21350381,0.234549193,1,"Geno_at_37"
"C1qtnf1","ENSMUSG00000017446.14",-0.128848901,0.57686166,-0.903886072,0.373366819,1,"Geno_at_37"
"Gm45630","ENSMUSG00000109638.1",-0.128702453,0.0790183057,-1.07369956,0.291648277,1,"Geno_at_37"
"Tox2","ENSMUSG00000074607.11",-0.128640152,1.06756579,-0.788426124,0.43738486,1,"Geno_at_37"
"Gm14853","ENSMUSG00000079965.2",-0.128639076,-0.318073737,-1.02091694,0.315580655,1,"Geno_at_37"
"Gm20597","ENSMUSG00000112739.1",0.128610219,-0.720639655,1.24918874,0.221402228,1,"Geno_at_37"
"n-R5s67","ENSMUSG00000077524.1",-0.128592894,-0.500858284,-1.08327011,0.287449787,1,"Geno_at_37"
"Gm15484","ENSMUSG00000081865.1",-0.128555557,2.30092127,-1.62209269,0.1154074,1,"Geno_at_37"
"Gm42467","ENSMUSG00000106751.1",-0.128538973,0.610349494,-0.726585493,0.474000188,1,"Geno_at_37"
"Gm42507","ENSMUSG00000107168.1",0.128532507,-0.563630723,1.14832183,0.260048006,1,"Geno_at_37"
"Hsd17b11","ENSMUSG00000029311.16",-0.12851477,2.02807163,-1.24249401,0.223825475,1,"Geno_at_37"
"Cyp2c52-ps","ENSMUSG00000114610.1",0.128500972,-0.607535917,1.34143191,0.190000573,1,"Geno_at_37"
"Ptpn21","ENSMUSG00000021009.15",0.1284787,2.58077592,1.30979186,0.200359333,1,"Geno_at_37"
"Smc1b","ENSMUSG00000022432.7",-0.128436457,-0.637760543,-1.48081416,0.149242023,1,"Geno_at_37"
"2310043M15Rik","ENSMUSG00000097768.2",0.128379523,-0.258505202,1.289543,0.207212797,1,"Geno_at_37"
"Vcan","ENSMUSG00000021614.16",0.128221613,0.433912946,1.01884114,0.316548834,1,"Geno_at_37"
"Gm12186","ENSMUSG00000084153.2",0.128180617,-0.281915323,1.0942178,0.28269995,1,"Geno_at_37"
"Zg16","ENSMUSG00000049350.6",-0.128161927,-0.346702318,-0.850828594,0.402133635,1,"Geno_at_37"
"Trav5-4","ENSMUSG00000095607.3",-0.128147911,1.29348526,-1.18274982,0.246338641,1,"Geno_at_37"
"Ephb2","ENSMUSG00000028664.14",0.128091075,0.519100997,1.15560898,0.257100816,1,"Geno_at_37"
"Gbp10","ENSMUSG00000105096.1",0.128085837,1.54462067,0.764248025,0.452324998,1,"Geno_at_37"
"Scn4b","ENSMUSG00000046480.6",0.128059801,-0.401045193,1.18153801,0.246811975,1,"Geno_at_37"
"Bach2it1","ENSMUSG00000087049.1",-0.128040121,1.46763194,-0.942876113,0.353390561,1,"Geno_at_37"
"Homer2","ENSMUSG00000025813.14",0.128017993,-0.83183599,1.4723042,0.151511668,1,"Geno_at_37"
"Gm47250","ENSMUSG00000113946.1",0.127994661,-0.553246052,1.12802382,0.268386661,1,"Geno_at_37"
"Ctif","ENSMUSG00000052928.9",-0.127985787,2.60709627,-1.67925161,0.103649221,1,"Geno_at_37"
"mt-Th","ENSMUSG00000064364.1",0.127960689,0.883051931,1.11194571,0.275127522,1,"Geno_at_37"
"Gm26394","ENSMUSG00000077285.1",0.12794716,1.12874002,1.06079392,0.297378176,1,"Geno_at_37"
"Lbhd1","ENSMUSG00000096740.8",0.127927767,2.84586874,2.01037193,0.0535977088,1,"Geno_at_37"
"Gm47636","ENSMUSG00000114447.1",0.127920573,-0.285243452,1.1730707,0.250138016,1,"Geno_at_37"
"Ficd","ENSMUSG00000053334.6",0.12782926,2.53996213,1.71996091,0.0958993636,1,"Geno_at_37"
"AC149090.1","ENSMUSG00000095041.7",0.12780349,7.0426482,0.757906731,0.459384808,1,"Geno_at_37"
"Maoa","ENSMUSG00000025037.6",-0.127760091,1.88008695,-1.26333831,0.21634573,1,"Geno_at_37"
"BC064078","ENSMUSG00000087150.7",-0.127756177,-0.29586415,-1.18374434,0.245950679,1,"Geno_at_37"
"4930451G09Rik","ENSMUSG00000022543.9",0.127755651,0.0129087614,1.08915503,0.284889521,1,"Geno_at_37"
"Slc30a2","ENSMUSG00000028836.14",-0.127744174,3.56174421,-1.83718618,0.076259748,1,"Geno_at_37"
"Cdc42ep3","ENSMUSG00000036533.9",-0.127710942,2.04501841,-1.33273678,0.192805126,1,"Geno_at_37"
"Gm4285","ENSMUSG00000085829.1",-0.127704518,1.28605146,-1.10149622,0.279573199,1,"Geno_at_37"
"Ccdc87","ENSMUSG00000067872.2",-0.127676532,0.0470786399,-0.878654313,0.386678576,1,"Geno_at_37"
"Gm8177","ENSMUSG00000097366.1",0.127661452,0.643547605,1.11263407,0.274836454,1,"Geno_at_37"
"Gm43571","ENSMUSG00000106110.1",0.127629094,-0.0309101452,1.013219,0.31918136,1,"Geno_at_37"
"Mir6386","ENSMUSG00000098766.1",0.127629074,0.110502937,0.984061891,0.333075144,1,"Geno_at_37"
"Gm6939","ENSMUSG00000082922.3",-0.127619402,0.378947039,-0.891698513,0.379759094,1,"Geno_at_37"
"Gm7289","ENSMUSG00000092056.2",-0.127616921,-0.310631461,-1.06024176,0.297625077,1,"Geno_at_37"
"Rps15a-ps7","ENSMUSG00000081087.1",-0.127602632,6.66572391,-2.50144379,0.0190714881,1,"Geno_at_37"
"Gm5643","ENSMUSG00000083311.3",0.127561533,2.65643099,1.21754806,0.233030614,1,"Geno_at_37"
"Cpeb1","ENSMUSG00000025586.17",0.127540901,-0.349735844,1.02058022,0.315737564,1,"Geno_at_37"
"Gm5214","ENSMUSG00000116442.1",-0.127524378,-0.319439881,-1.06385066,0.296013931,1,"Geno_at_37"
"Grb10","ENSMUSG00000020176.17",0.127520712,0.673384066,0.912301182,0.36899427,1,"Geno_at_37"
"Tff1","ENSMUSG00000024032.7",0.127516961,-0.345428461,1.0832728,0.287448611,1,"Geno_at_37"
"Gm12356","ENSMUSG00000085955.1",-0.127511152,-0.519062182,-1.0125908,0.319476446,1,"Geno_at_37"
"Gk5","ENSMUSG00000041440.18",0.127496045,2.30961055,1.54348121,0.133358046,1,"Geno_at_37"
"Pdk2","ENSMUSG00000038967.13",-0.127466229,3.1770673,-1.59300294,0.121802762,1,"Geno_at_37"
"Gm9115","ENSMUSG00000080845.1",0.127407615,3.86094013,2.04581896,0.0497660847,1,"Geno_at_37"
"Gm43817","ENSMUSG00000105341.1",-0.127374907,-0.278529937,-0.986603486,0.331847938,1,"Geno_at_37"
"2210010C04Rik","ENSMUSG00000029882.5",-0.127325412,-0.775950008,-1.2994739,0.20382953,1,"Geno_at_37"
"Rpl5-ps1","ENSMUSG00000082193.1",0.127301129,0.253372718,1.28385353,0.209170307,1,"Geno_at_37"
"Gm38235","ENSMUSG00000103291.1",-0.127275525,-0.609559515,-1.07311927,0.291904233,1,"Geno_at_37"
"Gm24400","ENSMUSG00000088490.1",0.127255494,-0.663683195,1.1921823,0.242677156,1,"Geno_at_37"
"Mdga1","ENSMUSG00000043557.16",0.127227585,-0.650649011,1.38880446,0.175272933,1,"Geno_at_37"
"Oxld1","ENSMUSG00000039670.2",-0.12721267,1.52282493,-1.10259993,0.279101221,1,"Geno_at_37"
"Zbtb32","ENSMUSG00000006310.10",0.127202112,6.01772058,1.13251527,0.273640359,1,"Geno_at_37"
"D830025C05Rik","ENSMUSG00000043794.8",0.127200196,-0.0536370073,1.07583567,0.290707454,1,"Geno_at_37"
"Gm5915","ENSMUSG00000080021.5",-0.127172476,0.825258015,-1.00596981,0.322597922,1,"Geno_at_37"
"Gm5881","ENSMUSG00000107747.1",-0.127171679,1.67391842,-1.39198982,0.174315664,1,"Geno_at_37"
"Gm42913","ENSMUSG00000105514.1",-0.127142011,0.501251069,-0.906285998,0.372116376,1,"Geno_at_37"
"Metrn","ENSMUSG00000002274.13",0.127139926,4.2493647,2.1647165,0.0386206623,1,"Geno_at_37"
"Gm9266","ENSMUSG00000080892.1",-0.127130709,-0.679359807,-1.28099294,0.21015982,1,"Geno_at_37"
"Cldnd2","ENSMUSG00000038973.2",0.127115484,1.13506945,1.04771888,0.303263495,1,"Geno_at_37"
"Gm11769","ENSMUSG00000085636.1",-0.127113177,0.272311134,-0.846759651,0.403935586,1,"Geno_at_37"
"Gm6974","ENSMUSG00000117673.1",-0.127074299,0.211444503,-0.996979644,0.326869732,1,"Geno_at_37"
"Fndc3b","ENSMUSG00000039286.12",0.12706838,2.50624931,1.27923571,0.21076943,1,"Geno_at_37"
"Cfp","ENSMUSG00000001128.7",-0.126983324,3.09555592,-1.54745535,0.132398916,1,"Geno_at_37"
"Mir7027","ENSMUSG00000098731.1",0.126982125,-0.427532708,0.992189651,0.329161474,1,"Geno_at_37"
"Poln","ENSMUSG00000045102.12",-0.126974232,2.00498568,-1.28076508,0.210238791,1,"Geno_at_37"
"Bmp1","ENSMUSG00000022098.10",-0.126960161,3.29137785,-1.12913164,0.270351511,1,"Geno_at_37"
"Dcst1","ENSMUSG00000042672.15",-0.126939755,-0.0879213836,-1.08944417,0.284764151,1,"Geno_at_37"
"Gm38057","ENSMUSG00000102143.1",0.126939387,1.33704164,0.926098811,0.361897705,1,"Geno_at_37"
"Gm15122","ENSMUSG00000087672.1",-0.126905864,2.36292021,-1.55276316,0.131126685,1,"Geno_at_37"
"Zfp385a","ENSMUSG00000000552.10",-0.126774849,1.00071846,-0.923729266,0.363110003,1,"Geno_at_37"
"Gm37166","ENSMUSG00000102461.1",0.126741648,0.189404363,0.887085249,0.382197068,1,"Geno_at_37"
"Gm28707","ENSMUSG00000100071.1",0.126650417,-0.240437254,1.17156777,0.250731803,1,"Geno_at_37"
"Gm9968","ENSMUSG00000055370.3",0.126576225,-0.416254408,1.11094869,0.275549497,1,"Geno_at_37"
"Ranbp3l","ENSMUSG00000048424.17",0.126498733,0.123853351,1.13995322,0.263462815,1,"Geno_at_37"
"Gm48701","ENSMUSG00000113841.1",0.126486596,0.379611016,1.20083015,0.239355741,1,"Geno_at_37"
"Rbks","ENSMUSG00000029136.9",0.126485145,1.97053679,1.32948066,0.193863556,1,"Geno_at_37"
"Ppt2","ENSMUSG00000015474.16",-0.126468767,2.54201607,-1.60247509,0.119689048,1,"Geno_at_37"
"Gm48529","ENSMUSG00000111521.1",-0.126460218,1.0056967,-0.930102883,0.359855223,1,"Geno_at_37"
"Cdkl2","ENSMUSG00000029403.14",0.126439119,1.45971211,1.28679319,0.20815714,1,"Geno_at_37"
"Rps6ka6","ENSMUSG00000025665.16",0.126328196,-0.450901511,1.07599414,0.290637743,1,"Geno_at_37"
"Hmgn2-ps1","ENSMUSG00000079067.5",-0.126313691,2.70095855,-1.40258927,0.17115983,1,"Geno_at_37"
"4933424G06Rik","ENSMUSG00000102416.4",-0.126298654,-0.682958648,-1.2171647,0.233174248,1,"Geno_at_37"
"Mzf1","ENSMUSG00000030380.17",-0.126266637,0.80474272,-1.01542117,0.318148421,1,"Geno_at_37"
"Gm44152","ENSMUSG00000108152.1",0.126247866,-0.61355735,1.04273193,0.305529523,1,"Geno_at_37"
"Gm21960","ENSMUSG00000095836.3",0.126246846,-0.243762654,1.06970565,0.293413116,1,"Geno_at_37"
"Hnrnpa1l2-ps","ENSMUSG00000086743.2",0.126243904,-0.169413873,1.08092791,0.2884733,1,"Geno_at_37"
"Stxbp6","ENSMUSG00000046314.16",0.126235752,6.09735577,1.77465404,0.091346634,1,"Geno_at_37"
"Egr4","ENSMUSG00000071341.4",0.126227891,0.672629885,0.97599193,0.336992108,1,"Geno_at_37"
"Traj22","ENSMUSG00000076907.1",-0.126214718,-0.166559305,-1.03334512,0.30982677,1,"Geno_at_37"
"Gm8276","ENSMUSG00000102550.1",-0.126181866,3.40632677,-1.87603121,0.0705616077,1,"Geno_at_37"
"Kcnh3","ENSMUSG00000037579.7",0.126157988,-0.492910942,1.09447601,0.282588603,1,"Geno_at_37"
"Rpl13a-ps1","ENSMUSG00000062083.1",-0.126083492,3.44410192,-2.05955925,0.0483470312,1,"Geno_at_37"
"Stk32c","ENSMUSG00000015981.12",-0.126063025,2.00854504,-1.04888805,0.302733939,1,"Geno_at_37"
"Sorcs1","ENSMUSG00000043531.16",0.126024389,-0.379752563,1.01361655,0.31899472,1,"Geno_at_37"
"Mfsd9","ENSMUSG00000041945.12",0.126000222,-0.0684393627,0.909736132,0.370323527,1,"Geno_at_37"
"Gm53","ENSMUSG00000078706.4",-0.125973996,3.64270781,-1.02335913,0.318562828,1,"Geno_at_37"
"Gm37132","ENSMUSG00000103443.1",-0.125910543,-0.444765116,-1.10574689,0.277758616,1,"Geno_at_37"
"Gm44914","ENSMUSG00000108850.1",0.125899406,-0.60971326,1.14756586,0.260355151,1,"Geno_at_37"
"Gm44154","ENSMUSG00000107428.1",-0.125847276,-0.557894121,-1.0923379,0.283511577,1,"Geno_at_37"
"Tm2d2","ENSMUSG00000031556.6",-0.125793084,4.52893879,-2.54508153,0.0163946781,1,"Geno_at_37"
"Gm12941","ENSMUSG00000084088.1",-0.125786956,0.158036746,-0.831536027,0.4123409,1,"Geno_at_37"
"Sdr39u1","ENSMUSG00000022223.9",0.125784964,4.2200162,2.29574456,0.0289684307,1,"Geno_at_37"
"Ryr3","ENSMUSG00000057378.15",0.125782446,0.287253685,0.985965433,0.332155732,1,"Geno_at_37"
"5330417C22Rik","ENSMUSG00000040412.17",-0.125782233,-0.764020175,-1.23013684,0.228350595,1,"Geno_at_37"
"Clba1","ENSMUSG00000037594.11",-0.125757475,0.865029142,-0.865865717,0.393540488,1,"Geno_at_37"
"Gm17622","ENSMUSG00000091109.1",0.125726362,-0.277652521,0.999331844,0.325748335,1,"Geno_at_37"
"Tmem181c-ps","ENSMUSG00000093880.3",-0.125701545,-0.562877703,-0.979707112,0.335184996,1,"Geno_at_37"
"Gm49502","ENSMUSG00000116226.1",0.125641398,1.32261439,1.08730243,0.28569375,1,"Geno_at_37"
"Zscan12","ENSMUSG00000036721.14",0.125582021,4.46210503,2.52283749,0.0172679012,1,"Geno_at_37"
"Dhx58os","ENSMUSG00000085604.1",0.125581591,-0.560349302,1.08018195,0.288799817,1,"Geno_at_37"
"Atad3aos","ENSMUSG00000054514.3",-0.125565127,0.407812774,-0.975635246,0.33716595,1,"Geno_at_37"
"Gm4707","ENSMUSG00000091831.5",0.125560584,0.655369012,0.883924094,0.383873459,1,"Geno_at_37"
"Cd46","ENSMUSG00000016493.13",0.125541465,1.6796054,1.16201051,0.254531978,1,"Geno_at_37"
"Gm15236","ENSMUSG00000082134.1",-0.125509159,-0.512290094,-1.22288572,0.231037615,1,"Geno_at_37"
"Gm43422","ENSMUSG00000106643.1",0.125492831,-0.722360461,1.32233253,0.196202844,1,"Geno_at_37"
"Gm26586","ENSMUSG00000097472.1",-0.12545928,1.7906849,-1.24609387,0.222519991,1,"Geno_at_37"
"Ackr4","ENSMUSG00000079355.5",0.125436452,-0.504495971,1.08999573,0.284525101,1,"Geno_at_37"
"Snord65","ENSMUSG00000077457.1",-0.125436382,0.616942415,-1.11526659,0.273725352,1,"Geno_at_37"
"Gm43465","ENSMUSG00000105717.1",-0.125431709,-0.048570065,-0.855763024,0.399015718,1,"Geno_at_37"
"Zfp133-ps","ENSMUSG00000083674.3",-0.125387141,-0.660779668,-1.29182147,0.206432805,1,"Geno_at_37"
"2810002D19Rik","ENSMUSG00000045464.5",0.125340377,1.67474164,1.38719333,0.175758681,1,"Geno_at_37"
"Magohb","ENSMUSG00000030188.12",-0.125299448,3.72641448,-2.07147768,0.0471451897,1,"Geno_at_37"
"Gm45743","ENSMUSG00000110540.1",-0.125274193,-0.0668772167,-1.02263872,0.314779142,1,"Geno_at_37"
"Gm17833","ENSMUSG00000106484.1",-0.125246212,-0.472604326,-1.11462801,0.273994579,1,"Geno_at_37"
"Sertad3","ENSMUSG00000055200.7",-0.125161142,3.22252834,-1.6572051,0.108060327,1,"Geno_at_37"
"Trav14-2","ENSMUSG00000095711.5",-0.125063921,1.78889845,-1.43056251,0.163047083,1,"Geno_at_37"
"Zfp389","ENSMUSG00000082396.4",0.125063407,-0.681510662,1.30577874,0.201703625,1,"Geno_at_37"
"Ehd2","ENSMUSG00000074364.6",-0.125050419,1.33461681,-1.00109032,0.32491171,1,"Geno_at_37"
"Gm7730","ENSMUSG00000110545.1",-0.124992987,3.77467444,-2.06357662,0.0479389352,1,"Geno_at_37"
"Zfp830","ENSMUSG00000046010.7",0.124974348,4.52575001,2.56782253,0.0155442423,1,"Geno_at_37"
"Card14","ENSMUSG00000013483.14",-0.12493039,-0.576662031,-1.18404534,0.245833348,1,"Geno_at_37"
"Dmrta2","ENSMUSG00000047143.3",-0.12487086,-0.333119332,-0.925344334,0.362283418,1,"Geno_at_37"
"Nnat","ENSMUSG00000067786.16",-0.124842802,1.78470614,-1.16477326,0.253429146,1,"Geno_at_37"
"Lrrc66","ENSMUSG00000067206.3",-0.124781395,2.29716417,-1.10669023,0.277357057,1,"Geno_at_37"
"Wwc2","ENSMUSG00000031563.8",0.124770639,2.06589972,1.12498397,0.269651917,1,"Geno_at_37"
"BC043934","ENSMUSG00000056418.3",0.124769617,1.27787858,0.937057865,0.356325607,1,"Geno_at_37"
"Gm37407","ENSMUSG00000103497.1",0.124702536,-0.468363036,1.10930452,0.276246385,1,"Geno_at_37"
"Lilr4b","ENSMUSG00000112023.1",0.124642585,0.772160552,0.930797983,0.359501429,1,"Geno_at_37"
"Gm11210","ENSMUSG00000085223.1",-0.124633101,-0.275220421,-1.24279104,0.22371754,1,"Geno_at_37"
"Prrt2","ENSMUSG00000045114.10",-0.124624267,0.24570681,-1.01907014,0.316441927,1,"Geno_at_37"
"Ctf1","ENSMUSG00000042340.6",-0.124586902,-0.823660702,-1.51354168,0.140766637,1,"Geno_at_37"
"Ttn","ENSMUSG00000051747.15",-0.124571847,1.18970988,-0.928710557,0.360564585,1,"Geno_at_37"
"Gm44187","ENSMUSG00000108268.1",-0.12453887,0.930704364,-0.910334405,0.370013211,1,"Geno_at_37"
"Gm33142","ENSMUSG00000104484.1",0.124526393,0.643321352,0.93836333,0.355665656,1,"Geno_at_37"
"Gm17435","ENSMUSG00000097000.2",-0.12452127,1.44129936,-1.25750193,0.218420735,1,"Geno_at_37"
"1700001K23Rik","ENSMUSG00000118314.1",-0.124513401,0.403449266,-0.762043519,0.452319734,1,"Geno_at_37"
"Hs3st3b1","ENSMUSG00000070407.5",0.124487656,3.85869855,1.50652259,0.143208963,1,"Geno_at_37"
"Gm15285","ENSMUSG00000081277.1",-0.124461719,0.365921272,-1.14997053,0.25937907,1,"Geno_at_37"
"Cideb","ENSMUSG00000022219.10",-0.124461661,-0.318525754,-0.924788974,0.362567509,1,"Geno_at_37"
"Gm14132","ENSMUSG00000081314.1",-0.12445919,-0.497330379,-1.17559036,0.249144846,1,"Geno_at_37"
"Trappc2l","ENSMUSG00000015013.9",-0.124424749,3.78095309,-1.97494542,0.0576834124,1,"Geno_at_37"
"Cyp26b1","ENSMUSG00000063415.12",0.124411289,-0.592247539,1.07319612,0.291870325,1,"Geno_at_37"
"Gm12350","ENSMUSG00000095588.1",-0.124407614,4.49522499,-2.35639398,0.025287717,1,"Geno_at_37"
"Ccne2","ENSMUSG00000028212.16",0.124386087,6.49979163,1.53186863,0.143282332,1,"Geno_at_37"
"Gm15742","ENSMUSG00000087605.1",0.124341154,-0.33973952,1.1465028,0.260787508,1,"Geno_at_37"
"Zfp469","ENSMUSG00000043903.4",0.124313162,0.0644728149,0.965396952,0.342181754,1,"Geno_at_37"
"Bc1","ENSMUSG00000115783.1",-0.12430757,2.13301279,-1.21456544,0.234149847,1,"Geno_at_37"
"Gm48556","ENSMUSG00000112985.1",-0.124263238,-0.463469588,-0.936010406,0.356855715,1,"Geno_at_37"
"Acvr1c","ENSMUSG00000026834.13",0.124259425,3.7806611,1.8169842,0.0793761043,1,"Geno_at_37"
"1700007K13Rik","ENSMUSG00000026831.16",-0.124255859,-0.290227092,-1.10083365,0.27985681,1,"Geno_at_37"
"Gm45112","ENSMUSG00000109304.1",0.124228981,-0.317800068,1.04953355,0.302441847,1,"Geno_at_37"
"Gm43401","ENSMUSG00000105391.1",-0.124220051,-0.3576222,-1.09977349,0.280311029,1,"Geno_at_37"
"Rttn","ENSMUSG00000023066.10",0.1241895,4.71370483,2.3084772,0.028157707,1,"Geno_at_37"
"Gm39214","ENSMUSG00000109754.1",0.124165366,-0.388896375,1.01449514,0.318582502,1,"Geno_at_37"
"Slfn1","ENSMUSG00000078763.2",0.124154756,3.95962975,1.28605819,0.211328859,1,"Geno_at_37"
"F2rl2","ENSMUSG00000021675.4",0.124148653,2.26411063,1.06385607,0.296096986,1,"Geno_at_37"
"Gm37599","ENSMUSG00000102740.1",-0.124100838,1.07173095,-1.07448763,0.291300934,1,"Geno_at_37"
"Gm11224","ENSMUSG00000084342.1",-0.12409724,1.31945225,-1.09540524,0.282188141,1,"Geno_at_37"
"Enam","ENSMUSG00000029286.12",-0.124054652,1.35096303,-0.931330284,0.359230652,1,"Geno_at_37"
"Fhad1","ENSMUSG00000051435.11",-0.123985768,0.660998827,-0.734100491,0.469173664,1,"Geno_at_37"
"Gm46378","ENSMUSG00000113427.1",-0.12397189,1.11985223,-1.23522034,0.226480819,1,"Geno_at_37"
"Gm7457","ENSMUSG00000072683.3",0.123970798,-0.461517091,0.899656422,0.375607074,1,"Geno_at_37"
"Gm43667","ENSMUSG00000105135.1",-0.123960036,0.604781127,-1.04717011,0.303512276,1,"Geno_at_37"
"Gm13270","ENSMUSG00000086358.2",0.123890317,0.137122644,0.868325491,0.392214668,1,"Geno_at_37"
"Gm10804","ENSMUSG00000075025.10",-0.123878987,-0.324719155,-0.900284821,0.375248317,1,"Geno_at_37"
"Gm6181","ENSMUSG00000074092.5",-0.123836542,0.428719471,-1.02973445,0.311490851,1,"Geno_at_37"
"Rrh","ENSMUSG00000028012.15",-0.123787048,-0.345753753,-0.88817336,0.381621126,1,"Geno_at_37"
"Gm12500","ENSMUSG00000056411.2",0.123759748,-0.153214583,1.08645016,0.286064269,1,"Geno_at_37"
"Gm26628","ENSMUSG00000097133.1",0.123684845,1.3240297,1.02287011,0.314671534,1,"Geno_at_37"
"Gm16712","ENSMUSG00000097077.1",0.123666491,0.660594583,1.05668017,0.299221136,1,"Geno_at_37"
"Tlr7","ENSMUSG00000044583.13",0.12365942,0.841035757,0.911385631,0.369468367,1,"Geno_at_37"
"Slc7a11","ENSMUSG00000027737.10",-0.12364327,0.0729375882,-0.755139622,0.45651347,1,"Geno_at_37"
"Neu1","ENSMUSG00000007038.5",-0.123636678,5.06016272,-1.55498873,0.134784478,1,"Geno_at_37"
"Crlf2","ENSMUSG00000033467.12",-0.123628407,5.14408457,-2.61267785,0.0139851917,1,"Geno_at_37"
"Sipa1l2","ENSMUSG00000001995.9",0.123591827,3.50084714,1.36275331,0.183897974,1,"Geno_at_37"
"Gm26749","ENSMUSG00000097546.1",-0.12357256,0.173771221,-1.04373874,0.30507109,1,"Geno_at_37"
"Gbp11","ENSMUSG00000092021.8",-0.123571411,-0.317976312,-1.11059781,0.275698114,1,"Geno_at_37"
"2610005L07Rik","ENSMUSG00000071793.12",0.123563244,3.50128275,1.46430745,0.15366955,1,"Geno_at_37"
"Pik3ap1","ENSMUSG00000025017.10",-0.123547829,4.61195068,-1.61591074,0.118838477,1,"Geno_at_37"
"Thbs3","ENSMUSG00000028047.11",-0.123523951,2.56928729,-1.47885226,0.149762838,1,"Geno_at_37"
"Dnajb13","ENSMUSG00000030708.14",-0.123506406,3.06153713,-1.55223521,0.13125278,1,"Geno_at_37"
"Evi5l","ENSMUSG00000011832.16",-0.12349361,3.24136394,-1.58589157,0.123409753,1,"Geno_at_37"
"Palm","ENSMUSG00000035863.14",-0.123491911,1.48971233,-0.933395935,0.358181148,1,"Geno_at_37"
"Gm12404","ENSMUSG00000087623.1",-0.123482742,0.0836742452,-1.05303647,0.300860194,1,"Geno_at_37"
"Sstr2","ENSMUSG00000047904.6",-0.123432568,0.290084328,-1.0635453,0.296150014,1,"Geno_at_37"
"Dmtn","ENSMUSG00000022099.17",0.123421632,-0.727918942,1.1440827,0.261773736,1,"Geno_at_37"
"Gm43200","ENSMUSG00000105457.1",0.123334789,0.00443345497,0.956470172,0.346595787,1,"Geno_at_37"
"4732491K20Rik","ENSMUSG00000097350.2",-0.123310144,-0.0166156628,-0.919162649,0.365453889,1,"Geno_at_37"
"Gdf11","ENSMUSG00000025352.6",0.123276027,2.24149189,1.24323649,0.223555745,1,"Geno_at_37"
"F5","ENSMUSG00000026579.8",-0.123269648,-0.678243459,-1.17320989,0.250083076,1,"Geno_at_37"
"Hpgds","ENSMUSG00000029919.5",0.123256713,1.18557182,1.01627577,0.317748189,1,"Geno_at_37"
"Gnal","ENSMUSG00000024524.17",0.123253766,1.87394796,0.803569512,0.429530466,1,"Geno_at_37"
"Lrrc24","ENSMUSG00000033707.9",-0.123239793,-0.555735773,-1.16983331,0.251418355,1,"Geno_at_37"
"Plscr3","ENSMUSG00000019461.12",-0.123238637,4.82803799,-2.63243902,0.0133454648,1,"Geno_at_37"
"Pwwp2b","ENSMUSG00000060260.13",-0.123218558,2.86020373,-1.60561788,0.11899444,1,"Geno_at_37"
"Hey1","ENSMUSG00000040289.8",-0.123217078,-0.478836642,-1.07069402,0.292975674,1,"Geno_at_37"
"Gm48017","ENSMUSG00000113819.1",-0.123205966,-0.665022695,-1.23619468,0.22612376,1,"Geno_at_37"
"Gm42515","ENSMUSG00000105378.1",0.123169293,-0.507821485,1.15443372,0.25757448,1,"Geno_at_37"
"Gm6185","ENSMUSG00000102817.2",-0.123155249,-0.197437392,-1.06283608,0.296466257,1,"Geno_at_37"
"Oaf","ENSMUSG00000032014.6",0.123104675,0.784094677,1.02597958,0.313227949,1,"Geno_at_37"
"Gm5564","ENSMUSG00000046440.9",0.123063243,-0.48095048,1.26516999,0.215697598,1,"Geno_at_37"
"Gm7823","ENSMUSG00000082905.1",-0.123036136,-0.175268924,-1.18600782,0.245069378,1,"Geno_at_37"
"Plp1","ENSMUSG00000031425.15",0.123009353,1.18891687,1.10470012,0.278204691,1,"Geno_at_37"
"Cdr2l","ENSMUSG00000050910.5",0.122995007,-0.0503912483,1.14031234,0.263315612,1,"Geno_at_37"
"4833403J16Rik","ENSMUSG00000107481.1",-0.122947027,0.68137845,-1.09508464,0.282326261,1,"Geno_at_37"
"Nrarp","ENSMUSG00000078202.3",-0.122932616,1.52888876,-1.16797267,0.252156382,1,"Geno_at_37"
"Arhgap32","ENSMUSG00000041444.14",-0.122923543,1.37218962,-1.07415046,0.291449508,1,"Geno_at_37"
"3110083C13Rik","ENSMUSG00000097303.2",0.122914255,-0.0550267377,1.03937448,0.307061755,1,"Geno_at_37"
"Kcnab1","ENSMUSG00000027827.17",0.122877873,-0.161481724,0.990081977,0.330173338,1,"Geno_at_37"
"Pik3cg","ENSMUSG00000020573.17",-0.122800729,6.7995986,-3.13941016,0.00382294587,1,"Geno_at_37"
"Il22","ENSMUSG00000074695.3",0.122780771,-0.9516759,1.63358942,0.112957549,1,"Geno_at_37"
"Gm1043","ENSMUSG00000117286.1",0.122734389,0.023486987,0.964757214,0.342496823,1,"Geno_at_37"
"Sox5","ENSMUSG00000041540.16",0.122725719,-0.433154968,0.893870425,0.37861479,1,"Geno_at_37"
"Msi1","ENSMUSG00000054256.11",0.122725304,-0.606819713,1.2007464,0.239387743,1,"Geno_at_37"
"Gm48349","ENSMUSG00000113871.1",0.122696285,-0.564637322,1.17900861,0.247802117,1,"Geno_at_37"
"Gm20900","ENSMUSG00000078180.4",-0.122694588,-0.159654734,-1.15852441,0.255928562,1,"Geno_at_37"
"Gm9949","ENSMUSG00000054589.1",-0.122691383,-0.69083484,-1.46979586,0.152185904,1,"Geno_at_37"
"mt-Nd4l","ENSMUSG00000065947.3",-0.122685702,0.741684688,-0.81067336,0.424035257,1,"Geno_at_37"
"Csf2rb2","ENSMUSG00000071714.7",-0.122679449,-0.654821671,-1.03579105,0.308703008,1,"Geno_at_37"
"Riiad1","ENSMUSG00000028139.5",0.122678717,0.0540580181,1.00762811,0.321814158,1,"Geno_at_37"
"Gm45453","ENSMUSG00000110129.1",-0.122656213,0.607916491,-0.979092748,0.335483377,1,"Geno_at_37"
"9930017N22Rik","ENSMUSG00000115276.1",-0.122646655,2.32298938,-1.43955163,0.160505764,1,"Geno_at_37"
"Mtrf1","ENSMUSG00000022022.3",0.122631796,1.90504326,1.2438356,0.223338277,1,"Geno_at_37"
"Slc9a3r2","ENSMUSG00000002504.15",-0.122604674,-0.654716556,-1.12822358,0.268303667,1,"Geno_at_37"
"Gm45110","ENSMUSG00000108465.1",-0.122601988,2.14057055,-1.50110804,0.143939603,1,"Geno_at_37"
"Asb14","ENSMUSG00000021898.16",0.12259478,0.505423238,1.08293842,0.287594573,1,"Geno_at_37"
"Gm14016","ENSMUSG00000080747.1",-0.122575251,-0.209747666,-0.985452069,0.332403517,1,"Geno_at_37"
"Gm48780","ENSMUSG00000111929.1",-0.122553734,-0.685705109,-1.3104564,0.200137393,1,"Geno_at_37"
"Gm21284","ENSMUSG00000108660.1",-0.12254282,-0.271050568,-0.929013953,0.360409933,1,"Geno_at_37"
"Fer1l6","ENSMUSG00000037106.8",-0.122525666,-0.704915968,-1.30359703,0.202437335,1,"Geno_at_37"
"Apcdd1","ENSMUSG00000071847.13",0.122445455,-0.186446044,1.05794889,0.2986519,1,"Geno_at_37"
"Gm49592","ENSMUSG00000116863.1",-0.122418308,-0.285186096,-0.981866618,0.334137606,1,"Geno_at_37"
"Gm24270","ENSMUSG00000076281.1",-0.122411494,5.51343905,-0.637498173,0.532701188,1,"Geno_at_37"
"Rpl13-ps6","ENSMUSG00000059776.7",0.122409957,-0.154983326,1.13651133,0.264876682,1,"Geno_at_37"
"Gm23823","ENSMUSG00000089365.1",-0.122381678,-0.530393084,-0.934015221,0.357866901,1,"Geno_at_37"
"Slc36a3","ENSMUSG00000049491.15",-0.122360864,-0.0427582165,-0.919418131,0.365322498,1,"Geno_at_37"
"Gm37039","ENSMUSG00000102561.1",-0.122330663,1.80591299,-1.09962218,0.280375899,1,"Geno_at_37"
"Gm19121","ENSMUSG00000111241.1",-0.122310257,-0.37555845,-0.894046857,0.378521933,1,"Geno_at_37"
"H4c3","ENSMUSG00000060678.5",-0.122304392,-0.0201857407,-0.995613923,0.32752204,1,"Geno_at_37"
"Afap1","ENSMUSG00000029094.12",-0.122253986,3.41842166,-1.41781565,0.166705321,1,"Geno_at_37"
"Scn1a","ENSMUSG00000064329.13",0.122155731,-0.791303514,1.28629922,0.208327129,1,"Geno_at_37"
"F830112A20Rik","ENSMUSG00000103159.1",-0.122148826,-0.102572738,-0.868968624,0.39186849,1,"Geno_at_37"
"Gm17322","ENSMUSG00000097604.1",-0.122126395,3.68309761,-2.04411191,0.0499449237,1,"Geno_at_37"
"Fgf18","ENSMUSG00000057967.12",-0.122121782,-0.53314975,-1.04876678,0.302788836,1,"Geno_at_37"
"Fhl2","ENSMUSG00000008136.14",0.122093557,2.48411919,1.33059034,0.193502343,1,"Geno_at_37"
"Gm19046","ENSMUSG00000113511.1",0.122039382,-0.505093867,0.98224158,0.33395597,1,"Geno_at_37"
"Pls1","ENSMUSG00000049493.13",-0.122011811,-0.351094447,-0.919894435,0.365077622,1,"Geno_at_37"
"Tmsb15b1","ENSMUSG00000089768.2",-0.121967984,-0.00983468181,-0.943901231,0.352875105,1,"Geno_at_37"
"Sez6l2","ENSMUSG00000030683.11",0.121964558,0.556647971,0.924863045,0.36252961,1,"Geno_at_37"
"Gm15480","ENSMUSG00000082395.1",-0.1219379,-0.519751878,-1.12949002,0.26777793,1,"Geno_at_37"
"Wnt11","ENSMUSG00000015957.12",-0.12188866,0.568901844,-0.865605823,0.393680737,1,"Geno_at_37"
"4921514A10Rik","ENSMUSG00000097620.7",-0.121883111,0.604487704,-1.05879288,0.298273643,1,"Geno_at_37"
"Gm48621","ENSMUSG00000113045.1",0.121870529,-0.388919895,1.07301305,0.2919511,1,"Geno_at_37"
"Nudt13","ENSMUSG00000021809.10",-0.121857111,2.86078171,-1.60935159,0.118173552,1,"Geno_at_37"
"Gm24412","ENSMUSG00000065360.1",-0.121851325,-0.0504828941,-0.89058225,0.380348082,1,"Geno_at_37"
"Gm44674","ENSMUSG00000108648.1",0.12183268,-0.376769717,1.00905844,0.321139187,1,"Geno_at_37"
"Gm11346","ENSMUSG00000085603.3",0.121826195,1.16566908,1.00232592,0.324324735,1,"Geno_at_37"
"Arhgef39","ENSMUSG00000051517.14",-0.121802672,3.46214594,-1.75058657,0.09039564,1,"Geno_at_37"
"Gm10509","ENSMUSG00000073448.2",0.121800843,2.10627594,1.14506387,0.261373571,1,"Geno_at_37"
"1700067K01Rik","ENSMUSG00000046408.15",-0.121719635,0.755185222,-0.835826824,0.409960882,1,"Geno_at_37"
"Gm37289","ENSMUSG00000102630.1",0.121710808,-0.175878372,0.946182506,0.351729814,1,"Geno_at_37"
"Gpr34","ENSMUSG00000040229.11",-0.121678823,2.5968982,-1.36626335,0.182165268,1,"Geno_at_37"
"Gm47708","ENSMUSG00000112188.1",-0.121673018,-0.449341739,-0.995504902,0.32757415,1,"Geno_at_37"
"Gm8396","ENSMUSG00000049460.7",-0.121667851,-0.439764423,-1.26427514,0.216014052,1,"Geno_at_37"
"Gm15824","ENSMUSG00000083435.2",-0.121657455,0.552835833,-1.03183407,0.310522428,1,"Geno_at_37"
"Gm25184","ENSMUSG00000088378.1",-0.121652882,-0.632300245,-1.09912749,0.280588062,1,"Geno_at_37"
"Srgap1","ENSMUSG00000020121.15",-0.121643918,0.502462539,-0.729638758,0.471715719,1,"Geno_at_37"
"Agpat4","ENSMUSG00000023827.8",0.121621222,3.23276543,1.52895176,0.136912822,1,"Geno_at_37"
"Gm38125","ENSMUSG00000104052.1",-0.121561665,-0.202258926,-0.968797374,0.340510328,1,"Geno_at_37"
"Gm9512","ENSMUSG00000113389.1",-0.121555726,0.717134945,-1.08065059,0.288594658,1,"Geno_at_37"
"Gm15898","ENSMUSG00000089742.1",0.12155022,0.0464261634,0.957876959,0.345897652,1,"Geno_at_37"
"Fosl1","ENSMUSG00000024912.6",-0.121529978,1.08989835,-0.952786796,0.348428172,1,"Geno_at_37"
"Gm17491","ENSMUSG00000097042.2",-0.121511149,3.8333399,-1.37503368,0.180803665,1,"Geno_at_37"
"Fam83g","ENSMUSG00000042377.8",0.121499923,4.4658382,1.55213863,0.133179811,1,"Geno_at_37"
"Cabp4","ENSMUSG00000024842.8",-0.121477657,0.320369016,-1.13968721,0.263571895,1,"Geno_at_37"
"Stard10","ENSMUSG00000030688.15",-0.121453132,4.10202898,-1.5846775,0.124234755,1,"Geno_at_37"
"Lrrc71","ENSMUSG00000023084.11",0.121413848,-0.265459273,1.07289499,0.292003199,1,"Geno_at_37"
"5930430L01Rik","ENSMUSG00000106951.1",0.12139625,-0.527456174,1.16641269,0.252776372,1,"Geno_at_37"
"Alpl","ENSMUSG00000028766.10",0.121380596,0.907996739,0.90585891,0.372338703,1,"Geno_at_37"
"Ubd","ENSMUSG00000035186.6",0.121349572,1.9093439,0.494852471,0.627014603,1,"Geno_at_37"
"Slc7a2","ENSMUSG00000031596.15",0.121345549,1.54387011,1.02626467,0.313095825,1,"Geno_at_37"
"Pcyox1l","ENSMUSG00000024579.7",-0.121329079,2.99284469,-1.52047377,0.139022312,1,"Geno_at_37"
"Clmp","ENSMUSG00000032024.10",0.121271742,-0.907651323,1.6306879,0.113571737,1,"Geno_at_37"
"Gm21378","ENSMUSG00000114940.1",0.121271207,0.555242526,0.900238055,0.375272791,1,"Geno_at_37"
"Acad12","ENSMUSG00000042647.13",-0.12126264,1.39535722,-0.98926116,0.330567973,1,"Geno_at_37"
"6330562C20Rik","ENSMUSG00000093424.3",-0.121134338,-0.110798883,-0.886076133,0.382731698,1,"Geno_at_37"
"Tas1r3","ENSMUSG00000029072.3",0.121112124,0.811984923,1.02507243,0.313648625,1,"Geno_at_37"
"Nmrk1","ENSMUSG00000037847.14",-0.121098714,2.04168138,-1.26135587,0.217048868,1,"Geno_at_37"
"Olr1","ENSMUSG00000030162.14",0.12105128,2.81815587,1.22748125,0.229331938,1,"Geno_at_37"
"Gmfg-ps","ENSMUSG00000083041.2",0.121050423,3.95082113,1.72962666,0.0941326372,1,"Geno_at_37"
"Adgrl2","ENSMUSG00000028184.12",0.121039904,0.564715981,0.823601258,0.416764787,1,"Geno_at_37"
"Trim62","ENSMUSG00000041000.8",-0.121034487,2.75344078,-1.53058868,0.13650853,1,"Geno_at_37"
"Plk2","ENSMUSG00000021701.8",0.12102478,4.63879131,0.958854237,0.35105763,1,"Geno_at_37"
"Pak1","ENSMUSG00000030774.13",-0.121013852,3.11084456,-1.16974184,0.252348079,1,"Geno_at_37"
"Nrcam","ENSMUSG00000020598.16",-0.120990244,-0.445808338,-1.03558444,0.308797825,1,"Geno_at_37"
"Gm12529","ENSMUSG00000080831.1",0.120967236,-0.594289469,0.917130093,0.366500316,1,"Geno_at_37"
"Galnt4","ENSMUSG00000090035.3",0.12085463,3.75267178,1.61459119,0.117029459,1,"Geno_at_37"
"Tead2","ENSMUSG00000030796.17",0.120853323,0.810838302,1.02818863,0.312205176,1,"Geno_at_37"
"Btaf1","ENSMUSG00000040565.8",-0.120813926,7.2784794,-1.08148049,0.29523168,1,"Geno_at_37"
"Gm7459","ENSMUSG00000115730.1",0.120786882,2.13038389,1.4078347,0.169614802,1,"Geno_at_37"
"Setbp1","ENSMUSG00000024548.11",0.120782708,3.77191528,1.56135801,0.129087731,1,"Geno_at_37"
"Gm45426","ENSMUSG00000109792.1",0.120753113,0.273320652,0.852315046,0.400895359,1,"Geno_at_37"
"Ccl20","ENSMUSG00000026166.14",0.120750835,5.2505699,0.915851766,0.372996776,1,"Geno_at_37"
"Gls2","ENSMUSG00000044005.13",0.120741392,3.8785424,1.87131922,0.0712326598,1,"Geno_at_37"
"Stimate","ENSMUSG00000006526.13",-0.120646883,4.44793775,-2.22307801,0.034012469,1,"Geno_at_37"
"Syt12","ENSMUSG00000049303.10",-0.12064144,3.20544096,-1.52877933,0.136955468,1,"Geno_at_37"
"Snord87","ENSMUSG00000093178.1",-0.120634346,-0.0013625249,-1.01279114,0.319382321,1,"Geno_at_37"
"Hdac11","ENSMUSG00000034245.10",0.120634073,-0.398823924,0.992615796,0.328957145,1,"Geno_at_37"
"CR974473.1","ENSMUSG00000118589.1",-0.12063303,0.611494441,-0.916044828,0.367059851,1,"Geno_at_37"
"Gm44458","ENSMUSG00000105249.1",0.120609656,-0.45786455,1.00038348,0.325247827,1,"Geno_at_37"
"Gm46339","ENSMUSG00000113959.1",-0.120586795,-0.304257639,-1.1712462,0.250858989,1,"Geno_at_37"
"Sspo","ENSMUSG00000029797.13",0.120581504,2.58058995,1.1839946,0.245853125,1,"Geno_at_37"
"Nrbp2","ENSMUSG00000075590.4",0.120572885,1.90510104,1.2857788,0.20850633,1,"Geno_at_37"
"Mgmt","ENSMUSG00000054612.4",-0.120561745,2.2499995,-1.37140783,0.18057392,1,"Geno_at_37"
"Ucp2","ENSMUSG00000033685.13",-0.120555464,9.17313288,-2.45008701,0.0229025184,1,"Geno_at_37"
"Slc39a2","ENSMUSG00000072572.9",-0.120502876,2.11471008,-1.16358927,0.253901339,1,"Geno_at_37"
"Gm12352","ENSMUSG00000084835.1",0.1204841,-0.126065919,0.910622274,0.369863959,1,"Geno_at_37"
"Ccdc191","ENSMUSG00000022701.18",0.120476565,3.36250828,1.94397574,0.0614754762,1,"Geno_at_37"
"Gm8797","ENSMUSG00000103034.1",0.120471668,1.63868223,1.18766356,0.244426181,1,"Geno_at_37"
"Gm38160","ENSMUSG00000102775.1",0.120428877,-0.5954743,1.24953864,0.221276125,1,"Geno_at_37"
"Tspan4","ENSMUSG00000025511.15",0.120413844,1.72437348,1.33438229,0.192271937,1,"Geno_at_37"
"Vcl","ENSMUSG00000021823.10",0.120413839,4.54086053,2.1241415,0.0421453288,1,"Geno_at_37"
"Cacng8","ENSMUSG00000053395.15",0.120409894,-0.627010552,1.05333151,0.300727246,1,"Geno_at_37"
"Gm38405","ENSMUSG00000109002.1",0.120400457,-0.194883874,1.10835687,0.276648621,1,"Geno_at_37"
"Rps2-ps10","ENSMUSG00000091957.3",0.120394111,7.72898964,2.65682934,0.0132037882,1,"Geno_at_37"
"Sema6a","ENSMUSG00000019647.16",0.120373612,-0.683957826,1.03050181,0.311136676,1,"Geno_at_37"
"Gm17826","ENSMUSG00000099423.1",-0.120357082,-0.738763003,-1.35362119,0.186122329,1,"Geno_at_37"
"Rps18-ps1","ENSMUSG00000083914.3",-0.120345461,-0.416437991,-0.917317571,0.366403715,1,"Geno_at_37"
"Gm13410","ENSMUSG00000083116.1",0.120324032,2.08951399,1.22864468,0.228901616,1,"Geno_at_37"
"Gm30671","ENSMUSG00000111301.1",0.120312547,-0.184237681,0.953762896,0.347941958,1,"Geno_at_37"
"Gm16276","ENSMUSG00000084755.1",0.120292755,-0.388363997,0.990142957,0.330144033,1,"Geno_at_37"
"Frat1","ENSMUSG00000067199.4",0.120292415,2.74674643,1.42459362,0.164752105,1,"Geno_at_37"
"Pmaip1","ENSMUSG00000024521.8",-0.120284497,6.32086204,-1.74505797,0.0964768372,1,"Geno_at_37"
"4931406C07Rik","ENSMUSG00000031938.15",0.120266015,2.79099401,1.77144117,0.0868027268,1,"Geno_at_37"
"Traj34","ENSMUSG00000076895.1",0.120255893,-0.567345704,1.05060139,0.301959078,1,"Geno_at_37"
"Cd24a","ENSMUSG00000047139.9",0.120249859,4.2753291,1.78721313,0.0841666109,1,"Geno_at_37"
"Gm12192","ENSMUSG00000081570.1",-0.120239066,-0.446505333,-1.04370937,0.305084454,1,"Geno_at_37"
"Gm7266","ENSMUSG00000100441.1",-0.120216265,2.24752567,-1.16350903,0.253933364,1,"Geno_at_37"
"Gm6658","ENSMUSG00000074171.2",-0.120203141,-0.173727723,-0.984652339,0.332789773,1,"Geno_at_37"
"Gm23369","ENSMUSG00000093147.1",0.12016863,0.134023656,0.754961606,0.456399529,1,"Geno_at_37"
"Gm10640","ENSMUSG00000100985.1",-0.120149895,-0.209293687,-1.00496197,0.323074898,1,"Geno_at_37"
"Gm23935","ENSMUSG00000076258.1",-0.120141091,8.29731632,-0.705012211,0.490811005,1,"Geno_at_37"
"Clcn5","ENSMUSG00000004317.14",0.120117208,4.55027324,2.23864688,0.0328696424,1,"Geno_at_37"
"Dnajc6","ENSMUSG00000028528.17",-0.120104965,-0.785997822,-1.50298878,0.143455985,1,"Geno_at_37"
"Gm5922","ENSMUSG00000111028.1",-0.120062475,-0.692631476,-1.04180873,0.305950309,1,"Geno_at_37"
"Gm6085","ENSMUSG00000098104.1",-0.120062423,1.82972088,-1.42025298,0.166000856,1,"Geno_at_37"
"Gm42928","ENSMUSG00000105813.1",-0.120031007,-0.808576843,-1.37321188,0.180018447,1,"Geno_at_37"
"Dennd4c","ENSMUSG00000038024.17",0.1200234,5.16549773,3.02763606,0.00507385607,1,"Geno_at_37"
"Slc52a3","ENSMUSG00000027463.14",-0.12001698,-0.0630954434,-0.983510856,0.333341617,1,"Geno_at_37"
"Pfkfb1","ENSMUSG00000025271.13",-0.120013822,2.78652971,-1.48256051,0.148779653,1,"Geno_at_37"
"Gm28530","ENSMUSG00000101452.1",-0.119992617,-0.324108674,-1.05237024,0.301160567,1,"Geno_at_37"
"Gm36355","ENSMUSG00000107704.1",0.119986045,-0.748751834,1.15701158,0.256536362,1,"Geno_at_37"
"Oaz2","ENSMUSG00000040652.16",-0.11995871,4.81468842,-3.06420109,0.00462704882,1,"Geno_at_37"
"Gm10389","ENSMUSG00000115667.1",-0.119954543,0.283837703,-0.981403529,0.334362023,1,"Geno_at_37"
"Gm11725","ENSMUSG00000085434.1",0.119952209,-0.628768902,1.17915073,0.247746405,1,"Geno_at_37"
"Mrpl23-ps1","ENSMUSG00000075279.5",-0.119918684,4.77179418,-2.48964903,0.0186506862,1,"Geno_at_37"
"Mtus1","ENSMUSG00000045636.16",0.119866375,-0.462522073,0.970458199,0.339695977,1,"Geno_at_37"
"Gm43963","ENSMUSG00000107846.1",-0.119837687,0.288702128,-1.08179619,0.28809357,1,"Geno_at_37"
"Sbf2","ENSMUSG00000038371.15",0.119831782,4.78316688,1.88344254,0.0698604045,1,"Geno_at_37"
"Trav6n-6","ENSMUSG00000076802.3",0.119830566,0.599353095,1.16917168,0.25168061,1,"Geno_at_37"
"Smagp","ENSMUSG00000053559.13",0.119817709,-0.574916509,1.10627839,0.277532319,1,"Geno_at_37"
"Gm13375","ENSMUSG00000075514.4",-0.119808816,1.50495442,-1.12693721,0.268838441,1,"Geno_at_37"
"Xntrpc","ENSMUSG00000070425.13",0.119793245,-0.360319145,1.03624623,0.308494193,1,"Geno_at_37"
"Decr2","ENSMUSG00000036775.13",0.119775348,3.8126433,2.05067543,0.0492603823,1,"Geno_at_37"
"Gadd45b","ENSMUSG00000015312.9",0.119765791,5.8240185,0.841490375,0.412283794,1,"Geno_at_37"
"Gm37198","ENSMUSG00000104069.1",0.119764593,1.35073143,1.13252946,0.26651921,1,"Geno_at_37"
"Pemt","ENSMUSG00000000301.16",-0.119759246,1.29022588,-1.20533852,0.237637613,1,"Geno_at_37"
"Gm50055","ENSMUSG00000117448.1",-0.119753377,-0.517749946,-1.01687615,0.317467219,1,"Geno_at_37"
"Hlx","ENSMUSG00000039377.7",0.119711826,-0.163785561,1.04133647,0.306165718,1,"Geno_at_37"
"Cep126","ENSMUSG00000040729.8",0.119681435,-0.788378559,1.34072661,0.190226879,1,"Geno_at_37"
"Med31","ENSMUSG00000020801.8",0.119680642,3.41746808,1.81638409,0.0794703195,1,"Geno_at_37"
"Mob3b","ENSMUSG00000073910.10",0.119606869,3.77175777,1.30962774,0.201922133,1,"Geno_at_37"
"Trav6-1","ENSMUSG00000076762.1",-0.119572305,-0.209737242,-1.10760687,0.27696726,1,"Geno_at_37"
"Dnah12","ENSMUSG00000021879.13",0.119562885,0.358893133,0.889118282,0.381121429,1,"Geno_at_37"
"Ccdc142","ENSMUSG00000107499.1",-0.119517985,-0.632231466,-1.13766392,0.264402608,1,"Geno_at_37"
"Efcc1","ENSMUSG00000068263.11",-0.119517765,0.193302462,-0.905933868,0.372299676,1,"Geno_at_37"
"4430402I18Rik","ENSMUSG00000064202.15",-0.119514237,-0.608398195,-0.996864994,0.326924458,1,"Geno_at_37"
"mt-Tw","ENSMUSG00000064346.1",0.119509311,0.106453528,0.958610749,0.345533875,1,"Geno_at_37"
"Gm43868","ENSMUSG00000107455.1",0.119502002,-0.468281318,0.924739463,0.362592843,1,"Geno_at_37"
"Wdpcp","ENSMUSG00000020319.9",0.119492805,1.80122008,1.20206202,0.238885365,1,"Geno_at_37"
"Gm47585","ENSMUSG00000114104.1",0.119480676,0.0286689252,1.06073868,0.297402869,1,"Geno_at_37"
"Rps8-ps4","ENSMUSG00000074547.4",-0.119456912,0.00607971014,-1.21933279,0.232362801,1,"Geno_at_37"
"H1f4","ENSMUSG00000051627.3",-0.119441589,0.622735046,-0.778334229,0.442560782,1,"Geno_at_37"
"Cnrip1","ENSMUSG00000044629.5",-0.119425186,-0.39321783,-0.887750839,0.381844701,1,"Geno_at_37"
"Gm11696","ENSMUSG00000056687.9",-0.119391984,2.06437055,-1.27668047,0.211658283,1,"Geno_at_37"
"Gm50394","ENSMUSG00000118210.1",-0.119389834,0.153114374,-1.22572281,0.229983484,1,"Geno_at_37"
"2510009E07Rik","ENSMUSG00000043391.10",-0.119384406,0.962468492,-0.898685904,0.376085654,1,"Geno_at_37"
"Gm12316","ENSMUSG00000086976.1",-0.11938169,-0.354029825,-1.02108142,0.315504024,1,"Geno_at_37"
"Zfp273","ENSMUSG00000030446.17",-0.119380769,2.36190909,-1.16286571,0.254190223,1,"Geno_at_37"
"Gm6091","ENSMUSG00000074026.3",0.119340352,1.55446325,1.24561789,0.222692274,1,"Geno_at_37"
"Gm23458","ENSMUSG00000065191.1",-0.119329427,-0.0764357037,-1.0231791,0.314527879,1,"Geno_at_37"
"Gm14127","ENSMUSG00000082740.1",-0.119315793,0.228209891,-0.976866181,0.33656627,1,"Geno_at_37"
"Hsph1","ENSMUSG00000029657.15",0.119230509,7.38336961,2.65199112,0.0131418337,1,"Geno_at_37"
"Stkld1","ENSMUSG00000049897.14",0.119229599,1.02208199,0.931702664,0.359041305,1,"Geno_at_37"
"Pomt1","ENSMUSG00000039254.16",-0.11922013,3.97209468,-2.04205114,0.0501615737,1,"Geno_at_37"
"Zpbp","ENSMUSG00000020193.3",-0.119179022,0.761935286,-1.0195072,0.316237951,1,"Geno_at_37"
"E130308A19Rik","ENSMUSG00000045071.14",-0.119141909,4.07834138,-2.09994459,0.0443809255,1,"Geno_at_37"
"Hdgfl3","ENSMUSG00000025104.13",0.119130869,5.06673697,1.77211273,0.0884208129,1,"Geno_at_37"
"Gm16306","ENSMUSG00000089780.1",-0.119126418,-0.384527946,-0.982484672,0.33383825,1,"Geno_at_37"
"Ptpdc1","ENSMUSG00000038042.11",0.119051315,2.06120893,0.964363255,0.342845474,1,"Geno_at_37"
"Tnfrsf12a","ENSMUSG00000023905.15",-0.119049857,4.56005356,-0.835070033,0.415529572,1,"Geno_at_37"
"Tdrp","ENSMUSG00000050052.12",0.11904635,2.26762092,1.28554866,0.208585617,1,"Geno_at_37"
"Armcx3","ENSMUSG00000049047.11",0.119019563,2.7015387,1.43645608,0.161377334,1,"Geno_at_37"
"Gm47792","ENSMUSG00000113492.1",0.119014208,-0.713382451,1.31744461,0.197814934,1,"Geno_at_37"
"Ssc4d","ENSMUSG00000029699.13",-0.119011339,0.404034274,-0.902616001,0.374029674,1,"Geno_at_37"
"Rcn3","ENSMUSG00000019539.11",-0.118986589,1.10618272,-1.20242442,0.238747117,1,"Geno_at_37"
"Gm50335","ENSMUSG00000118026.1",0.118977644,0.760492409,1.01767513,0.317093574,1,"Geno_at_37"
"Cx3cr1","ENSMUSG00000052336.7",-0.118963122,4.55178558,-1.80119785,0.0820288725,1,"Geno_at_37"
"Yes1","ENSMUSG00000014932.15",0.118945923,3.17910789,1.73263164,0.0935889992,1,"Geno_at_37"
"Gm47205","ENSMUSG00000111312.1",-0.118912109,-0.538803663,-1.09918221,0.28056459,1,"Geno_at_37"
"St3gal6","ENSMUSG00000022747.17",-0.118888962,1.44440621,-0.938880446,0.355404463,1,"Geno_at_37"
"Vcam1","ENSMUSG00000027962.14",-0.118870284,1.33796896,-0.836646681,0.409577516,1,"Geno_at_37"
"2600006K01Rik","ENSMUSG00000039798.2",-0.118835311,-0.582207417,-0.973649787,0.338134736,1,"Geno_at_37"
"Gm46546","ENSMUSG00000116845.1",-0.118821041,4.52449172,-1.76137351,0.0888161741,1,"Geno_at_37"
"Fndc3c1","ENSMUSG00000033737.14",-0.118820528,0.0808961902,-0.87894635,0.38652278,1,"Geno_at_37"
"Gm9165","ENSMUSG00000109326.1",0.118802921,0.843368841,0.878560666,0.386728543,1,"Geno_at_37"
"Dusp4","ENSMUSG00000031530.6",0.118797849,8.17854026,1.56143505,0.136725756,1,"Geno_at_37"
"Muc4","ENSMUSG00000079620.13",-0.118777978,-0.545230269,-0.898689273,0.376083889,1,"Geno_at_37"
"2210412B16Rik","ENSMUSG00000107216.1",-0.118704007,-0.295538628,-0.948844586,0.350396478,1,"Geno_at_37"
"2310010J17Rik","ENSMUSG00000097162.2",0.118700191,1.19773125,1.18008263,0.247381332,1,"Geno_at_37"
"Trbj1-7","ENSMUSG00000076489.2",0.118655503,1.7936987,1.1314422,0.266968984,1,"Geno_at_37"
"Lncppara","ENSMUSG00000116305.1",-0.118630289,-0.0620540151,-0.864671299,0.394185307,1,"Geno_at_37"
"Ehd3","ENSMUSG00000024065.8",-0.118625826,2.68918829,-0.985534671,0.33357525,1,"Geno_at_37"
"Gm20568","ENSMUSG00000105233.1",-0.118585294,-0.0576987501,-0.975713866,0.337127627,1,"Geno_at_37"
"Lrr1","ENSMUSG00000034883.9",0.118510696,3.70642481,1.92005085,0.0645517548,1,"Geno_at_37"
"Gm47797","ENSMUSG00000114842.1",-0.118500896,-0.348283675,-1.01930626,0.316331718,1,"Geno_at_37"
"Dpysl5","ENSMUSG00000029168.14",-0.118493825,0.0954362599,-0.839233788,0.408077237,1,"Geno_at_37"
"1110046J04Rik","ENSMUSG00000085457.3",0.118455523,-0.368304105,1.10691106,0.277263117,1,"Geno_at_37"
"Ict1os","ENSMUSG00000085072.1",0.118453952,0.423771739,0.922410104,0.363786066,1,"Geno_at_37"
"4930535E02Rik","ENSMUSG00000102677.1",-0.118417094,1.32014545,-0.95915682,0.345263325,1,"Geno_at_37"
"Morrbid","ENSMUSG00000074813.14",0.118404866,0.702612347,0.93760072,0.35605108,1,"Geno_at_37"
"Gstm1","ENSMUSG00000058135.12",-0.118389503,0.415433135,-0.989599514,0.330405259,1,"Geno_at_37"
"Dipk1b","ENSMUSG00000036186.5",0.118329721,0.985320146,0.928631927,0.360604673,1,"Geno_at_37"
"Sult6b2","ENSMUSG00000048473.15",-0.118329358,-0.792815061,-1.24920292,0.221397116,1,"Geno_at_37"
"Gm6044","ENSMUSG00000083100.1",0.118321338,-0.615287595,0.938984312,0.355352017,1,"Geno_at_37"
"Ubox5","ENSMUSG00000027300.10",-0.118310194,3.94912126,-1.7264521,0.0947098405,1,"Geno_at_37"
"Tmem108","ENSMUSG00000042757.16",0.118303869,0.306843787,0.668969616,0.509353028,1,"Geno_at_37"
"Spryd4","ENSMUSG00000051346.9",-0.118283411,3.44185353,-1.74098285,0.0920920532,1,"Geno_at_37"
"Zfp580","ENSMUSG00000055633.6",-0.118278192,2.23394722,-1.39044426,0.174779625,1,"Geno_at_37"
"Gm15161","ENSMUSG00000083719.1",-0.118270271,-0.114080452,-1.08061796,0.288608939,1,"Geno_at_37"
"Cldn7","ENSMUSG00000018569.12",-0.118219926,1.6242788,-1.14305155,0.262194769,1,"Geno_at_37"
"Msh5","ENSMUSG00000007035.15",0.11819798,2.53078942,1.32866726,0.19412866,1,"Geno_at_37"
"Gm37004","ENSMUSG00000102286.1",0.118183814,-0.466664735,1.01106379,0.320194509,1,"Geno_at_37"
"Mid2","ENSMUSG00000000266.11",0.118138628,1.65276175,1.2039409,0.23816926,1,"Geno_at_37"
"Enpp1","ENSMUSG00000037370.13",0.118095716,1.75989928,0.968002747,0.340900421,1,"Geno_at_37"
"Gm9347","ENSMUSG00000110126.1",-0.118092115,2.68041951,-1.38569041,0.176212756,1,"Geno_at_37"
"Pccb","ENSMUSG00000032527.13",-0.118077912,4.03194719,-2.06577302,0.0477171067,1,"Geno_at_37"
"Hmcn1","ENSMUSG00000066842.18",0.118052317,-0.180152461,0.990857426,0.32980081,1,"Geno_at_37"
"Sumf1","ENSMUSG00000030101.15",-0.117995537,4.54667098,-2.54618195,0.016352556,1,"Geno_at_37"
"Gm3222","ENSMUSG00000079311.1",-0.117962881,0.387723378,-0.81720163,0.420354143,1,"Geno_at_37"
"Hormad2","ENSMUSG00000020419.11",0.11795963,-0.290248872,0.566516981,0.577295905,1,"Geno_at_37"
"Haao","ENSMUSG00000000673.9",-0.11786872,2.00843085,-1.30644635,0.201479513,1,"Geno_at_37"
"A530072M11Rik","ENSMUSG00000085112.1",-0.117868188,0.752354432,-0.894254581,0.378412625,1,"Geno_at_37"
"Tmem154","ENSMUSG00000056498.13",-0.117860691,5.49875784,-2.09595147,0.0453156817,1,"Geno_at_37"
"Gsto1","ENSMUSG00000025068.8",-0.117847302,5.58427085,-2.32988533,0.0268408077,1,"Geno_at_37"
"Inca1","ENSMUSG00000057054.11",0.117845582,-0.0540694659,0.896502731,0.377230916,1,"Geno_at_37"
"Gm11263","ENSMUSG00000083496.1",-0.117829608,0.100431469,-1.04451676,0.304717157,1,"Geno_at_37"
"Gm4118","ENSMUSG00000114902.1",-0.117825432,-0.346160456,-0.857601306,0.398015874,1,"Geno_at_37"
"B230369F24Rik","ENSMUSG00000086350.1",0.117806351,0.0474335042,0.92044189,0.3647963,1,"Geno_at_37"
"Rad51c","ENSMUSG00000007646.13",0.117797937,2.2718201,1.1437087,0.261926388,1,"Geno_at_37"
"B3galt5","ENSMUSG00000074892.9",-0.117769002,-0.445648889,-1.13127095,0.267039876,1,"Geno_at_37"
"Gpr157","ENSMUSG00000047875.6",-0.117762601,1.31749373,-1.13152837,0.266933317,1,"Geno_at_37"
"Zfp39","ENSMUSG00000037001.10",-0.117744234,3.19937068,-1.81977023,0.0789399609,1,"Geno_at_37"
"Zfp963","ENSMUSG00000092260.7",-0.117737124,1.16550572,-1.22637858,0.229740344,1,"Geno_at_37"
"4933406J10Rik","ENSMUSG00000086690.1",0.117583128,-0.548405417,0.950984572,0.349327086,1,"Geno_at_37"
"9430034N14Rik","ENSMUSG00000102964.1",0.117578043,1.31730028,0.933759413,0.357996685,1,"Geno_at_37"
"Traj25","ENSMUSG00000076904.2",-0.117552212,-0.14704732,-1.00121002,0.324854815,1,"Geno_at_37"
"Iyd","ENSMUSG00000019762.4",-0.117524242,-0.239524188,-0.924451153,0.362740392,1,"Geno_at_37"
"Gm10039","ENSMUSG00000091478.2",-0.117520563,5.76655046,-2.71371995,0.0109897199,1,"Geno_at_37"
"Pxmp4","ENSMUSG00000000876.11",-0.117508137,4.0743531,-2.12108108,0.0424224439,1,"Geno_at_37"
"Gm26801","ENSMUSG00000097892.2",0.117481309,0.843914111,0.888172008,0.381621841,1,"Geno_at_37"
"Mfsd6l","ENSMUSG00000048329.7",-0.117477,-0.873148867,-1.33302603,0.192711319,1,"Geno_at_37"
"Gm5809","ENSMUSG00000043870.9",-0.11743793,2.68092274,-1.26505633,0.215737772,1,"Geno_at_37"
"Gm7107","ENSMUSG00000115280.1",0.11742843,2.79127693,1.30405939,0.202281672,1,"Geno_at_37"
"4930426L09Rik","ENSMUSG00000026736.2",-0.117379345,-0.163439143,-0.960773222,0.344463315,1,"Geno_at_37"
"2900005J15Rik","ENSMUSG00000043833.6",-0.117369487,2.71216865,-1.28504846,0.208758018,1,"Geno_at_37"
"Gm9105","ENSMUSG00000081370.1",-0.117357343,2.40813514,-1.39902473,0.172216065,1,"Geno_at_37"
"Cdk3","ENSMUSG00000092300.7",-0.117326177,0.322522189,-0.846807579,0.403909295,1,"Geno_at_37"
"Gm10420","ENSMUSG00000072789.4",-0.117322689,0.111656559,-1.06935823,0.293566992,1,"Geno_at_37"
"Gm26180","ENSMUSG00000093967.1",0.117294096,-0.615518743,1.05267717,0.301022162,1,"Geno_at_37"
"Olfml2a","ENSMUSG00000046618.7",0.117281963,-0.727099918,1.2873108,0.207979132,1,"Geno_at_37"
"Rps19-ps2","ENSMUSG00000094974.1",0.117280742,-0.652936535,1.07003662,0.293266582,1,"Geno_at_37"
"Plekhm3","ENSMUSG00000051344.13",-0.117270138,4.24931417,-1.56405996,0.129124942,1,"Geno_at_37"
"Hnrnpa1l2-ps2","ENSMUSG00000021927.7",-0.117229134,0.0894628874,-0.965409423,0.342175614,1,"Geno_at_37"
"Cd22","ENSMUSG00000030577.14",0.117219474,-0.848405937,1.47911022,0.149694274,1,"Geno_at_37"
"Gm38014","ENSMUSG00000104406.1",0.117200179,-0.322062561,0.909404495,0.370495615,1,"Geno_at_37"
"Zfyve28","ENSMUSG00000037224.15",-0.117114439,-0.322509965,-0.907689523,0.371386357,1,"Geno_at_37"
"Gm45137","ENSMUSG00000109206.1",0.117111509,0.919237505,0.658863909,0.516026746,1,"Geno_at_37"
"Gm11714","ENSMUSG00000087113.1",0.117056635,1.27118258,0.943404874,0.353124624,1,"Geno_at_37"
"Casc4","ENSMUSG00000060227.15",-0.117031037,4.39445481,-1.12212005,0.275576529,1,"Geno_at_37"
"Syt2","ENSMUSG00000026452.15",0.116985725,-0.625359085,1.05692212,0.299112521,1,"Geno_at_37"
"Gm19466","ENSMUSG00000118362.1",-0.116956406,-0.300009779,-0.906022748,0.372253404,1,"Geno_at_37"
"9530062K07Rik","ENSMUSG00000108030.1",0.116952836,0.267204571,1.1238627,0.270119697,1,"Geno_at_37"
"5930403N24Rik","ENSMUSG00000046463.5",-0.116940951,-0.320230585,-0.895142413,0.377945663,1,"Geno_at_37"
"Trdv1","ENSMUSG00000076864.9",0.116940004,0.077363783,0.864419686,0.394321229,1,"Geno_at_37"
"1700065D16Rik","ENSMUSG00000096655.2",-0.116934369,-0.142027156,-0.998762521,0.326019515,1,"Geno_at_37"
"Xlr4e-ps","ENSMUSG00000081357.1",-0.116932989,1.43923632,-0.904798824,0.372890922,1,"Geno_at_37"
"Gm5499","ENSMUSG00000071035.5",0.116923924,3.75843009,2.04728782,0.0496126524,1,"Geno_at_37"
"Pigl","ENSMUSG00000014245.8",-0.116905017,3.23454311,-1.43064113,0.163024719,1,"Geno_at_37"
"Zfp97","ENSMUSG00000095990.1",-0.11690113,2.4819523,-1.47812727,0.149955664,1,"Geno_at_37"
"Tpt1-ps5","ENSMUSG00000059252.5",-0.11683179,-0.189869036,-0.878421018,0.386803062,1,"Geno_at_37"
"Sec31b","ENSMUSG00000051984.13",-0.11681818,0.846795759,-0.830592594,0.412865356,1,"Geno_at_37"
"Gm47900","ENSMUSG00000112379.1",-0.116816684,-0.513349337,-0.942646422,0.353506124,1,"Geno_at_37"
"Lamb3","ENSMUSG00000026639.18",-0.116788947,2.47635452,-1.36178104,0.183560685,1,"Geno_at_37"
"Gm6981","ENSMUSG00000098076.1",-0.116770909,0.0670582335,-0.852338254,0.400882689,1,"Geno_at_37"
"Gm44292","ENSMUSG00000108291.1",-0.116764783,1.59673547,-0.946958765,0.351340667,1,"Geno_at_37"
"Kcnj9","ENSMUSG00000038026.12",-0.116751594,-0.51452203,-0.994226059,0.328185833,1,"Geno_at_37"
"Gm14122","ENSMUSG00000083964.1",-0.116742217,-0.50838226,-1.1101858,0.275872693,1,"Geno_at_37"
"Gm11474","ENSMUSG00000082687.1",-0.116715091,-0.612571168,-1.26549911,0.215581297,1,"Geno_at_37"
"Gm43065","ENSMUSG00000105986.1",-0.116701267,1.00089784,-0.857331516,0.398162514,1,"Geno_at_37"
"Gm10293","ENSMUSG00000070490.4",0.116700475,-0.0139709139,0.887089402,0.382194868,1,"Geno_at_37"
"Gm13657","ENSMUSG00000086813.1",0.116615393,-0.901818373,1.43728481,0.16114363,1,"Geno_at_37"
"Gm19531","ENSMUSG00000111348.1",-0.116607071,-0.590265574,-1.03043734,0.311166417,1,"Geno_at_37"
"Gm36371","ENSMUSG00000109108.1",-0.116603,0.185838311,-0.8413563,0.406906486,1,"Geno_at_37"
"Gm15432","ENSMUSG00000086691.2",0.116602425,1.10076438,0.889160319,0.381099209,1,"Geno_at_37"
"Gm22767","ENSMUSG00000088990.1",0.116583143,-0.313187315,1.00220885,0.324380319,1,"Geno_at_37"
"Nav1","ENSMUSG00000009418.16",-0.1165767,7.42481119,-2.21645675,0.0368521074,1,"Geno_at_37"
"Lpin3","ENSMUSG00000027412.12",0.116553029,-0.232649118,1.08257848,0.287751752,1,"Geno_at_37"
"Gm13422","ENSMUSG00000084098.1",0.116513486,1.26609186,1.04778782,0.303232253,1,"Geno_at_37"
"1700020L24Rik","ENSMUSG00000035085.5",-0.116500646,-0.593358987,-1.06502732,0.295489952,1,"Geno_at_37"
"Gm30122","ENSMUSG00000112433.1",0.116484714,0.398301409,0.976604084,0.336693897,1,"Geno_at_37"
"Chad","ENSMUSG00000039084.8",-0.116419793,0.575893222,-0.777683575,0.442938443,1,"Geno_at_37"
"B430203G13Rik","ENSMUSG00000067356.5",0.116403738,-0.398712001,0.980873573,0.33461897,1,"Geno_at_37"
"Gm24480","ENSMUSG00000088067.1",0.116393044,-0.718566226,1.1398066,0.263522932,1,"Geno_at_37"
"Gpt2","ENSMUSG00000031700.11",-0.116392139,3.11357997,-1.03924973,0.308785312,1,"Geno_at_37"
"Erv3","ENSMUSG00000037482.2",-0.116299188,0.597028982,-0.684135096,0.499695119,1,"Geno_at_37"
"Med29","ENSMUSG00000003444.8",-0.116278574,3.13844324,-1.72828826,0.0943756247,1,"Geno_at_37"
"Rimkla","ENSMUSG00000048899.8",0.116269872,0.0137902847,0.908536052,0.370946503,1,"Geno_at_37"
"Gm14168","ENSMUSG00000055494.5",0.116260826,0.459641223,0.998122486,0.32632456,1,"Geno_at_37"
"Gm38317","ENSMUSG00000103735.1",-0.116253421,-0.307914947,-0.910955695,0.369691137,1,"Geno_at_37"
"Aldh1l2","ENSMUSG00000020256.14",0.116246679,1.17551261,0.693973768,0.493970921,1,"Geno_at_37"
"Olfr56","ENSMUSG00000040328.16",-0.116237463,2.09518775,-1.2709567,0.213659656,1,"Geno_at_37"
"Gm17055","ENSMUSG00000090576.2",0.116213973,0.692876758,0.89049679,0.380393199,1,"Geno_at_37"
"Trim12c","ENSMUSG00000057143.15",0.116198019,5.21816241,2.84129347,0.00806121683,1,"Geno_at_37"
"Gm13898","ENSMUSG00000086409.3",-0.116169622,-0.358735605,-1.06210167,0.296793976,1,"Geno_at_37"
"Ighd","ENSMUSG00000104213.5",-0.116138986,3.0638119,-1.00005778,0.32729349,1,"Geno_at_37"
"Lrrc19","ENSMUSG00000049799.13",0.116108844,-0.493748082,0.85879573,0.397367077,1,"Geno_at_37"
"D430019H16Rik","ENSMUSG00000094910.1",-0.116107402,1.64358955,-1.07709458,0.29015399,1,"Geno_at_37"
"Gli3","ENSMUSG00000021318.15",0.116087908,1.38898962,0.896778568,0.377086092,1,"Geno_at_37"
"Znhit2","ENSMUSG00000075227.6",-0.116087188,3.73778872,-1.82577885,0.0780063021,1,"Geno_at_37"
"Fap","ENSMUSG00000000392.17",0.116063052,-0.684590804,1.01595233,0.317899625,1,"Geno_at_37"
"Cyp1a1","ENSMUSG00000032315.6",0.116061143,0.381648281,0.525200149,0.605012819,1,"Geno_at_37"
"Gm7666","ENSMUSG00000067547.6",0.115994494,6.0501551,2.0192531,0.0544902148,1,"Geno_at_37"
"Gm2253","ENSMUSG00000110244.1",0.115980877,-0.211483321,0.907480649,0.371494941,1,"Geno_at_37"
"Plekhg4","ENSMUSG00000014782.16",0.115966582,2.47556021,1.60909901,0.118228936,1,"Geno_at_37"
"Gm8325","ENSMUSG00000027694.9",0.115955726,4.76914152,2.14592881,0.0402186345,1,"Geno_at_37"
"Ceacam15","ENSMUSG00000078795.2",0.115937853,3.57295106,1.21900778,0.23383464,1,"Geno_at_37"
"B230206I08Rik","ENSMUSG00000109574.1",-0.115893238,-0.218029808,-0.925222929,0.36234551,1,"Geno_at_37"
"Gm44860","ENSMUSG00000109245.1",-0.11587868,-0.833441232,-1.18891429,0.243941145,1,"Geno_at_37"
"Gm20612","ENSMUSG00000093722.1",0.115875856,-0.536907042,1.21957178,0.232273485,1,"Geno_at_37"
"Fam110c","ENSMUSG00000036136.9",-0.115848264,2.04700293,-1.08187064,0.288061027,1,"Geno_at_37"
"Gm4654","ENSMUSG00000098111.1",0.115848158,1.27734542,1.15330425,0.258030289,1,"Geno_at_37"
"Tatdn3","ENSMUSG00000026632.17",-0.115834671,2.62107213,-1.2862769,0.208334811,1,"Geno_at_37"
"Gm4221","ENSMUSG00000096948.2",0.115833393,0.401584585,1.07981703,0.288959644,1,"Geno_at_37"
"Scel","ENSMUSG00000022123.9",-0.115820155,-0.82953677,-1.31548283,0.19846481,1,"Geno_at_37"
"Slc26a10","ENSMUSG00000040441.12",-0.115812855,2.95218528,-1.33038728,0.1935684,1,"Geno_at_37"
"Gm38376","ENSMUSG00000103506.1",-0.115808313,0.0789375946,-0.799005765,0.43066347,1,"Geno_at_37"
"Gm12786","ENSMUSG00000085581.1",0.115788866,-0.408707946,1.23713513,0.22577952,1,"Geno_at_37"
"Phlpp2","ENSMUSG00000031732.12",0.115784,5.23409492,2.33750449,0.0263857756,1,"Geno_at_37"
"Sil1","ENSMUSG00000024357.10",-0.115777972,4.7729396,-2.18245786,0.0371639963,1,"Geno_at_37"
"Vps13c","ENSMUSG00000035284.10",0.115759062,4.99627326,1.91107866,0.0660795728,1,"Geno_at_37"
"Ssc5d","ENSMUSG00000035279.8",-0.115758736,0.182116845,-0.783707471,0.439449385,1,"Geno_at_37"
"Gm13684","ENSMUSG00000085335.1",0.11575094,1.19203539,0.803630322,0.42803174,1,"Geno_at_37"
"Gm20784","ENSMUSG00000114951.1",-0.11573533,-0.249682909,-0.791308323,0.435144436,1,"Geno_at_37"
"Gm38394","ENSMUSG00000094410.8",0.115734531,5.93363145,2.28830678,0.0297158856,1,"Geno_at_37"
"Atg4a-ps","ENSMUSG00000087119.4",-0.115729822,1.98567126,-1.24535594,0.222787134,1,"Geno_at_37"
"Gm50439","ENSMUSG00000117714.1",-0.115714548,-0.441305852,-1.13136596,0.267000544,1,"Geno_at_37"
"Dock7","ENSMUSG00000028556.15",0.115638106,0.721564752,0.921589215,0.364207183,1,"Geno_at_37"
"Btg3","ENSMUSG00000022863.15",-0.115563801,2.92514785,-1.0472816,0.304459974,1,"Geno_at_37"
"2810408A11Rik","ENSMUSG00000018570.17",-0.11553159,1.99397743,-1.01932795,0.316321595,1,"Geno_at_37"
"Wdr93","ENSMUSG00000039099.7",0.115524316,-0.691009844,1.18526913,0.245356735,1,"Geno_at_37"
"Olfr173","ENSMUSG00000049362.6",-0.115523532,-0.109477736,-0.745736947,0.46195748,1,"Geno_at_37"
"Gm9176","ENSMUSG00000112850.1",0.115523368,-0.264234561,0.858613759,0.397465878,1,"Geno_at_37"
"Tmem42","ENSMUSG00000066233.6",-0.115498217,2.52287248,-1.28422821,0.209040963,1,"Geno_at_37"
"Plk3","ENSMUSG00000028680.14",-0.115480736,5.68421431,-0.718334872,0.482766909,1,"Geno_at_37"
"Lrrc57","ENSMUSG00000027286.16",0.115464949,4.04456734,1.92115682,0.0644066562,1,"Geno_at_37"
"Card10","ENSMUSG00000033170.14",0.115463331,1.07406702,0.864036817,0.394528113,1,"Geno_at_37"
"Tbc1d30","ENSMUSG00000052302.6",0.115461207,3.81148084,1.73727759,0.0927537039,1,"Geno_at_37"
"Gm20056","ENSMUSG00000103847.1",0.115417338,2.03547544,1.44531812,0.15889215,1,"Geno_at_37"
"2610206C17Rik","ENSMUSG00000085236.3",0.115413544,-0.22569119,0.889008739,0.381179336,1,"Geno_at_37"
"Ecscr","ENSMUSG00000073599.10",-0.115405025,-0.685969852,-1.18841713,0.244133859,1,"Geno_at_37"
"Gm17203","ENSMUSG00000090965.1",0.11540426,0.13497486,0.95573667,0.34696017,1,"Geno_at_37"
"Gm10163","ENSMUSG00000066443.5",-0.115392241,-0.536414942,-1.14917092,0.259703345,1,"Geno_at_37"
"Fam160a1","ENSMUSG00000051000.17",0.115383034,1.57396105,0.982989302,0.333593966,1,"Geno_at_37"
"Gm12013","ENSMUSG00000082099.1",-0.115358354,1.86327059,-1.0907933,0.284179682,1,"Geno_at_37"
"Ajuba","ENSMUSG00000022178.11",-0.115341763,0.139044397,-0.892965148,0.379091478,1,"Geno_at_37"
"Gm15342","ENSMUSG00000085884.1",-0.115340739,-0.14533023,-1.02548862,0.313455576,1,"Geno_at_37"
"Cdk14","ENSMUSG00000028926.15",-0.115338745,2.36167141,-0.736359722,0.46965798,1,"Geno_at_37"
"Gm37062","ENSMUSG00000103804.1",0.115264855,0.270699122,0.79337539,0.433884507,1,"Geno_at_37"
"Gm17195","ENSMUSG00000091534.2",0.11522443,0.856919586,0.969006549,0.340407691,1,"Geno_at_37"
"Adgrg6","ENSMUSG00000039116.7",-0.1152053,-0.601585235,-1.01725233,0.317291262,1,"Geno_at_37"
"Gm26724","ENSMUSG00000097090.1",0.115200672,1.50246054,1.00747147,0.321888133,1,"Geno_at_37"
"Armc3","ENSMUSG00000037683.14",-0.115188225,0.117125444,-0.951955041,0.348842843,1,"Geno_at_37"
"Kcns1","ENSMUSG00000040164.3",0.115142693,-0.573258739,0.999506188,0.325665322,1,"Geno_at_37"
"Gm29675","ENSMUSG00000113515.1",-0.115134478,0.6722102,-1.05956463,0.29792806,1,"Geno_at_37"
"Zfp987","ENSMUSG00000066009.8",0.115084262,0.475477987,0.882930553,0.384401319,1,"Geno_at_37"
"Gm6963","ENSMUSG00000085799.1",-0.115084021,-0.500644514,-0.653773635,0.519862605,1,"Geno_at_37"
"Rfx8","ENSMUSG00000057173.8",-0.115054444,0.510603717,-0.875657514,0.38827963,1,"Geno_at_37"
"Gm44907","ENSMUSG00000109216.1",0.115053929,-0.366159505,0.966281577,0.3417464,1,"Geno_at_37"
"Smpdl3b","ENSMUSG00000028885.8",0.115053214,2.19774208,1.12441082,0.269890955,1,"Geno_at_37"
"Gm14760","ENSMUSG00000081221.4",0.114999982,-0.185008668,1.03552488,0.308825161,1,"Geno_at_37"
"Gm44573","ENSMUSG00000104150.2",0.114948274,-0.606170939,1.06405756,0.295921748,1,"Geno_at_37"
"Nat8l","ENSMUSG00000048142.9",0.114908904,-0.558602602,1.11836388,0.272422221,1,"Geno_at_37"
"Fads6","ENSMUSG00000044788.10",0.114862256,1.603003,0.980467211,0.334816084,1,"Geno_at_37"
"Ccl17","ENSMUSG00000031780.2",-0.114813069,-0.391236987,-1.16957705,0.251519905,1,"Geno_at_37"
"Gm2573","ENSMUSG00000115017.1",-0.11480808,1.17872053,-0.920446018,0.364794179,1,"Geno_at_37"
"Gm10863","ENSMUSG00000075555.12",0.114801273,2.32314963,1.23723017,0.225744754,1,"Geno_at_37"
"Vangl2","ENSMUSG00000026556.15",-0.114801273,2.32893502,-1.28000774,0.210501438,1,"Geno_at_37"
"Gm13351","ENSMUSG00000081619.1",0.114795463,-0.0147446098,1.08191922,0.288039793,1,"Geno_at_37"
"Srfbp1","ENSMUSG00000024528.8",-0.114792793,4.88842784,-2.4027121,0.0227689957,1,"Geno_at_37"
"Gm11405","ENSMUSG00000083767.1",-0.114743403,2.18262735,-1.47528856,0.150712598,1,"Geno_at_37"
"Gm4811","ENSMUSG00000113263.1",-0.114715973,2.90121972,-1.45883194,0.155161202,1,"Geno_at_37"
"Gm10101","ENSMUSG00000061510.3",0.114703815,1.21091496,0.790875099,0.435382173,1,"Geno_at_37"
"A430027C01Rik","ENSMUSG00000104432.1",-0.1146842,0.521013545,-0.804793661,0.427367569,1,"Geno_at_37"
"Zfp358","ENSMUSG00000047264.8",-0.114684046,3.451494,-1.52411612,0.138112821,1,"Geno_at_37"
"Clec2g","ENSMUSG00000000248.16",0.114678448,-0.240662968,0.908589636,0.370918672,1,"Geno_at_37"
"Ttll5","ENSMUSG00000012609.19",0.114663529,4.47577021,1.89794458,0.0675120189,1,"Geno_at_37"
"Ghr","ENSMUSG00000055737.12",-0.114650073,-0.849602102,-1.30522479,0.201889724,1,"Geno_at_37"
"Gm16465","ENSMUSG00000083994.1",-0.114608099,-0.504066272,-1.09267144,0.283367453,1,"Geno_at_37"
"Tmem9","ENSMUSG00000026411.17",-0.11460662,3.66956113,-1.89475168,0.0679491443,1,"Geno_at_37"
"Ccnjl","ENSMUSG00000044707.7",0.114566366,-0.885326443,1.27438883,0.212457861,1,"Geno_at_37"
"Gnat1","ENSMUSG00000034837.12",-0.114528187,-0.922886413,-1.41423115,0.167745643,1,"Geno_at_37"
"Ybx2","ENSMUSG00000018554.13",-0.114524528,0.665427046,-0.740669526,0.464755633,1,"Geno_at_37"
"Ptger1","ENSMUSG00000019464.6",0.114503497,1.6094628,0.921533121,0.364235971,1,"Geno_at_37"
"AC117663.3","ENSMUSG00000118636.1",0.114479632,-0.693739416,1.15926338,0.255632053,1,"Geno_at_37"
"Aoc3","ENSMUSG00000019326.14",-0.114475513,0.129215966,-0.871166566,0.390686877,1,"Geno_at_37"
"Nutf2","ENSMUSG00000008450.8",0.114421322,2.97127102,1.39339669,0.173894176,1,"Geno_at_37"
"Qrfp","ENSMUSG00000043102.2",0.114417774,-0.0752251398,0.836006209,0.409861568,1,"Geno_at_37"
"Gm14057","ENSMUSG00000089662.1",0.114410417,0.0983742253,0.730425514,0.470965291,1,"Geno_at_37"
"Gm37008","ENSMUSG00000103887.1",0.114410097,-0.52659333,1.10442511,0.278321969,1,"Geno_at_37"
"Fgd6","ENSMUSG00000020021.4",-0.11440717,4.97967417,-2.22572332,0.0338158072,1,"Geno_at_37"
"Slc22a17","ENSMUSG00000022199.12",0.11440664,1.97992738,1.04025575,0.306659056,1,"Geno_at_37"
"Gm10182","ENSMUSG00000094627.2",0.114393378,1.81142475,1.15238659,0.258401053,1,"Geno_at_37"
"4930556M19Rik","ENSMUSG00000096971.2",-0.114380957,-0.297469934,-1.16265967,0.254272532,1,"Geno_at_37"
"Tbkbp1","ENSMUSG00000038517.15",0.11437715,3.30377675,0.714279858,0.484393319,1,"Geno_at_37"
"Slc25a29","ENSMUSG00000021265.3",-0.114370973,1.40129751,-1.04289988,0.305453017,1,"Geno_at_37"
"Gm9754","ENSMUSG00000029360.3",-0.114343579,0.271328034,-0.807841473,0.425638227,1,"Geno_at_37"
"Tpmt","ENSMUSG00000021376.11",-0.114341,1.41757488,-1.03126308,0.310785582,1,"Geno_at_37"
"Syt14","ENSMUSG00000016200.14",0.114325765,0.12197595,0.911398197,0.369461858,1,"Geno_at_37"
"Zfp239","ENSMUSG00000042097.17",-0.114312231,1.97881592,-1.107387,0.277060725,1,"Geno_at_37"
"Gm23442","ENSMUSG00000064853.1",0.114311584,-0.606231992,1.25821629,0.218165954,1,"Geno_at_37"
"Cop1","ENSMUSG00000040782.12",0.114294923,4.52995357,2.17059962,0.0381320678,1,"Geno_at_37"
"Swt1","ENSMUSG00000052748.14",0.114272676,4.83651782,2.35217349,0.0255293881,1,"Geno_at_37"
"Nckap5l","ENSMUSG00000023009.14",-0.11422052,2.45648043,-0.961777513,0.344549119,1,"Geno_at_37"
"Atp8a2","ENSMUSG00000021983.16",0.114215242,1.71725277,1.24664604,0.222320256,1,"Geno_at_37"
"Lyst","ENSMUSG00000019726.12",0.114211527,5.30249501,2.22766382,0.0336721943,1,"Geno_at_37"
"Mgst3","ENSMUSG00000026688.5",-0.114204461,3.73660012,-2.1146411,0.0430108688,1,"Geno_at_37"
"Cyp4f41-ps","ENSMUSG00000024295.9",0.114154501,0.821514198,0.949258116,0.350189659,1,"Geno_at_37"
"Nat9","ENSMUSG00000015542.17",0.11415299,2.65935115,1.42028035,0.165992957,1,"Geno_at_37"
"Ccl27a","ENSMUSG00000073888.13",-0.114141072,1.0193546,-1.01824679,0.316826425,1,"Geno_at_37"
"Ccdc18","ENSMUSG00000056531.11",0.114126524,3.25316302,1.41050502,0.168832498,1,"Geno_at_37"
"Igsf6","ENSMUSG00000035004.3",0.114111007,1.44405105,0.832343466,0.411892373,1,"Geno_at_37"
"Gfra4","ENSMUSG00000027316.15",-0.114107649,-0.378808488,-0.951690833,0.348974633,1,"Geno_at_37"
"E230032D23Rik","ENSMUSG00000109251.1",0.114105955,0.792566561,1.09387807,0.282846501,1,"Geno_at_37"
"Sh3bp1","ENSMUSG00000022436.16",-0.11409591,5.32588316,-2.35019693,0.0256432894,1,"Geno_at_37"
"Fhl3","ENSMUSG00000032643.12",-0.114082814,6.3130858,-2.26196981,0.0318709419,1,"Geno_at_37"
"Gm16572","ENSMUSG00000090244.1",-0.114071249,-0.244791298,-0.914783201,0.367711016,1,"Geno_at_37"
"Amz1","ENSMUSG00000050022.16",0.114054273,1.83308379,1.10466936,0.278217807,1,"Geno_at_37"
"Gm19585","ENSMUSG00000100150.2",0.114045827,-0.324388186,0.815909733,0.421081039,1,"Geno_at_37"
"Cmklr1","ENSMUSG00000042190.12",-0.114045231,3.29619748,-1.46515171,0.153440575,1,"Geno_at_37"
"Msantd3","ENSMUSG00000039693.11",0.114035194,0.783991627,0.992837698,0.328850782,1,"Geno_at_37"
"Plpp6","ENSMUSG00000040105.3",-0.11400286,3.59263026,-1.90929744,0.0659773912,1,"Geno_at_37"
"Nabp1","ENSMUSG00000026107.11",0.113963275,6.19859667,1.37492224,0.186243353,1,"Geno_at_37"
"Gm43313","ENSMUSG00000107083.1",0.113936979,0.966188086,0.903232067,0.373708051,1,"Geno_at_37"
"Pmch","ENSMUSG00000035383.7",-0.113904047,-0.11381721,-0.958843922,0.345418332,1,"Geno_at_37"
"Gm37685","ENSMUSG00000103024.1",-0.113899704,-0.570962962,-1.08977201,0.284622046,1,"Geno_at_37"
"Lekr1","ENSMUSG00000074579.14",-0.113893772,0.929626208,-0.903646971,0.373491548,1,"Geno_at_37"
"Gm15899","ENSMUSG00000085917.1",-0.113866078,1.92884067,-1.33903625,0.190770104,1,"Geno_at_37"
"Echdc1","ENSMUSG00000019883.11",0.11385833,2.95679441,1.24737346,0.222057331,1,"Geno_at_37"
"Naip5","ENSMUSG00000071203.6",-0.113823684,-0.696209514,-1.22402508,0.230613848,1,"Geno_at_37"
"Gbp8","ENSMUSG00000034438.16",-0.113801324,2.4376462,-0.905692318,0.373392657,1,"Geno_at_37"
"Macrod2","ENSMUSG00000068205.14",0.113782303,1.35858593,1.13828163,0.264148788,1,"Geno_at_37"
"Ptpn3","ENSMUSG00000038764.14",0.113765987,5.51184619,1.98784844,0.0569479322,1,"Geno_at_37"
"Pglyrp1","ENSMUSG00000030413.7",-0.11376335,2.131031,-0.916200644,0.367290088,1,"Geno_at_37"
"Synm","ENSMUSG00000030554.16",0.113735821,-0.898367906,1.38654496,0.17595446,1,"Geno_at_37"
"Kdm8","ENSMUSG00000030752.8",-0.113714064,3.79546403,-1.67426513,0.104633539,1,"Geno_at_37"
"2310040G24Rik","ENSMUSG00000101655.1",0.11371325,-0.265610496,1.01516574,0.318268115,1,"Geno_at_37"
"Gm29397","ENSMUSG00000101309.1",0.113679784,2.40747476,1.412093,0.168368633,1,"Geno_at_37"
"Letm2","ENSMUSG00000037363.9",0.113658846,2.64965073,1.44825944,0.158074079,1,"Geno_at_37"
"Arc","ENSMUSG00000022602.14",0.113629933,2.39123441,1.02931875,0.311682835,1,"Geno_at_37"
"Gm11724","ENSMUSG00000087669.1",-0.113614781,-0.235140885,-0.945122439,0.352261702,1,"Geno_at_37"
"Aldh1a3","ENSMUSG00000015134.15",0.113578746,-0.202977426,0.914189052,0.368017937,1,"Geno_at_37"
"Atp11a","ENSMUSG00000031441.15",0.113575514,6.27660925,2.43328506,0.0212616532,1,"Geno_at_37"
"Gm17767","ENSMUSG00000099413.1",-0.113573443,2.70572642,-1.03316795,0.31036589,1,"Geno_at_37"
"Gm45538","ENSMUSG00000109980.1",-0.113563961,-0.906209145,-1.34447145,0.189027678,1,"Geno_at_37"
"Fosl2","ENSMUSG00000029135.10",0.113542223,5.54746108,1.00796643,0.327881094,1,"Geno_at_37"
"Nhej1","ENSMUSG00000026162.7",-0.113499045,1.57005608,-1.14006115,0.263418571,1,"Geno_at_37"
"Zfhx3","ENSMUSG00000038872.10",-0.11349473,1.67844832,-0.911171384,0.369579368,1,"Geno_at_37"
"Gm14303","ENSMUSG00000081344.5",-0.113472084,7.67782468,-2.52953155,0.017600708,1,"Geno_at_37"
"Mansc1","ENSMUSG00000032718.4",-0.113456277,0.359434913,-0.873127431,0.38963464,1,"Geno_at_37"
"Rybp-ps","ENSMUSG00000055763.9",0.113434587,1.15532995,1.10729257,0.277100872,1,"Geno_at_37"
"Gm12981","ENSMUSG00000086997.1",0.113410593,-0.141274947,0.823621622,0.416753396,1,"Geno_at_37"
"Gm29725","ENSMUSG00000108610.1",0.113394999,-0.344985848,0.98369377,0.333253146,1,"Geno_at_37"
"Gm50012","ENSMUSG00000117628.1",-0.113347126,3.90301641,-1.31264004,0.200657325,1,"Geno_at_37"
"Gm36995","ENSMUSG00000103436.1",0.113310041,-0.491147145,1.24806608,0.221807206,1,"Geno_at_37"
"Fam229b","ENSMUSG00000051736.8",-0.113300688,0.688630615,-0.919766573,0.365143347,1,"Geno_at_37"
"Gm13378","ENSMUSG00000084071.1",-0.113292202,0.35786477,-0.888741372,0.381320697,1,"Geno_at_37"
"Gm47976","ENSMUSG00000112300.1",-0.113287755,0.197198065,-0.795579328,0.432621933,1,"Geno_at_37"
"Myo1a","ENSMUSG00000025401.9",-0.113236644,0.880848191,-0.877310144,0.38739618,1,"Geno_at_37"
"Cth","ENSMUSG00000028179.12",0.11321528,3.10524187,0.523369607,0.607680371,1,"Geno_at_37"
"Bex1","ENSMUSG00000050071.8",0.113178863,-0.359263134,0.945327467,0.352158788,1,"Geno_at_37"
"Pomgnt2","ENSMUSG00000066235.7",0.113165853,-0.588673637,1.12449734,0.269854862,1,"Geno_at_37"
"Sox13","ENSMUSG00000070643.11",0.113163025,-0.671992566,0.950378648,0.349629657,1,"Geno_at_37"
"Ampd3","ENSMUSG00000005686.17",-0.113154427,3.1165585,-1.40152331,0.171475155,1,"Geno_at_37"
"Gm10271","ENSMUSG00000069518.5",0.113109845,-0.548311266,0.972318094,0.338785575,1,"Geno_at_37"
"Mst1r","ENSMUSG00000032584.12",0.113106422,1.57760419,0.735563534,0.468650402,1,"Geno_at_37"
"Extl2","ENSMUSG00000027963.14",-0.113091709,3.18935334,-1.8532583,0.0738559396,1,"Geno_at_37"
"1700020D05Rik","ENSMUSG00000100937.1",0.113072526,0.387796669,0.918963349,0.365556409,1,"Geno_at_37"
"Boc","ENSMUSG00000022687.12",0.113068163,-0.854819205,1.33561882,0.191872021,1,"Geno_at_37"
"B130034C11Rik","ENSMUSG00000093606.1",-0.113017784,0.638176032,-0.844477539,0.40518868,1,"Geno_at_37"
"P4ha2","ENSMUSG00000018906.14",-0.113007419,3.7997678,-0.527868324,0.60471371,1,"Geno_at_37"
"2210406O10Rik","ENSMUSG00000039563.6",-0.112998705,-0.468809248,-0.947852781,0.350892842,1,"Geno_at_37"
"Pcbp3","ENSMUSG00000001120.15",-0.112988605,4.23622957,-1.2152518,0.237096544,1,"Geno_at_37"
"Dpagt1","ENSMUSG00000032123.5",-0.112987044,5.23535292,-2.62788614,0.0134903985,1,"Geno_at_37"
"9430060I03Rik","ENSMUSG00000100632.1",0.112985451,-0.485809637,0.931200391,0.359296714,1,"Geno_at_37"
"3830406C13Rik","ENSMUSG00000033111.16",-0.112971579,4.10092612,-1.82300383,0.0784363213,1,"Geno_at_37"
"Zbtb8os","ENSMUSG00000057572.15",-0.112970833,3.88886732,-2.06114258,0.0481858272,1,"Geno_at_37"
"1810062O18Rik","ENSMUSG00000084925.8",0.112970151,0.92729942,0.963294156,0.343218108,1,"Geno_at_37"
"Gm16146","ENSMUSG00000089744.2",-0.112922243,-0.233853952,-0.986451474,0.33192125,1,"Geno_at_37"
"mt-Tr","ENSMUSG00000064361.1",-0.11291731,-0.572138334,-0.894004086,0.378544442,1,"Geno_at_37"
"Gm50037","ENSMUSG00000117603.1",-0.112898576,-0.336118778,-1.01332745,0.319130439,1,"Geno_at_37"
"Gmds","ENSMUSG00000038372.14",-0.112877693,4.38384154,-2.03595805,0.0508069947,1,"Geno_at_37"
"Gm15613","ENSMUSG00000080753.1",0.112872443,-0.434062693,0.773150638,0.445905875,1,"Geno_at_37"
"Cul9","ENSMUSG00000040327.16",-0.11286766,3.18253542,-1.41255312,0.168234415,1,"Geno_at_37"
"Bckdhb","ENSMUSG00000032263.14",-0.112856605,2.14645491,-1.32522864,0.195252458,1,"Geno_at_37"
"Slirp","ENSMUSG00000021040.15",0.112845421,1.82584539,1.13868319,0.263983883,1,"Geno_at_37"
"Rpl3-ps2","ENSMUSG00000084131.1",-0.112838272,4.22782188,-2.08102572,0.0462015101,1,"Geno_at_37"
"Gm5256","ENSMUSG00000100319.1",-0.112833483,0.223494332,-0.981452422,0.334338324,1,"Geno_at_37"
"Kctd12","ENSMUSG00000098557.1",0.112758353,2.61708574,1.19083436,0.243197917,1,"Geno_at_37"
"Tekt2","ENSMUSG00000028845.15",0.112746021,-0.583072904,0.955923234,0.346867466,1,"Geno_at_37"
"Rnf39","ENSMUSG00000036492.12",0.11274598,0.155670853,0.826486115,0.415152992,1,"Geno_at_37"
"Hrh3","ENSMUSG00000039059.11",-0.112732832,0.187694279,-0.787528169,0.437245049,1,"Geno_at_37"
"Erc1","ENSMUSG00000030172.15",0.112713106,5.01244617,2.8764136,0.00739434219,1,"Geno_at_37"
"Gm22334","ENSMUSG00000088695.1",0.112710301,-0.341216755,0.830365777,0.412991506,1,"Geno_at_37"
"Aldoart1","ENSMUSG00000059343.4",-0.112709181,2.8149775,-1.22449712,0.230438451,1,"Geno_at_37"
"Bicdl2","ENSMUSG00000043782.9",0.112692359,-0.331798441,1.03785793,0.307755609,1,"Geno_at_37"
"Sytl3","ENSMUSG00000041831.17",0.112690632,0.190336398,0.99957514,0.325632495,1,"Geno_at_37"
"Gm12749","ENSMUSG00000083512.1",-0.112683019,0.189565027,-0.956113947,0.346772718,1,"Geno_at_37"
"5730409E04Rik","ENSMUSG00000073755.4",-0.112677812,0.348422899,-0.841578457,0.406784068,1,"Geno_at_37"
"Stx19","ENSMUSG00000047854.5",0.112672851,-0.365358112,0.894201269,0.378440677,1,"Geno_at_37"
"Gm22301","ENSMUSG00000064590.1",0.112629511,-0.296808205,0.797980022,0.43124919,1,"Geno_at_37"
"Gm37986","ENSMUSG00000104212.1",0.112626028,-0.375748395,0.941791303,0.353936577,1,"Geno_at_37"
"Gm10257","ENSMUSG00000114759.1",0.112597002,3.77185332,1.82501436,0.078124567,1,"Geno_at_37"
"Cavin4","ENSMUSG00000028348.7",-0.112584416,1.52341153,-1.00857758,0.321365995,1,"Geno_at_37"
"Rpl39","ENSMUSG00000079641.3",-0.112562896,7.62658983,-3.02747209,0.00507594918,1,"Geno_at_37"
"AI661453","ENSMUSG00000034382.14",-0.112556636,1.76472264,-0.777429053,0.443821802,1,"Geno_at_37"
"Gm5566","ENSMUSG00000080002.2",-0.112462892,2.51704007,-1.35251601,0.186471408,1,"Geno_at_37"
"Sytl4","ENSMUSG00000031255.14",-0.112451698,-0.701863848,-1.22878489,0.228849797,1,"Geno_at_37"
"Tns4","ENSMUSG00000017607.9",0.11241868,1.96784225,1.05121115,0.301683645,1,"Geno_at_37"
"Gm15530","ENSMUSG00000081651.1",-0.112418186,-0.447228378,-0.872996131,0.389705042,1,"Geno_at_37"
"Gm10499","ENSMUSG00000073403.11",0.112410719,-0.781402203,0.944026004,0.3528124,1,"Geno_at_37"
"Gm20717","ENSMUSG00000093695.2",-0.112400558,-0.624935835,-1.14529998,0.26127734,1,"Geno_at_37"
"Dtwd1","ENSMUSG00000023330.12",-0.112344802,3.22184835,-1.59111818,0.122226986,1,"Geno_at_37"
"Gm42879","ENSMUSG00000106590.1",-0.112330822,-0.708268921,-1.09005187,0.284500778,1,"Geno_at_37"
"Pik3ip1","ENSMUSG00000034614.14",-0.112321688,5.35860601,-1.29387133,0.21139165,1,"Geno_at_37"
"Gm9027","ENSMUSG00000092029.1",0.112300305,2.85848502,1.45176795,0.157102643,1,"Geno_at_37"
"Gm42141","ENSMUSG00000105826.1",-0.112293775,2.05472648,-1.07528562,0.290949512,1,"Geno_at_37"
"A930033H14Rik","ENSMUSG00000090622.1",0.112292254,-0.511373151,0.994525462,0.328042556,1,"Geno_at_37"
"Gm13502","ENSMUSG00000083287.4",0.112276013,5.84843873,1.8956,0.0698171063,1,"Geno_at_37"
"Fam173a","ENSMUSG00000057411.9",0.112268355,4.78988121,2.65316615,0.0127037505,1,"Geno_at_37"
"Gm8738","ENSMUSG00000092540.1",-0.11224058,-0.375340809,-0.945711136,0.351966258,1,"Geno_at_37"
"A130023I24Rik","ENSMUSG00000050066.6",0.112205438,-0.132440463,0.740373889,0.465052246,1,"Geno_at_37"
"Rpl17-ps9","ENSMUSG00000066543.8",-0.112191073,0.657026394,-0.829120414,0.413684573,1,"Geno_at_37"
"Gm31342","ENSMUSG00000116289.1",-0.112171524,-0.554606028,-1.00350576,0.323764927,1,"Geno_at_37"
"Gm37963","ENSMUSG00000104399.1",-0.112140039,2.41486479,-1.43986033,0.160419053,1,"Geno_at_37"
"Zfp40","ENSMUSG00000002617.14",-0.112125286,2.67214666,-1.05384612,0.30061803,1,"Geno_at_37"
"Gm24262","ENSMUSG00000088056.1",0.112123016,-0.470148441,0.957110027,0.346278135,1,"Geno_at_37"
"Mbnl3","ENSMUSG00000036109.17",0.112111677,5.93855833,2.87449561,0.00742937752,1,"Geno_at_37"
"Gm37589","ENSMUSG00000104235.1",-0.112102714,1.09551625,-0.822144193,0.417580335,1,"Geno_at_37"
"Gm24239","ENSMUSG00000088416.1",0.112099488,-0.661008064,0.860098616,0.396660129,1,"Geno_at_37"
"Snhg9","ENSMUSG00000090101.1",-0.112094644,-0.198552847,-0.91771082,0.366201139,1,"Geno_at_37"
"Nanos1","ENSMUSG00000072437.4",0.112094262,4.78929961,1.86337532,0.0723764284,1,"Geno_at_37"
"0610040F04Rik","ENSMUSG00000087341.4",0.112069573,-0.592316409,1.07052187,0.293051831,1,"Geno_at_37"
"Syk","ENSMUSG00000021457.14",0.112046623,0.767925866,0.878224337,0.386908032,1,"Geno_at_37"
"Slc17a5","ENSMUSG00000049624.14",-0.112025095,4.32976205,-1.24739243,0.225165455,1,"Geno_at_37"
"Gm10688","ENSMUSG00000111637.1",-0.112004936,0.810325819,-0.825050696,0.415954488,1,"Geno_at_37"
"2510046G10Rik","ENSMUSG00000066175.2",-0.111972011,-0.00229957161,-1.14235398,0.262479874,1,"Geno_at_37"
"Hs1bp3","ENSMUSG00000020605.9",-0.111907946,3.12517731,-1.31167259,0.199731707,1,"Geno_at_37"
"Gm34084","ENSMUSG00000113010.1",0.111865661,-0.444931713,0.97622169,0.336880159,1,"Geno_at_37"
"Gm25363","ENSMUSG00000089475.1",-0.111840905,-0.475473476,-0.93031964,0.359744873,1,"Geno_at_37"
"Gm14239","ENSMUSG00000080237.2",0.11176139,-0.658017667,1.0120624,0.319724796,1,"Geno_at_37"
"Ppp2r3a","ENSMUSG00000043154.15",0.11170349,4.57978353,1.60445378,0.120048266,1,"Geno_at_37"
"Gm37940","ENSMUSG00000103899.1",-0.111688474,-0.385101021,-0.980478486,0.334810614,1,"Geno_at_37"
"Gm5452","ENSMUSG00000114687.1",-0.111673502,4.14082445,-1.65352672,0.108811302,1,"Geno_at_37"
"Rtl6","ENSMUSG00000055745.4",0.111636255,3.14478285,1.42659884,0.164177744,1,"Geno_at_37"
"Gm6087","ENSMUSG00000115684.1",0.111630829,3.5806405,1.42994991,0.163221426,1,"Geno_at_37"
"Gm7972","ENSMUSG00000109032.1",-0.111630792,1.16400755,-1.00130814,0.324808181,1,"Geno_at_37"
"Cdv3-ps","ENSMUSG00000090389.2",0.111616693,4.33450082,1.63332857,0.113012653,1,"Geno_at_37"
"Hcst","ENSMUSG00000064109.8",-0.111579768,2.73811256,-1.50962321,0.141760443,1,"Geno_at_37"
"Wwtr1","ENSMUSG00000027803.14",0.111574179,-0.139908948,0.777402162,0.443101844,1,"Geno_at_37"
"Vldlr","ENSMUSG00000024924.14",-0.111554611,2.12870525,-0.364398655,0.720239334,1,"Geno_at_37"
"AA914427","ENSMUSG00000103149.1",0.111525623,-0.121508371,0.972345904,0.338771975,1,"Geno_at_37"
"Gm20712","ENSMUSG00000093677.1",-0.111521641,2.09875312,-1.14548762,0.261200882,1,"Geno_at_37"
"Gm12387","ENSMUSG00000084220.1",0.111514004,-0.0567916358,0.990543071,0.329951793,1,"Geno_at_37"
"Irak3","ENSMUSG00000020227.10",-0.111488882,0.128627329,-0.770468206,0.447139448,1,"Geno_at_37"
"Ftl1-ps1","ENSMUSG00000062382.9",-0.111443296,6.3415065,-2.61812337,0.0138061211,1,"Geno_at_37"
"Gm25580","ENSMUSG00000065343.1",0.111439735,-0.10140395,0.928260335,0.360794162,1,"Geno_at_37"
"Map1b","ENSMUSG00000052727.6",0.111414802,1.24149338,0.821137747,0.41814424,1,"Geno_at_37"
"Sdc3","ENSMUSG00000025743.14",0.111402482,5.46049106,2.0458681,0.0499839687,1,"Geno_at_37"
"Gm5602","ENSMUSG00000086108.2",0.111390371,-0.456196163,1.10353926,0.278699986,1,"Geno_at_37"
"Gm8508","ENSMUSG00000049477.5",-0.111374987,2.87327858,-1.44161859,0.159925882,1,"Geno_at_37"
"Gm37233","ENSMUSG00000102336.1",0.111357234,2.86177868,1.26343824,0.216310333,1,"Geno_at_37"
"Gm37328","ENSMUSG00000103200.1",0.111352952,-0.0704980799,0.989210493,0.330592344,1,"Geno_at_37"
"Rpl21","ENSMUSG00000041453.12",-0.111295458,7.99383845,-3.22958967,0.00303415355,1,"Geno_at_37"
"Gbp2b","ENSMUSG00000040264.10",-0.111250844,3.51682994,-0.863062013,0.398612619,1,"Geno_at_37"
"Gm37954","ENSMUSG00000104060.1",-0.111223962,-0.466561071,-0.90422158,0.373191843,1,"Geno_at_37"
"Gm37893","ENSMUSG00000103928.1",0.111190792,2.90909104,1.24593054,0.222579097,1,"Geno_at_37"
"A630072L19Rik","ENSMUSG00000097160.2",-0.111173433,0.0672041051,-0.916082739,0.367040295,1,"Geno_at_37"
"A730091E23Rik","ENSMUSG00000113965.1",-0.111164764,0.117207529,-0.575239838,0.57063036,1,"Geno_at_37"
"Mt1","ENSMUSG00000031765.8",-0.111135788,7.05974152,-1.99682516,0.0581124482,1,"Geno_at_37"
"Tefm","ENSMUSG00000046909.9",-0.111120072,3.52180926,-1.66889407,0.105702491,1,"Geno_at_37"
"Cbln3","ENSMUSG00000040380.14",0.11111944,0.210991246,0.833160866,0.411438623,1,"Geno_at_37"
"Tmem86a","ENSMUSG00000010307.7",0.111088638,1.74392482,1.18259124,0.246400545,1,"Geno_at_37"
"Sfmbt1","ENSMUSG00000006527.16",0.111074774,5.00421991,2.59028227,0.0147445297,1,"Geno_at_37"
"D130019J16Rik","ENSMUSG00000104145.1",0.111036657,-0.142602488,0.764049009,0.450896852,1,"Geno_at_37"
"Tmem63a","ENSMUSG00000026519.16",-0.110971619,3.55637838,-1.62355609,0.115093142,1,"Geno_at_37"
"Gm14018","ENSMUSG00000084407.1",0.1109484,0.751468156,0.836363337,0.409663894,1,"Geno_at_37"
"Atxn7l1os1","ENSMUSG00000079143.3",0.110919452,0.451561406,0.726809784,0.473061979,1,"Geno_at_37"
"Gm20492","ENSMUSG00000092593.1",0.110917855,0.353852628,0.910715595,0.369815582,1,"Geno_at_37"
"Gm50464","ENSMUSG00000118487.1",0.110829329,1.14207033,1.04358553,0.305140818,1,"Geno_at_37"
"Gm45546","ENSMUSG00000110030.1",0.110748885,-0.255003071,0.860366524,0.396514861,1,"Geno_at_37"
"Gm12226","ENSMUSG00000078151.3",-0.110706638,2.93382752,-1.47815439,0.149948449,1,"Geno_at_37"
"Agap1","ENSMUSG00000055013.16",-0.110705507,5.89620217,-0.764115071,0.455755378,1,"Geno_at_37"
"Ocstamp","ENSMUSG00000027670.4",0.110704301,-0.329222278,1.05200889,0.301323573,1,"Geno_at_37"
"Traj24","ENSMUSG00000076905.2",-0.110694489,-0.133214997,-0.876684566,0.387730445,1,"Geno_at_37"
"Adamts14","ENSMUSG00000059901.12",0.110690055,1.25763978,0.89581016,0.377594702,1,"Geno_at_37"
"Snord92","ENSMUSG00000093289.1",0.110680876,-0.682497566,1.06254554,0.296595876,1,"Geno_at_37"
"Gm13719","ENSMUSG00000083864.1",0.110656871,-0.53938057,1.03872354,0.30735944,1,"Geno_at_37"
"Pcdhgc3","ENSMUSG00000102918.1",-0.110623439,2.17104484,-1.18594234,0.245094841,1,"Geno_at_37"
"Tlcd5","ENSMUSG00000048503.7",-0.110587151,2.00232543,-1.15125392,0.258859218,1,"Geno_at_37"
"Gm12312","ENSMUSG00000082145.1",0.110582491,2.26178456,1.24484327,0.22297287,1,"Geno_at_37"
"Gm23493","ENSMUSG00000080485.2",0.110556421,-0.619471019,1.18671234,0.244795545,1,"Geno_at_37"
"Ttc30b","ENSMUSG00000075273.4",-0.110523022,1.38472336,-0.823587623,0.416772414,1,"Geno_at_37"
"Gm15384","ENSMUSG00000086573.1",-0.110522318,-0.601418164,-0.880485916,0.385702121,1,"Geno_at_37"
"Msrb3","ENSMUSG00000051236.13",-0.110512512,1.70374814,-0.799233228,0.430882373,1,"Geno_at_37"
"Zfp994","ENSMUSG00000096433.2",0.110487964,2.79289172,1.34902572,0.187577178,1,"Geno_at_37"
"Bank1","ENSMUSG00000037922.13",-0.110456531,1.96045956,-0.933841061,0.357955257,1,"Geno_at_37"
"Slc14a1","ENSMUSG00000059336.14",0.110452444,1.28272464,0.682442024,0.501024467,1,"Geno_at_37"
"Gm12490","ENSMUSG00000081569.1",-0.110434705,0.636053074,-0.853923932,0.400017591,1,"Geno_at_37"
"Gm20628","ENSMUSG00000093656.1",0.11037981,-0.464268778,1.05094296,0.301804765,1,"Geno_at_37"
"Gm32999","ENSMUSG00000102363.1",0.110373209,-0.520261827,0.952950322,0.348346685,1,"Geno_at_37"
"Pnma1","ENSMUSG00000054383.2",0.110372992,-0.0909801284,0.875027561,0.388616725,1,"Geno_at_37"
"Fos","ENSMUSG00000021250.13",-0.11035501,3.48661392,-0.391906741,0.70022861,1,"Geno_at_37"
"Gm43604","ENSMUSG00000105349.1",-0.110333221,1.09366952,-0.966969306,0.341408203,1,"Geno_at_37"
"Gm12333","ENSMUSG00000085765.1",-0.110302471,-0.595450126,-0.959685731,0.345001413,1,"Geno_at_37"
"Gm38380","ENSMUSG00000102664.1",0.11030247,0.519270263,0.625650217,0.536959687,1,"Geno_at_37"
"Carmil3","ENSMUSG00000022211.9",0.110293274,1.14005314,0.861231521,0.396046063,1,"Geno_at_37"
"P3h4","ENSMUSG00000006931.15",0.110290046,2.15035301,0.972776362,0.33856151,1,"Geno_at_37"
"Gm47950","ENSMUSG00000111793.1",-0.110264781,2.16011763,-1.2476307,0.221964412,1,"Geno_at_37"
"Magix","ENSMUSG00000031147.8",0.11021146,-0.413575095,0.861993152,0.395633577,1,"Geno_at_37"
"Gm49928","ENSMUSG00000117129.1",0.110204054,-0.730649569,1.16335232,0.253995917,1,"Geno_at_37"
"Gm35019","ENSMUSG00000115326.1",0.110195869,0.111033498,0.887961025,0.381733471,1,"Geno_at_37"
"Gm47132","ENSMUSG00000113610.1",0.110167944,-0.561181196,1.0436077,0.30513073,1,"Geno_at_37"
"Smtn","ENSMUSG00000020439.17",-0.110138268,2.34520013,-1.33457819,0.192208535,1,"Geno_at_37"
"Hectd2os","ENSMUSG00000087579.7",0.110079396,-0.364051522,0.88365652,0.384015573,1,"Geno_at_37"
"Rpl30-ps1","ENSMUSG00000057696.4",-0.110057728,-0.219604941,-0.992055742,0.329225699,1,"Geno_at_37"
"Gm42464","ENSMUSG00000104756.1",0.110044797,0.202649319,0.84258265,0.406231007,1,"Geno_at_37"
"Slc5a10","ENSMUSG00000042371.12",0.109993277,-0.296161658,1.20810492,0.236587891,1,"Geno_at_37"
"Gm13522","ENSMUSG00000086447.2",0.109980153,-0.697291547,1.17378792,0.249855013,1,"Geno_at_37"
"Gm50232","ENSMUSG00000117743.1",-0.10996629,0.663823682,-0.775533424,0.444187838,1,"Geno_at_37"
"AC113595.1","ENSMUSG00000115902.1",0.109950893,3.80241437,1.39132375,0.174580598,1,"Geno_at_37"
"Tes3-ps","ENSMUSG00000113255.1",0.10993223,3.82483605,1.97058668,0.0582044515,1,"Geno_at_37"
"Maml2","ENSMUSG00000031925.17",0.109903946,3.95250061,1.36959183,0.181706043,1,"Geno_at_37"
"Zfp974","ENSMUSG00000070709.12",-0.109807351,2.90745314,-1.19584101,0.241267804,1,"Geno_at_37"
"Gm47941","ENSMUSG00000112093.1",-0.109800108,-0.429833039,-0.959073429,0.345304632,1,"Geno_at_37"
"Apon","ENSMUSG00000051716.6",-0.109784562,-0.127477799,-0.941666538,0.353999411,1,"Geno_at_37"
"Rps6kl1","ENSMUSG00000019235.9",0.109756404,0.994178999,0.988589482,0.330891143,1,"Geno_at_37"
"Gm10416","ENSMUSG00000105044.1",-0.1097535,0.219157218,-0.718953936,0.477817209,1,"Geno_at_37"
"Ccr9","ENSMUSG00000029530.16",0.109745372,-0.485590198,0.696229345,0.492551897,1,"Geno_at_37"
"Kcnj8","ENSMUSG00000030247.9",0.109717678,0.701110541,0.905239413,0.372661346,1,"Geno_at_37"
"Khdrbs3","ENSMUSG00000022332.8",-0.10968866,-0.185952667,-0.937276136,0.356215208,1,"Geno_at_37"
"Mab21l3","ENSMUSG00000044313.13",-0.10967857,4.2904037,-1.04454003,0.308963471,1,"Geno_at_37"
"Grina","ENSMUSG00000022564.7",-0.109673069,6.05272629,-2.21953555,0.0345006108,1,"Geno_at_37"
"Ccdc33","ENSMUSG00000037716.15",0.109668731,-0.634653971,1.05293756,0.300904775,1,"Geno_at_37"
"Tmem125","ENSMUSG00000050854.9",-0.109653894,0.842471554,-0.900873788,0.374940187,1,"Geno_at_37"
"Mir7682","ENSMUSG00000106406.1",0.109653727,-0.597078122,1.09255546,0.283417561,1,"Geno_at_37"
"Gm43330","ENSMUSG00000106341.1",0.109646387,0.165583723,0.750196034,0.45906928,1,"Geno_at_37"
"Gm31172","ENSMUSG00000110374.1",0.109615069,-0.685522486,1.11178799,0.275194246,1,"Geno_at_37"
"Gm9392","ENSMUSG00000087298.3",0.109603386,5.28544521,2.58536246,0.014916377,1,"Geno_at_37"
"Gm20100","ENSMUSG00000110245.1",0.109567011,-0.848187817,1.27898762,0.210855605,1,"Geno_at_37"
"Gm20511","ENSMUSG00000092371.1",-0.109561528,0.46091229,-0.879350854,0.386307052,1,"Geno_at_37"
"Ifitm7","ENSMUSG00000065968.8",-0.109532138,-0.179458424,-0.874175632,0.389072899,1,"Geno_at_37"
"Fmo5","ENSMUSG00000028088.14",-0.109526357,1.44852221,-1.0104997,0.320460046,1,"Geno_at_37"
"Zfp235","ENSMUSG00000047603.9",-0.109497023,2.64466455,-1.25678791,0.218675621,1,"Geno_at_37"
"Slamf9","ENSMUSG00000026548.4",-0.109483485,1.42252856,-1.01002374,0.320684215,1,"Geno_at_37"
"Slc2a8","ENSMUSG00000026791.14",-0.10947101,2.3631872,-1.20700895,0.237003347,1,"Geno_at_37"
"Serpina3i","ENSMUSG00000079014.4",-0.109453602,-0.826522353,-1.15835817,0.255995298,1,"Geno_at_37"
"Vhl-ps1","ENSMUSG00000092408.1",-0.109433329,-0.716419469,-1.23578103,0.226275296,1,"Geno_at_37"
"Gm10180","ENSMUSG00000066809.1",-0.109428329,0.649452542,-0.889143698,0.381107994,1,"Geno_at_37"
"Nmnat2","ENSMUSG00000042751.14",0.109420902,0.27282305,0.9057331,0.372404212,1,"Geno_at_37"
"Gm41541","ENSMUSG00000117070.1",0.109361944,-0.592994243,1.20371997,0.23825338,1,"Geno_at_37"
"Gm26646","ENSMUSG00000097685.2",0.109340311,-0.612804097,1.14385356,0.261867257,1,"Geno_at_37"
"Rps13-ps2","ENSMUSG00000069972.6",-0.10932709,6.92510296,-2.76131731,0.00979669768,1,"Geno_at_37"
"Gm18101","ENSMUSG00000110726.1",-0.109298249,1.41694049,-0.960864155,0.344418347,1,"Geno_at_37"
"n-R5s183","ENSMUSG00000065873.1",0.109282853,-0.547897787,0.853816186,0.400076337,1,"Geno_at_37"
"Gm18368","ENSMUSG00000115107.1",-0.109276933,-0.542114231,-1.00549039,0.322824755,1,"Geno_at_37"
"Dmpk","ENSMUSG00000030409.16",-0.109262431,0.502058763,-0.923643531,0.363153917,1,"Geno_at_37"
"Gm37083","ENSMUSG00000102852.1",0.109252188,0.294200574,1.02892665,0.311863994,1,"Geno_at_37"
"Gm17092","ENSMUSG00000091623.2",-0.10921844,1.41889031,-1.10166457,0.279501171,1,"Geno_at_37"
"Wnt5b","ENSMUSG00000030170.14",-0.109171836,0.030480424,-0.800724599,0.42968307,1,"Geno_at_37"
"Mrvi1","ENSMUSG00000005611.15",0.109149681,2.32463229,1.1492772,0.259660226,1,"Geno_at_37"
"Tmem63c","ENSMUSG00000034145.14",-0.109136542,-0.803921566,-1.34713751,0.188177506,1,"Geno_at_37"
"Enpep","ENSMUSG00000028024.14",-0.109124698,1.1707709,-0.77231948,0.446059313,1,"Geno_at_37"
"Traj8","ENSMUSG00000076920.1",0.109120183,-0.0242345756,0.8513731,0.401409826,1,"Geno_at_37"
"2510016D11Rik","ENSMUSG00000106825.1",-0.109110461,0.419541,-1.00333814,0.32384442,1,"Geno_at_37"
"Gm10335","ENSMUSG00000071532.6",0.109085259,2.02456843,1.16291111,0.254172092,1,"Geno_at_37"
"Lrrc1","ENSMUSG00000032352.16",0.109081495,2.89036034,1.54781784,0.132311712,1,"Geno_at_37"
"mt-Ti","ENSMUSG00000064342.1",-0.109034974,-0.591138185,-0.953089181,0.3482775,1,"Geno_at_37"
"AL645861.1","ENSMUSG00000118502.1",0.10899699,0.420550558,0.865121635,0.39394211,1,"Geno_at_37"
"Gm42729","ENSMUSG00000106696.1",-0.108993439,0.0440461671,-0.712287557,0.48189,1,"Geno_at_37"
"Lair1","ENSMUSG00000055541.17",-0.108987524,5.07468248,-2.5228766,0.0172663287,1,"Geno_at_37"
"Gm26533","ENSMUSG00000097748.1",-0.108962658,-0.580956857,-0.918599345,0.3657437,1,"Geno_at_37"
"Rgs12","ENSMUSG00000029101.16",-0.108956705,3.70363486,-1.68963732,0.101623931,1,"Geno_at_37"
"Scd1","ENSMUSG00000037071.3",0.108953123,8.24559174,1.10137196,0.286705507,1,"Geno_at_37"
"Gpr137b-ps","ENSMUSG00000097715.2",-0.10891697,1.46199314,-0.867018704,0.392918672,1,"Geno_at_37"
"Slco4c1","ENSMUSG00000040693.7",0.108888578,-0.213753476,0.809808943,0.42452416,1,"Geno_at_37"
"Gm11964","ENSMUSG00000081021.1",0.108854921,1.74925949,1.1219191,0.270931936,1,"Geno_at_37"
"Gm43034","ENSMUSG00000106662.1",0.108837601,-0.617946332,1.05239659,0.301148686,1,"Geno_at_37"
"Gm49329","ENSMUSG00000113642.1",0.108837308,-0.598769093,1.04822804,0.303032801,1,"Geno_at_37"
"Gm7004","ENSMUSG00000115743.1",0.108828796,2.59420838,1.26443747,0.215956619,1,"Geno_at_37"
"Mir7052","ENSMUSG00000098661.1",0.108812774,-0.610982193,0.870313427,0.391145254,1,"Geno_at_37"
"Rag1","ENSMUSG00000061311.6",-0.108806948,0.748160069,-0.715014779,0.480211933,1,"Geno_at_37"
"Gm11802","ENSMUSG00000086052.1",-0.108793239,-0.639476008,-1.07645546,0.290434875,1,"Geno_at_37"
"Gm1123","ENSMUSG00000044860.9",-0.108790643,-0.575466325,-0.904672671,0.372956673,1,"Geno_at_37"
"Arl15","ENSMUSG00000042348.10",-0.108779559,3.4270507,-1.46549019,0.153348852,1,"Geno_at_37"
"C030029H02Rik","ENSMUSG00000110027.1",-0.108766334,0.788497832,-0.780648587,0.441219022,1,"Geno_at_37"
"Traj32","ENSMUSG00000076897.1",0.108747979,-0.379721548,0.74686274,0.461279557,1,"Geno_at_37"
"Spi1","ENSMUSG00000002111.8",-0.108732985,-0.633997747,-1.17257116,0.250335263,1,"Geno_at_37"
"Gm13380","ENSMUSG00000085206.1",-0.108721344,-0.604934936,-0.889502441,0.380918397,1,"Geno_at_37"
"Cldn2","ENSMUSG00000047230.6",-0.108716202,2.12920697,-0.758521105,0.455409458,1,"Geno_at_37"
"Mageh1","ENSMUSG00000047238.4",0.108703389,-0.709249749,1.20609099,0.237351744,1,"Geno_at_37"
"Mansc4","ENSMUSG00000072662.2",0.108694643,-0.496501715,0.857300805,0.398179208,1,"Geno_at_37"
"Gm47794","ENSMUSG00000114907.1",-0.108667968,-0.00518209118,-0.8008718,0.429599171,1,"Geno_at_37"
"Tom1l1","ENSMUSG00000020541.12",0.108667291,1.83109629,1.01541512,0.318151256,1,"Geno_at_37"
"Gm5532","ENSMUSG00000073535.5",0.108652919,-0.197393946,0.796231979,0.432248477,1,"Geno_at_37"
"Zbtb49","ENSMUSG00000029127.15",0.10862193,3.45865141,1.56692083,0.127781917,1,"Geno_at_37"
"Baiap2l2","ENSMUSG00000018126.15",-0.108599655,0.770190408,-0.95706244,0.346301752,1,"Geno_at_37"
"Zfp174","ENSMUSG00000054939.6",0.108595378,0.865847206,0.803420167,0.428148301,1,"Geno_at_37"
"Phospho1","ENSMUSG00000050860.6",0.108591106,-0.464859157,0.845647631,0.404545884,1,"Geno_at_37"
"Wee2","ENSMUSG00000037159.11",-0.108555157,-0.742498406,-0.985638354,0.332313589,1,"Geno_at_37"
"Gm47092","ENSMUSG00000110738.1",-0.108527209,-0.563436665,-0.874380582,0.388963125,1,"Geno_at_37"
"Naaladl1","ENSMUSG00000054999.2",-0.108509559,1.47594453,-0.958176693,0.345749028,1,"Geno_at_37"
"Gm44434","ENSMUSG00000107813.1",-0.108509413,0.443715256,-0.590043346,0.560433235,1,"Geno_at_37"
"Gemin4","ENSMUSG00000049396.6",-0.10850643,-0.399636736,-0.965069467,0.342343015,1,"Geno_at_37"
"D17H6S53E","ENSMUSG00000043311.7",0.10850221,3.724779,1.50403782,0.143186802,1,"Geno_at_37"
"Mx2","ENSMUSG00000023341.15",0.108487672,1.1444422,0.803911747,0.427868773,1,"Geno_at_37"
"Gm49727","ENSMUSG00000116836.1",0.10848391,-0.192424899,0.899803431,0.375500289,1,"Geno_at_37"
"Gm45845","ENSMUSG00000109427.1",0.108462056,-0.749514583,1.22635367,0.229749578,1,"Geno_at_37"
"Faddos","ENSMUSG00000073778.2",0.108420584,-0.379631101,0.788718634,0.436559585,1,"Geno_at_37"
"Hk3","ENSMUSG00000025877.14",0.108413852,-0.21414264,0.930295897,0.359756959,1,"Geno_at_37"
"Gm8602","ENSMUSG00000098779.2",0.108413628,-0.2811433,0.885344066,0.383119849,1,"Geno_at_37"
"Gm32051","ENSMUSG00000106438.1",-0.108408447,-0.624005722,-0.931720884,0.359032042,1,"Geno_at_37"
"Clip2","ENSMUSG00000063146.11",-0.108403223,2.74068573,-1.376371,0.179048961,1,"Geno_at_37"
"Hus1","ENSMUSG00000020413.11",0.108368532,5.30373606,2.76660151,0.00967199947,1,"Geno_at_37"
"Fgfrl1","ENSMUSG00000008090.14",-0.108345943,1.81839534,-0.926219045,0.361836263,1,"Geno_at_37"
"Zkscan8","ENSMUSG00000063894.15",0.108321026,4.84881548,1.92791159,0.0635265918,1,"Geno_at_37"
"Lrrc28","ENSMUSG00000030556.13",-0.108279924,3.92604068,-1.81879648,0.0790921649,1,"Geno_at_37"
"Gm50019","ENSMUSG00000117371.1",0.108269292,-0.290505207,0.892545485,0.379312588,1,"Geno_at_37"
"Fam171a2","ENSMUSG00000034685.4",0.10826515,-0.10222099,0.986187806,0.332048438,1,"Geno_at_37"
"Gm10767","ENSMUSG00000074826.10",-0.10824365,0.656825933,-0.850049072,0.40213368,1,"Geno_at_37"
"Samd10","ENSMUSG00000038605.11",-0.108239513,3.66871605,-1.81478003,0.0797226182,1,"Geno_at_37"
"Sync","ENSMUSG00000001333.9",-0.108180722,-0.416810333,-0.795112463,0.4328892,1,"Geno_at_37"
"Gm23475","ENSMUSG00000089504.1",0.108139976,-0.551477688,1.04369375,0.305091565,1,"Geno_at_37"
"6430710M23Rik","ENSMUSG00000110127.1",-0.108139351,-0.25365863,-0.857026171,0.39832852,1,"Geno_at_37"
"Rad51","ENSMUSG00000027323.10",0.108138018,6.7387726,2.98652368,0.00562510238,1,"Geno_at_37"
"9130230L23Rik","ENSMUSG00000054598.13",0.108126371,-0.718758044,1.12990916,0.267604098,1,"Geno_at_37"
"Gm22061","ENSMUSG00000064491.1",0.108103519,-0.191308414,0.815630582,0.421238207,1,"Geno_at_37"
"Gm20337","ENSMUSG00000112880.1",0.10809834,-0.312629947,1.01873665,0.316597625,1,"Geno_at_37"
"Traj28","ENSMUSG00000076901.1",0.108066423,-0.0212789822,0.812608894,0.4229418,1,"Geno_at_37"
"Gm3604","ENSMUSG00000094942.7",-0.108061216,2.15423431,-0.920131128,0.364955975,1,"Geno_at_37"
"Htr2b","ENSMUSG00000026228.6",-0.108054191,0.280755586,-0.716774653,0.479141206,1,"Geno_at_37"
"Zfp831","ENSMUSG00000050600.5",-0.107984909,3.56020748,-1.31614374,0.19824569,1,"Geno_at_37"
"Atraid","ENSMUSG00000013622.15",-0.107942246,4.34415427,-2.20082789,0.035707708,1,"Geno_at_37"
"Pilrb1","ENSMUSG00000066684.10",-0.107933424,-0.149273275,-0.942564257,0.35354747,1,"Geno_at_37"
"Gm46436","ENSMUSG00000113379.1",0.107930069,-0.315540607,0.814552865,0.421845325,1,"Geno_at_37"
"Fermt1","ENSMUSG00000027356.8",-0.107912709,4.4279394,-1.43373049,0.163383086,1,"Geno_at_37"
"Antxr1","ENSMUSG00000033420.12",0.107910179,-0.398717235,1.03128345,0.310776192,1,"Geno_at_37"
"Mcidas","ENSMUSG00000074651.3",0.107886274,-0.175650804,0.748605339,0.460013251,1,"Geno_at_37"
"Gm44931","ENSMUSG00000108643.1",-0.107861817,-0.0613624038,-0.932408462,0.358682604,1,"Geno_at_37"
"Eid2","ENSMUSG00000046058.7",0.107849336,1.83299599,1.03911603,0.307179926,1,"Geno_at_37"
"Gm10571","ENSMUSG00000073753.4",0.107808265,-0.594263557,0.974984018,0.337483504,1,"Geno_at_37"
"Sec61g","ENSMUSG00000078974.10",0.107753086,2.26750403,1.42915253,0.16344858,1,"Geno_at_37"
"Gm47251","ENSMUSG00000113238.1",-0.107743303,1.35884699,-0.971226341,0.339319779,1,"Geno_at_37"
"Gm1141","ENSMUSG00000073130.10",0.10774128,-0.626051731,0.933162641,0.358299577,1,"Geno_at_37"
"Gm5648","ENSMUSG00000083668.1",0.107685148,4.24771344,1.90657547,0.0663425547,1,"Geno_at_37"
"Gm8034","ENSMUSG00000094281.1",0.107677834,0.0893728232,0.860351076,0.396523236,1,"Geno_at_37"
"Gm42793","ENSMUSG00000105954.1",0.107677537,-0.872914378,1.19805025,0.240419731,1,"Geno_at_37"
"Myof","ENSMUSG00000048612.16",-0.107646237,7.71459923,-2.52002347,0.0177085325,1,"Geno_at_37"
"Gm41790","ENSMUSG00000118379.1",0.107641889,-0.0728980878,0.91450162,0.367856452,1,"Geno_at_37"
"Gm8503","ENSMUSG00000082244.1",-0.107598672,0.826839663,-0.97906551,0.33549661,1,"Geno_at_37"
"Gm24188","ENSMUSG00000088605.1",-0.107578521,-0.670843437,-0.973138309,0.338384611,1,"Geno_at_37"
"Prob1","ENSMUSG00000073600.5",0.107571479,0.538232272,0.762672613,0.451704951,1,"Geno_at_37"
"Gm45266","ENSMUSG00000109719.1",0.107571329,-0.305293267,0.93410665,0.357820522,1,"Geno_at_37"
"Gm6525","ENSMUSG00000104043.1",0.107541107,-0.482270395,0.832716947,0.41168501,1,"Geno_at_37"
"Gm43167","ENSMUSG00000106992.1",-0.107535182,-0.329798751,-0.973574923,0.338171302,1,"Geno_at_37"
"Gm5920","ENSMUSG00000100839.1",0.107533035,0.209651314,0.739685655,0.4653276,1,"Geno_at_37"
"Tmem74b","ENSMUSG00000044364.5",0.107521863,-0.685394237,0.969458085,0.340186205,1,"Geno_at_37"
"Mir421","ENSMUSG00000065509.3",0.107507935,-0.571043128,1.04004132,0.306757007,1,"Geno_at_37"
"Wdfy1","ENSMUSG00000073643.11",-0.107467362,4.20084427,-1.99729416,0.0550754187,1,"Geno_at_37"
"Ucp3","ENSMUSG00000032942.14",-0.107459394,-0.0427368726,-0.974467037,0.337735739,1,"Geno_at_37"
"Fars2","ENSMUSG00000021420.13",-0.10743202,3.84556011,-1.55286906,0.131101403,1,"Geno_at_37"
"4931428F04Rik","ENSMUSG00000014837.15",-0.107412626,2.6650166,-1.22501659,0.230245546,1,"Geno_at_37"
"Cnpy4","ENSMUSG00000036968.15",-0.107399269,4.54693772,-2.28248202,0.0298352945,1,"Geno_at_37"
"Gria3","ENSMUSG00000001986.16",-0.107391785,0.678094594,-0.906518986,0.371995126,1,"Geno_at_37"
"Dnaja4","ENSMUSG00000032285.15",0.107365242,2.62306911,1.43338148,0.162246718,1,"Geno_at_37"
"Gm43990","ENSMUSG00000108048.1",0.107359368,-0.845896073,1.26583791,0.215461625,1,"Geno_at_37"
"Snord34","ENSMUSG00000065878.1",-0.10734093,-0.398037707,-1.00052678,0.325179665,1,"Geno_at_37"
"Gm2027","ENSMUSG00000112795.1",-0.107296695,0.845831162,-0.845080565,0.404857325,1,"Geno_at_37"
"Gm16425","ENSMUSG00000083218.2",0.1072889,0.817114504,0.82209829,0.417606044,1,"Geno_at_37"
"Tmem274","ENSMUSG00000087198.4",0.107286403,-0.332615554,0.854796773,0.3995419,1,"Geno_at_37"
"Celf3","ENSMUSG00000028137.9",-0.107276139,0.838172461,-0.819843747,0.418869952,1,"Geno_at_37"
"Slpi","ENSMUSG00000017002.14",-0.107251792,-0.27997677,-0.780417774,0.441352727,1,"Geno_at_37"
"Rnase4","ENSMUSG00000021876.15",-0.107244589,3.38612534,-0.6428702,0.528779777,1,"Geno_at_37"
"Tbxa2r","ENSMUSG00000034881.8",-0.107216013,3.98004408,-1.75461592,0.0896918014,1,"Geno_at_37"
"Gm37053","ENSMUSG00000103348.1",-0.107199743,-0.0376593816,-0.903382761,0.373629407,1,"Geno_at_37"
"Gm6612","ENSMUSG00000058357.2",0.107193905,-0.532732243,0.938237465,0.355729249,1,"Geno_at_37"
"Gm38375","ENSMUSG00000103507.1",0.107175703,0.6465512,0.780276277,0.441434705,1,"Geno_at_37"
"Gm11189","ENSMUSG00000058073.4",0.107175223,0.631126787,0.822869177,0.417174424,1,"Geno_at_37"
"Evpl","ENSMUSG00000034282.3",-0.107160259,4.69630129,-1.09095622,0.288863085,1,"Geno_at_37"
"Gm34882","ENSMUSG00000103613.1",0.107154487,-0.691140913,1.00555091,0.322796117,1,"Geno_at_37"
"AA413626","ENSMUSG00000084381.1",0.107153568,0.226179398,0.757333453,0.454847773,1,"Geno_at_37"
"Gm14036","ENSMUSG00000082399.1",0.107117434,2.46445111,1.01298749,0.319290088,1,"Geno_at_37"
"Gm8173","ENSMUSG00000100555.1",0.107101788,-0.0882555337,1.04179539,0.305956392,1,"Geno_at_37"
"A430057M04Rik","ENSMUSG00000090564.9",0.107067054,0.425940965,0.754897456,0.456285981,1,"Geno_at_37"
"Fgd4","ENSMUSG00000022788.16",0.107057718,-0.592732595,0.884838276,0.383388174,1,"Geno_at_37"
"Efcab5","ENSMUSG00000050944.14",0.107049118,0.828247973,0.759042061,0.453840618,1,"Geno_at_37"
"Selenoo","ENSMUSG00000035757.16",-0.107015222,3.20649309,-1.43122583,0.162858472,1,"Geno_at_37"
"Gm44851","ENSMUSG00000108436.1",0.106993652,2.51667465,1.17342627,0.249997686,1,"Geno_at_37"
"Ogfod2","ENSMUSG00000023707.13",-0.106991888,4.16355659,-2.09585142,0.0447693339,1,"Geno_at_37"
"Gm38227","ENSMUSG00000103940.1",0.106975167,-0.127927721,0.740026612,0.4651238,1,"Geno_at_37"
"Gm33195","ENSMUSG00000113780.1",-0.106938757,-0.114023487,-0.908562226,0.370932908,1,"Geno_at_37"
"Gm46432","ENSMUSG00000114827.1",-0.106893089,1.68225747,-1.07406517,0.291487096,1,"Geno_at_37"
"Gm15696","ENSMUSG00000083853.1",-0.106843305,0.475061325,-0.980515174,0.334792814,1,"Geno_at_37"
"Gm38560","ENSMUSG00000112375.1",0.106836649,-0.41320086,0.932654728,0.358557502,1,"Geno_at_37"
"Ptpru","ENSMUSG00000028909.17",-0.106835695,-0.134002303,-0.807065148,0.426078309,1,"Geno_at_37"
"Hacd1","ENSMUSG00000063275.15",0.106815522,0.634279233,0.859163676,0.397167348,1,"Geno_at_37"
"Lysmd1","ENSMUSG00000053769.5",0.106809218,2.38187012,1.36408913,0.182841101,1,"Geno_at_37"
"Snx29","ENSMUSG00000071669.14",0.106774462,2.1440505,1.30736036,0.201172999,1,"Geno_at_37"
"Serpinb2","ENSMUSG00000062345.10",-0.106770122,0.651943191,-0.759740006,0.453429588,1,"Geno_at_37"
"Rps8","ENSMUSG00000047675.15",-0.10676932,8.52190141,-2.52444835,0.0178566327,1,"Geno_at_37"
"Gm44669","ENSMUSG00000109115.1",0.106758408,-0.304506111,0.887859846,0.381787013,1,"Geno_at_37"
"Gm31645","ENSMUSG00000117358.1",0.106745909,0.371887361,0.957659254,0.34600563,1,"Geno_at_37"
"Gm13199","ENSMUSG00000056718.2",-0.106726544,1.4929621,-1.04790995,0.303176911,1,"Geno_at_37"
"Fzd9","ENSMUSG00000049551.2",0.106711932,-0.449810316,0.936949861,0.356380243,1,"Geno_at_37"
"Gm45592","ENSMUSG00000109810.1",-0.106700897,0.00722160034,-0.900687766,0.375037491,1,"Geno_at_37"
"Gm49959","ENSMUSG00000117030.1",0.106696229,1.42979383,0.910173708,0.370096546,1,"Geno_at_37"
"Sytl1","ENSMUSG00000028860.13",-0.106671164,4.48154465,-1.48206559,0.149769486,1,"Geno_at_37"
"Gm47167","ENSMUSG00000113907.1",0.10662404,-0.69149679,1.06986048,0.293344559,1,"Geno_at_37"
"Cntd1","ENSMUSG00000078653.4",-0.106613538,0.642624431,-0.868361649,0.392195201,1,"Geno_at_37"
"Gm28437","ENSMUSG00000101111.1",-0.106573094,0.555224537,-0.841549453,0.406800049,1,"Geno_at_37"
"Cxadr","ENSMUSG00000022865.14",0.10656957,1.15780776,0.915282716,0.36745311,1,"Geno_at_37"
"Tchh","ENSMUSG00000052415.5",0.106550267,-0.715759685,1.14475577,0.261499178,1,"Geno_at_37"
"Rragd","ENSMUSG00000028278.14",0.106542815,6.85748061,1.74064637,0.0965228613,1,"Geno_at_37"
"Gm17815","ENSMUSG00000105093.1",-0.106527423,0.116997063,-0.880944259,0.38545802,1,"Geno_at_37"
"Traj15","ENSMUSG00000076914.1",-0.106482736,0.22369411,-0.883074564,0.384324778,1,"Geno_at_37"
"Sgsh","ENSMUSG00000005043.13",0.10647992,2.8772055,1.20431966,0.238025096,1,"Geno_at_37"
"Gm6192","ENSMUSG00000118220.1",0.106474524,-0.142987938,0.724945203,0.474188146,1,"Geno_at_37"
"Tanc2","ENSMUSG00000053580.16",0.106451719,3.94402406,1.43516613,0.161741634,1,"Geno_at_37"
"BC065397","ENSMUSG00000087368.7",0.106421183,1.32599987,0.951653437,0.348993289,1,"Geno_at_37"
"H3c4","ENSMUSG00000099583.2",-0.106402661,-0.480079834,-1.02633133,0.313064936,1,"Geno_at_37"
"Gm5069","ENSMUSG00000055676.4",-0.10639871,-0.422721392,-0.947702637,0.350968024,1,"Geno_at_37"
"Fzd10","ENSMUSG00000081683.5",0.106351738,-0.862256905,1.21681137,0.233306687,1,"Geno_at_37"
"Mir8119","ENSMUSG00000099070.1",-0.106348011,-0.618815875,-1.04403916,0.30493439,1,"Geno_at_37"
"Plau","ENSMUSG00000021822.3",-0.106299696,4.66893355,-1.18064813,0.25122697,1,"Geno_at_37"
"Gm12430","ENSMUSG00000081152.1",0.106271525,2.53255027,1.51288501,0.140932786,1,"Geno_at_37"
"Gm38302","ENSMUSG00000103391.1",0.106197444,0.123063281,0.761837155,0.452195878,1,"Geno_at_37"
"Trim43a","ENSMUSG00000090693.4",0.106190271,-0.0213273102,0.853725068,0.400126021,1,"Geno_at_37"
"Acy1","ENSMUSG00000023262.13",-0.106181362,3.75020995,-1.48889527,0.147112083,1,"Geno_at_37"
"Pdcd5","ENSMUSG00000030417.15",-0.106149913,3.96524019,-1.81472367,0.0797314956,1,"Geno_at_37"
"Arhgap18","ENSMUSG00000039031.16",-0.106146837,4.61791882,-2.17402413,0.0378502113,1,"Geno_at_37"
"Ddr2","ENSMUSG00000026674.9",0.106134452,-0.570130421,1.00328749,0.323868442,1,"Geno_at_37"
"BC048559","ENSMUSG00000102114.2",0.106128974,-0.122331538,1.00810266,0.32159011,1,"Geno_at_37"
"Creld1","ENSMUSG00000030284.11",0.106127724,2.95521794,1.38923223,0.175144142,1,"Geno_at_37"
"2010110K18Rik","ENSMUSG00000097755.2",-0.106118015,1.46352686,-0.991361574,0.32955877,1,"Geno_at_37"
"Gm50105","ENSMUSG00000117818.1",0.106094732,1.54534044,0.998247933,0.326264756,1,"Geno_at_37"
"Mxd1","ENSMUSG00000001156.9",0.106089948,7.05045033,1.75719295,0.0936358328,1,"Geno_at_37"
"Gm6023","ENSMUSG00000081159.1",-0.106084897,0.392342138,-0.981474072,0.33432783,1,"Geno_at_37"
"Raet1d","ENSMUSG00000078452.10",0.10604914,-0.595891856,0.784837682,0.438886427,1,"Geno_at_37"
"A930028N01Rik","ENSMUSG00000114796.1",-0.10604067,-0.565649342,-0.880124102,0.385894884,1,"Geno_at_37"
"Stard5","ENSMUSG00000046027.17",-0.10601676,4.03206755,-1.90339787,0.0667710564,1,"Geno_at_37"
"Aldh5a1","ENSMUSG00000035936.6",0.105991131,1.06805295,0.782722253,0.440018889,1,"Geno_at_37"
"9130019O22Rik","ENSMUSG00000030823.6",0.105986285,2.56135779,1.16772763,0.252253693,1,"Geno_at_37"
"Gm20379","ENSMUSG00000100622.1",-0.105968803,-0.367618875,-0.802500117,0.42867177,1,"Geno_at_37"
"Gnb4","ENSMUSG00000027669.14",0.105940463,4.90977315,2.13630306,0.041059967,1,"Geno_at_37"
"Cd163l1","ENSMUSG00000025461.11",0.105936495,-0.931743354,1.41235651,0.168291757,1,"Geno_at_37"
"Ralgps2","ENSMUSG00000026594.14",0.105929856,4.11790393,2.08825433,0.0454982288,1,"Geno_at_37"
"Kcnh6","ENSMUSG00000001901.15",0.105916525,-0.67889181,0.827507056,0.414583512,1,"Geno_at_37"
"Lrrc39","ENSMUSG00000027961.7",-0.105904784,1.20339487,-0.887233165,0.382118742,1,"Geno_at_37"
"Hipk2","ENSMUSG00000061436.15",0.105900965,6.05961651,1.98800559,0.0571666237,1,"Geno_at_37"
"Ddt","ENSMUSG00000001666.8",-0.105888805,3.55164302,-1.58783126,0.122969715,1,"Geno_at_37"
"Ccdc57","ENSMUSG00000048445.6",-0.105885805,2.43489207,-1.32668796,0.194774917,1,"Geno_at_37"
"1700055D18Rik","ENSMUSG00000070997.4",0.105879883,1.10438757,0.950094812,0.349771452,1,"Geno_at_37"
"Exd1","ENSMUSG00000048647.9",0.105877731,-0.542347405,0.898296356,0.37628984,1,"Geno_at_37"
"C78859","ENSMUSG00000110710.1",-0.105862541,-0.114995323,-0.826381196,0.415211543,1,"Geno_at_37"
"Irak1bp1","ENSMUSG00000032251.12",-0.105860995,2.84211795,-1.5592095,0.129594977,1,"Geno_at_37"
"Gm22208","ENSMUSG00000084607.1",-0.105857383,-0.698173448,-0.990735299,0.329859462,1,"Geno_at_37"
"Gm15764","ENSMUSG00000087556.1",-0.105823386,2.17445767,-1.2847648,0.208855832,1,"Geno_at_37"
"Gm19337","ENSMUSG00000112411.1",0.105817556,-0.194649188,0.755209475,0.456101616,1,"Geno_at_37"
"Slc39a5","ENSMUSG00000039878.13",0.105796702,0.910818846,0.902121164,0.374288139,1,"Geno_at_37"
"Gm43428","ENSMUSG00000105681.1",0.105788692,3.11786243,1.29213924,0.206324199,1,"Geno_at_37"
"Nbl1","ENSMUSG00000041120.6",0.105787749,1.34043605,1.02600866,0.313214472,1,"Geno_at_37"
"Gm7072","ENSMUSG00000117284.1",0.105762633,4.41416726,2.21408543,0.0346887147,1,"Geno_at_37"
"Gm48138","ENSMUSG00000113842.1",0.105758701,-0.166868278,0.711042655,0.482698873,1,"Geno_at_37"
"Cmya5","ENSMUSG00000047419.5",0.105728549,0.917123947,0.858261197,0.397657346,1,"Geno_at_37"
"Rpl28-ps3","ENSMUSG00000079942.5",0.105715294,0.0666293047,0.927233959,0.36131789,1,"Geno_at_37"
"Gm12269","ENSMUSG00000080912.1",-0.105669042,-0.535950106,-0.988676073,0.330849469,1,"Geno_at_37"
"Gm38020","ENSMUSG00000103697.1",0.105651248,1.41446055,1.02684519,0.312826903,1,"Geno_at_37"
"Pcsk4","ENSMUSG00000020131.14",-0.105641793,3.2714163,-1.40472622,0.170529064,1,"Geno_at_37"
"Gm9207","ENSMUSG00000104642.1",-0.105623783,2.48009873,-1.29318946,0.205965574,1,"Geno_at_37"
"Gm7429","ENSMUSG00000082260.3",-0.105617908,-0.526638387,-1.19823671,0.240348255,1,"Geno_at_37"
"A930004J17Rik","ENSMUSG00000102602.1",0.105612576,4.89335065,1.87781728,0.0703086765,1,"Geno_at_37"
"Acer3","ENSMUSG00000030760.14",0.105598431,3.50843759,1.75468493,0.089679788,1,"Geno_at_37"
"Hmgb1-rs16","ENSMUSG00000099773.1",-0.10559734,-0.361029353,-0.910408555,0.369974763,1,"Geno_at_37"
"Hip1","ENSMUSG00000039959.13",-0.105578694,3.24354085,-1.27534577,0.212123697,1,"Geno_at_37"
"Litaf","ENSMUSG00000022500.15",-0.105516259,6.71216221,-2.56625753,0.0156014351,1,"Geno_at_37"
"Gm37084","ENSMUSG00000102856.1",0.105516184,0.536723089,0.687782481,0.496954038,1,"Geno_at_37"
"Snx10","ENSMUSG00000038301.15",-0.105512246,3.84644988,-1.28243102,0.210205996,1,"Geno_at_37"
"Gm37632","ENSMUSG00000104197.1",-0.105464919,-0.434664051,-0.713065472,0.481763793,1,"Geno_at_37"
"Tmem176b","ENSMUSG00000029810.15",0.105450481,1.70417913,0.929196966,0.360316665,1,"Geno_at_37"
"2810403G07Rik","ENSMUSG00000114656.1",-0.105429768,-0.114254115,-0.714938749,0.480258221,1,"Geno_at_37"
"Trim66","ENSMUSG00000031026.15",-0.105393867,1.56430555,-0.988425047,0.330970292,1,"Geno_at_37"
"Smo","ENSMUSG00000001761.7",-0.105376284,3.13373797,-1.32118707,0.19657972,1,"Geno_at_37"
"Gm32687","ENSMUSG00000112640.1",-0.105369772,1.57941743,-0.959170165,0.345256715,1,"Geno_at_37"
"Drp2","ENSMUSG00000000223.13",0.105360863,1.0051026,0.930752069,0.359524791,1,"Geno_at_37"
"Gm20517","ENSMUSG00000023984.17",0.105356274,0.587586114,0.801438463,0.429276292,1,"Geno_at_37"
"Gm4275","ENSMUSG00000099422.4",0.10535114,-0.38394894,0.92574711,0.362077473,1,"Geno_at_37"
"Trav7-6","ENSMUSG00000096138.5",0.105331314,0.244093326,0.752309675,0.457816743,1,"Geno_at_37"
"Gm15710","ENSMUSG00000084111.4",-0.105314081,4.20916859,-1.58332233,0.123994598,1,"Geno_at_37"
"9130002K18Rik","ENSMUSG00000115837.1",-0.105306871,0.673884494,-0.931982709,0.358898952,1,"Geno_at_37"
"Gm42902","ENSMUSG00000106396.1",-0.105297866,-0.576455873,-0.862043323,0.395606415,1,"Geno_at_37"
"Slc35e4","ENSMUSG00000048807.2",-0.105294154,2.01239067,-0.876101192,0.388042326,1,"Geno_at_37"
"Trbj2-7","ENSMUSG00000076497.1",0.105285334,3.05034977,1.50939761,0.141817832,1,"Geno_at_37"
"3000002C10Rik","ENSMUSG00000070282.6",0.105230892,1.78767519,1.25976177,0.217615519,1,"Geno_at_37"
"Lrrc51","ENSMUSG00000064307.13",-0.10521719,0.604904003,-0.854730779,0.399577854,1,"Geno_at_37"
"Ngb","ENSMUSG00000021032.13",0.105213475,-0.675954364,0.985775248,0.332247514,1,"Geno_at_37"
"Gm45867","ENSMUSG00000109243.1",0.105210841,-0.560019841,1.155779,0.257032346,1,"Geno_at_37"
"Gm45606","ENSMUSG00000109715.1",-0.105205188,2.72214734,-1.39778522,0.172584551,1,"Geno_at_37"
"CAAA01147332.1","ENSMUSG00000095742.1",-0.105190284,4.44930873,-1.48432768,0.148919125,1,"Geno_at_37"
"Hectd3","ENSMUSG00000046861.9",-0.105184985,5.23740175,-2.75767404,0.00988354781,1,"Geno_at_37"
"Slc43a1","ENSMUSG00000027075.16",-0.10517591,1.1778649,-0.970444694,0.339702593,1,"Geno_at_37"
"Gm11973","ENSMUSG00000086839.7",0.105166951,0.876893578,0.718999419,0.477789598,1,"Geno_at_37"
"4921531C22Rik","ENSMUSG00000085704.1",-0.105165572,0.69736881,-0.888737559,0.381322713,1,"Geno_at_37"
"4930595D18Rik","ENSMUSG00000083193.1",-0.105148642,-0.17946896,-0.771018483,0.446818223,1,"Geno_at_37"
"Cmpk2","ENSMUSG00000020638.8",0.105118047,1.82163017,0.815125742,0.421598774,1,"Geno_at_37"
"Ppp1r3f","ENSMUSG00000039556.16",0.105106088,1.97064299,1.07806756,0.28972674,1,"Geno_at_37"
"Smyd2","ENSMUSG00000026603.13",0.10505539,5.6563519,2.89136915,0.00712644759,1,"Geno_at_37"
"Med22","ENSMUSG00000015776.12",-0.105042792,6.69959877,-2.48989132,0.0186402323,1,"Geno_at_37"
"Gm15511","ENSMUSG00000086648.1",0.105023638,-0.706651923,0.896918945,0.377012402,1,"Geno_at_37"
"Gm37677","ENSMUSG00000103976.1",0.104996743,0.355811406,0.913265885,0.368495152,1,"Geno_at_37"
"Gm9889","ENSMUSG00000052769.7",0.10498905,-0.434040816,0.901060921,0.374842319,1,"Geno_at_37"
"Gm36279","ENSMUSG00000117393.1",0.104973985,0.46537503,0.876701079,0.387721619,1,"Geno_at_37"
"Ift57","ENSMUSG00000032965.11",-0.104971114,6.09642967,-3.2902491,0.00259403357,1,"Geno_at_37"
"Gm43961","ENSMUSG00000107549.1",0.104940583,0.160604029,0.742996002,0.463351119,1,"Geno_at_37"
"Gm43912","ENSMUSG00000108024.1",0.104938406,0.44537545,0.80313536,0.428310302,1,"Geno_at_37"
"Sgms2","ENSMUSG00000050931.7",0.104932647,1.72093749,0.722045244,0.476577819,1,"Geno_at_37"
"Ulk4","ENSMUSG00000040936.15",0.104896788,0.484600144,0.911496312,0.369411032,1,"Geno_at_37"
"Gm43162","ENSMUSG00000104724.1",-0.104862725,1.94902884,-1.20380428,0.238221276,1,"Geno_at_37"
"Tulp2","ENSMUSG00000023467.18",0.104856427,-0.317359195,0.814454907,0.421900535,1,"Geno_at_37"
"Gm17995","ENSMUSG00000109970.1",-0.104802442,-0.681577668,-0.806682115,0.426298512,1,"Geno_at_37"
"2310061I04Rik","ENSMUSG00000050705.15",-0.104794371,4.53225385,-1.59920682,0.120452826,1,"Geno_at_37"
"Ypel4","ENSMUSG00000034059.14",0.104790689,-0.103360251,0.742465259,0.463667673,1,"Geno_at_37"
"Nupr1l","ENSMUSG00000095789.6",0.104786292,-0.581783557,0.880349397,0.385774847,1,"Geno_at_37"
"Mcoln2","ENSMUSG00000011008.13",0.104750338,0.29986456,0.700683678,0.488982001,1,"Geno_at_37"
"Plaur","ENSMUSG00000046223.10",0.104714394,1.38289254,0.45720245,0.652867021,1,"Geno_at_37"
"Traj40","ENSMUSG00000076890.1",0.104701344,-0.585006866,0.82865752,0.413942366,1,"Geno_at_37"
"Snord98","ENSMUSG00000080469.1",-0.104685191,-0.141033633,-1.02183079,0.315155069,1,"Geno_at_37"
"Gm17052","ENSMUSG00000090607.1",-0.104677406,2.08305471,-1.13366846,0.266048616,1,"Geno_at_37"
"Gm45140","ENSMUSG00000107928.1",-0.104668048,-0.559193231,-0.922865062,0.363552809,1,"Geno_at_37"
"Gm17530","ENSMUSG00000103731.1",0.1046621,0.445194911,0.764962713,0.450360882,1,"Geno_at_37"
"Gm15013","ENSMUSG00000098559.1",-0.104655636,0.0365832844,-0.905035439,0.372767618,1,"Geno_at_37"
"Syngr4","ENSMUSG00000040231.16",-0.104616125,0.508995432,-0.675402033,0.504672284,1,"Geno_at_37"
"Gm11349","ENSMUSG00000080840.1",0.104606453,1.49345807,1.06858402,0.293910096,1,"Geno_at_37"
"Gm48706","ENSMUSG00000114555.1",0.104592395,-0.524538864,0.855198745,0.399322948,1,"Geno_at_37"
"Gm44625","ENSMUSG00000108910.1",-0.104570171,-0.173066233,-0.801643798,0.42915933,1,"Geno_at_37"
"Trp53inp2","ENSMUSG00000038375.15",-0.104560356,4.73884828,-2.13079078,0.0415487901,1,"Geno_at_37"
"Cacna1b","ENSMUSG00000004113.18",0.104532119,0.0243202368,0.696319204,0.491670807,1,"Geno_at_37"
"Fsd2","ENSMUSG00000038663.7",-0.104487111,1.04471484,-0.800903242,0.429581252,1,"Geno_at_37"
"Lst1","ENSMUSG00000073412.6",0.104448402,1.39550572,0.875143294,0.388554781,1,"Geno_at_37"
"Gm9833","ENSMUSG00000049230.8",0.104435335,4.66029931,1.33859254,0.193389597,1,"Geno_at_37"
"Fat1","ENSMUSG00000070047.14",-0.104431176,-0.793780644,-1.03745369,0.307940745,1,"Geno_at_37"
"Astl","ENSMUSG00000050468.12",0.104385065,-0.710347906,1.00967087,0.32085048,1,"Geno_at_37"
"Gm2176","ENSMUSG00000118319.1",0.104374761,-0.144120182,0.951776685,0.348931805,1,"Geno_at_37"
"Gm33104","ENSMUSG00000110902.1",-0.104326614,-0.367698483,-0.803523332,0.428089628,1,"Geno_at_37"
"Ccr1","ENSMUSG00000025804.5",0.104322361,-0.87366309,1.18825986,0.244194845,1,"Geno_at_37"
"Gm9063","ENSMUSG00000113512.1",0.104272201,0.393405031,0.947639731,0.350999527,1,"Geno_at_37"
"Ttbk1","ENSMUSG00000015599.9",-0.104255564,-0.431378285,-1.09921099,0.280552245,1,"Geno_at_37"
"Nxpe4","ENSMUSG00000044229.9",0.10425367,0.310987458,0.808767377,0.425113717,1,"Geno_at_37"
"Cd1d1","ENSMUSG00000028076.12",-0.104245702,2.99340607,-1.07913088,0.289264343,1,"Geno_at_37"
"Gm37531","ENSMUSG00000103696.1",0.104234485,-0.456046989,0.803510826,0.428096741,1,"Geno_at_37"
"Marcks","ENSMUSG00000069662.5",-0.104233583,5.60035575,-2.1264608,0.0419363937,1,"Geno_at_37"
"Gm38374","ENSMUSG00000103505.1",0.104232301,-0.0874429899,0.796574149,0.432052761,1,"Geno_at_37"
"Gm9256","ENSMUSG00000105928.1",0.104185592,1.54896008,0.947283999,0.351177709,1,"Geno_at_37"
"Far2","ENSMUSG00000030303.15",-0.10417373,2.88469725,-1.20258366,0.238686392,1,"Geno_at_37"
"Col5a2","ENSMUSG00000026042.16",0.104171167,-0.0209691468,0.961461702,0.344122942,1,"Geno_at_37"
"Cabp1","ENSMUSG00000029544.16",0.104170539,-0.313576307,0.892174775,0.379507977,1,"Geno_at_37"
"Gm13450","ENSMUSG00000083533.2",-0.104169202,-0.259187765,-0.789596524,0.436054517,1,"Geno_at_37"
"Mir296","ENSMUSG00000065521.1",-0.10407735,-0.492154332,-0.77944933,0.441913991,1,"Geno_at_37"
"Gm43314","ENSMUSG00000104528.1",0.10406109,-0.459468467,0.976426583,0.336780348,1,"Geno_at_37"
"Gm13528","ENSMUSG00000085087.1",0.104057327,0.284732495,0.742761533,0.463490949,1,"Geno_at_37"
"Gm45762","ENSMUSG00000110556.1",0.104040605,-0.243957996,0.726579784,0.47320081,1,"Geno_at_37"
"4932422M17Rik","ENSMUSG00000105881.1",-0.104029816,2.88531514,-1.48051441,0.149321503,1,"Geno_at_37"
"Slc16a3","ENSMUSG00000025161.16",-0.104021558,7.02439504,-0.822752779,0.422562641,1,"Geno_at_37"
"Magee2","ENSMUSG00000031224.6",0.103997281,-0.758332079,1.13201983,0.266729961,1,"Geno_at_37"
"Il15","ENSMUSG00000031712.10",-0.103948981,-0.562066344,-0.957920723,0.345875949,1,"Geno_at_37"
"Gm18407","ENSMUSG00000104517.1",0.103938149,-0.462912985,0.890141138,0.380580994,1,"Geno_at_37"
"Pcdhgb5","ENSMUSG00000103749.1",-0.103890993,-0.311570196,-0.780409182,0.441357705,1,"Geno_at_37"
"Gm9308","ENSMUSG00000082793.2",-0.103871395,4.36747403,-1.43560734,0.162217691,1,"Geno_at_37"
"Gm7962","ENSMUSG00000114999.1",0.10386325,5.06363024,2.0991769,0.0444535439,1,"Geno_at_37"
"Gm614","ENSMUSG00000090141.1",0.10385696,1.34580083,0.817484622,0.420195019,1,"Geno_at_37"
"Gm47761","ENSMUSG00000112478.1",-0.103848789,-0.641502744,-0.873509535,0.389429807,1,"Geno_at_37"
"Map3k20","ENSMUSG00000004085.14",0.103848787,3.50918055,1.40660995,0.169974563,1,"Geno_at_37"
"H2-T10","ENSMUSG00000079491.9",-0.103834183,4.07997259,-1.38019326,0.178143431,1,"Geno_at_37"
"Gm43031","ENSMUSG00000106535.1",-0.103827603,1.75976501,-0.950064241,0.349786726,1,"Geno_at_37"
"Gm49359","ENSMUSG00000113450.1",-0.103821694,2.17840592,-1.13925923,0.263747452,1,"Geno_at_37"
"Ocln","ENSMUSG00000021638.12",0.103815172,-0.290857299,0.721631346,0.47623144,1,"Geno_at_37"
"Gm49204","ENSMUSG00000115624.1",0.103798614,3.98587478,1.69861484,0.09990004,1,"Geno_at_37"
"Pole2","ENSMUSG00000020974.6",0.103795343,5.12563369,2.3160951,0.0276825344,1,"Geno_at_37"
"Trmt10b","ENSMUSG00000035601.9",0.103791572,3.18091215,1.5093541,0.141828901,1,"Geno_at_37"
"Prdx2-ps1","ENSMUSG00000082431.3",-0.103783945,3.03074029,-1.61751348,0.116395343,1,"Geno_at_37"
"Gm47826","ENSMUSG00000113650.1",0.103779619,0.734789721,0.657680404,0.515964138,1,"Geno_at_37"
"Gm26407","ENSMUSG00000089129.1",-0.103769846,0.12719041,-0.784502704,0.438990027,1,"Geno_at_37"
"Dtx1","ENSMUSG00000029603.15",-0.103739478,0.435059033,-0.865430922,0.393775139,1,"Geno_at_37"
"Gm16150","ENSMUSG00000085391.1",0.103719504,-0.156759344,0.773210841,0.445539802,1,"Geno_at_37"
"Fam13a","ENSMUSG00000037709.13",0.103704109,1.98417851,0.927021154,0.361426541,1,"Geno_at_37"
"Brsk1","ENSMUSG00000035390.16",0.103686603,-0.680013876,0.942295891,0.353682534,1,"Geno_at_37"
"Xist","ENSMUSG00000086503.4",0.103681817,-0.633193458,1.06422968,0.29584508,1,"Geno_at_37"
"2810414N06Rik","ENSMUSG00000100594.1",-0.103668693,0.0263314229,-0.781950242,0.44046546,1,"Geno_at_37"
"Ifitm5","ENSMUSG00000025489.5",0.103654665,-0.716198027,1.01930966,0.316330131,1,"Geno_at_37"
"Pld2","ENSMUSG00000020828.13",0.103554603,2.5403808,1.22816244,0.229079912,1,"Geno_at_37"
"Gm48175","ENSMUSG00000112613.1",-0.103554226,-0.596426536,-1.04795756,0.303155339,1,"Geno_at_37"
"Gab3","ENSMUSG00000032750.13",0.103548174,1.05495664,0.874359808,0.388974252,1,"Geno_at_37"
"Ptprk","ENSMUSG00000019889.10",-0.103542533,0.456234897,-0.759047225,0.453837576,1,"Geno_at_37"
"Gm8850","ENSMUSG00000104181.1",0.103533027,0.396289516,0.776038006,0.443894449,1,"Geno_at_37"
"Gm50024","ENSMUSG00000117521.1",-0.103527059,-0.462281663,-0.99657575,0.327062551,1,"Geno_at_37"
"Mir3058","ENSMUSG00000092867.1",-0.103485754,-0.559679869,-1.04798168,0.303144409,1,"Geno_at_37"
"A530040E14Rik","ENSMUSG00000072109.11",-0.103443809,0.764644173,-0.62086198,0.539841083,1,"Geno_at_37"
"Gm8437","ENSMUSG00000118295.1",0.10342446,0.723483169,0.830525545,0.412902644,1,"Geno_at_37"
"Itga1","ENSMUSG00000042284.10",-0.103403717,0.035498095,-0.768041205,0.44855786,1,"Geno_at_37"
"Gm17201","ENSMUSG00000090761.1",-0.103386062,3.96823196,-1.73463887,0.0932273449,1,"Geno_at_37"
"Gm13889","ENSMUSG00000087006.3",0.103373801,-0.44991731,1.05822353,0.298528773,1,"Geno_at_37"
"Mir23a","ENSMUSG00000065611.1",-0.103322956,-0.101023942,-0.631980753,0.532705648,1,"Geno_at_37"
"Btbd18","ENSMUSG00000086598.9",-0.10331673,-0.173577854,-0.767667008,0.44877679,1,"Geno_at_37"
"Gm16235","ENSMUSG00000087429.1",0.103311036,-0.174186336,0.981918586,0.334112428,1,"Geno_at_37"
"Zyx","ENSMUSG00000029860.16",-0.10330395,7.40371433,-1.82270629,0.0823672556,1,"Geno_at_37"
"Gm49708","ENSMUSG00000116656.1",-0.103296682,-0.400361613,-0.723854932,0.474975152,1,"Geno_at_37"
"Lonrf3","ENSMUSG00000016239.11",-0.103270225,4.72902661,-1.9042211,0.0666598143,1,"Geno_at_37"
"Fgd5","ENSMUSG00000034037.14",0.103242759,-0.319460498,1.02467955,0.313830936,1,"Geno_at_37"
"Gm3468","ENSMUSG00000094634.8",0.103211255,-0.770838589,1.05619861,0.299437401,1,"Geno_at_37"
"Ttyh1","ENSMUSG00000030428.16",-0.103205315,2.50032326,-1.05312363,0.300820917,1,"Geno_at_37"
"Gm49528","ENSMUSG00000116439.1",-0.103204468,-0.62066884,-0.961986062,0.343863859,1,"Geno_at_37"
"Zfp862-ps","ENSMUSG00000107476.3",-0.103203959,5.26681742,-1.39498366,0.177109745,1,"Geno_at_37"
"Gm18564","ENSMUSG00000116950.1",0.103200545,-0.0044813072,0.730353632,0.470925842,1,"Geno_at_37"
"Pgap1","ENSMUSG00000073678.4",0.103190537,2.55622618,1.08021409,0.288785744,1,"Geno_at_37"
"Gm47942","ENSMUSG00000114380.1",0.103188329,4.47305941,1.84121439,0.075651056,1,"Geno_at_37"
"Tmem179b","ENSMUSG00000118346.1",-0.103179232,4.70769657,-2.1542965,0.0394997842,1,"Geno_at_37"
"AL732309.1","ENSMUSG00000118563.1",0.103176373,-0.518750423,0.983014748,0.333581651,1,"Geno_at_37"
"Gm26280","ENSMUSG00000087721.1",-0.103169246,0.509465142,-0.772844487,0.445753281,1,"Geno_at_37"
"Aamdc","ENSMUSG00000035642.16",-0.103154291,4.07959044,-1.81164575,0.0802175778,1,"Geno_at_37"
"Zbtb10","ENSMUSG00000069114.8",0.103143565,4.69304153,1.12954909,0.271900466,1,"Geno_at_37"
"S100a3","ENSMUSG00000001021.13",-0.10313888,-0.756039682,-1.11022945,0.275854194,1,"Geno_at_37"
"Klhl25","ENSMUSG00000055652.14",-0.103119702,5.6383893,-2.496539,0.0183555043,1,"Geno_at_37"
"Eif3k","ENSMUSG00000053565.10",-0.103107366,7.22142442,-2.70270723,0.0112844482,1,"Geno_at_37"
"Gm4374","ENSMUSG00000107639.1",-0.103074416,0.871796107,-0.867449385,0.392686563,1,"Geno_at_37"
"Cyp2d22","ENSMUSG00000061740.8",0.103052594,-0.667160485,1.05491438,0.300014666,1,"Geno_at_37"
"Gm36839","ENSMUSG00000113170.1",-0.103011873,-0.496909862,-0.909237703,0.370582184,1,"Geno_at_37"
"Gm49249","ENSMUSG00000115480.1",0.103008937,-0.145460861,0.983309677,0.33343894,1,"Geno_at_37"
"Gm37728","ENSMUSG00000103220.1",0.102972681,0.244967801,0.727000995,0.472946579,1,"Geno_at_37"
"Tsen54","ENSMUSG00000020781.14",0.102959441,4.91745308,2.33038253,0.0268108982,1,"Geno_at_37"
"Gm43445","ENSMUSG00000104969.1",0.102911444,-0.595961759,1.03199931,0.310446304,1,"Geno_at_37"
"Lgals7","ENSMUSG00000053522.11",0.102907037,2.85928201,1.2509151,0.220780566,1,"Geno_at_37"
"Acads","ENSMUSG00000029545.13",-0.10288674,5.0695852,-2.04042422,0.0503331977,1,"Geno_at_37"
"Rab37","ENSMUSG00000020732.13",-0.102879341,3.40660703,-1.31911545,0.197262732,1,"Geno_at_37"
"Gm6254","ENSMUSG00000066538.5",0.102875167,1.89293395,0.974933602,0.337508096,1,"Geno_at_37"
"Gm12276","ENSMUSG00000081944.1",-0.102863341,1.76888769,-0.946710547,0.35146507,1,"Geno_at_37"
"Idi1","ENSMUSG00000058258.14",0.10284482,6.22793243,2.17410836,0.03792699,1,"Geno_at_37"
"Gm5165","ENSMUSG00000116802.1",-0.102813734,3.19690436,-1.39588026,0.173152074,1,"Geno_at_37"
"Platr31","ENSMUSG00000097525.2",0.102810598,-0.580074543,0.934437313,0.357652821,1,"Geno_at_37"
"Gm6166","ENSMUSG00000074280.6",0.10277963,3.77399929,1.52064219,0.13898015,1,"Geno_at_37"
"Ypel3","ENSMUSG00000042675.15",-0.102776396,6.14538288,-2.24666154,0.0322949041,1,"Geno_at_37"
"Magi3","ENSMUSG00000052539.15",0.102766661,4.73113426,2.3595027,0.0251110402,1,"Geno_at_37"
"Tfb2m","ENSMUSG00000026492.11",0.10273615,4.43651785,1.83253901,0.0769671793,1,"Geno_at_37"
"Hspe1-ps3","ENSMUSG00000092344.1",0.102715862,-0.374493226,0.882365235,0.384701876,1,"Geno_at_37"
"Gm26826","ENSMUSG00000097635.2",0.102711135,0.0480412689,0.653237282,0.518783294,1,"Geno_at_37"
"Ganc","ENSMUSG00000062646.12",-0.102699364,3.79189579,-1.58265319,0.124147291,1,"Geno_at_37"
"D830024N08Rik","ENSMUSG00000110580.1",0.102679225,0.44878851,0.8527595,0.400652755,1,"Geno_at_37"
"Coq4","ENSMUSG00000026798.10",-0.102678927,3.13214021,-1.56989081,0.127089179,1,"Geno_at_37"
"Fam189b","ENSMUSG00000032657.15",-0.102667407,4.56381665,-2.02706662,0.0517619534,1,"Geno_at_37"
"Gys1","ENSMUSG00000003865.16",-0.102662955,4.51661101,-1.1311734,0.270689896,1,"Geno_at_37"
"Gm31812","ENSMUSG00000109599.1",0.102611323,-0.585521882,1.00777181,0.321746301,1,"Geno_at_37"
"CT010467.1","ENSMUSG00000106106.3",-0.102604717,11.2549635,-0.552389852,0.588219236,1,"Geno_at_37"
"Nr2f1","ENSMUSG00000069171.14",0.102587278,-0.183284038,0.721096463,0.476517594,1,"Geno_at_37"
"Tpm1","ENSMUSG00000032366.15",0.102562755,4.95111466,1.99520268,0.0553150255,1,"Geno_at_37"
"Gm16536","ENSMUSG00000089810.1",-0.102540892,3.13652561,-1.52324539,0.138329801,1,"Geno_at_37"
"Gm10521","ENSMUSG00000073492.2",-0.102505415,1.60494827,-0.891788302,0.379711743,1,"Geno_at_37"
"Gm6960","ENSMUSG00000073554.3",-0.10249542,1.00969024,-0.969007206,0.340407368,1,"Geno_at_37"
"Gm43555","ENSMUSG00000105977.1",0.102476047,2.76566527,1.2601655,0.217471901,1,"Geno_at_37"
"Prkab2","ENSMUSG00000038205.12",0.102473483,4.12643179,1.55620251,0.130307639,1,"Geno_at_37"
"Gm26770","ENSMUSG00000097253.2",-0.102472256,2.47034227,-1.14797814,0.260187613,1,"Geno_at_37"
"Sncg","ENSMUSG00000023064.4",0.102465687,-0.710220999,0.998245178,0.326266069,1,"Geno_at_37"
"Gm13961","ENSMUSG00000084094.1",0.102455066,0.539302343,0.508177408,0.616259153,1,"Geno_at_37"
"Adam4","ENSMUSG00000072972.3",0.102419756,1.18512785,0.917954365,0.366075717,1,"Geno_at_37"
"Gm50126","ENSMUSG00000118185.1",-0.10241078,-0.430683124,-0.580489721,0.567261524,1,"Geno_at_37"
"Gm36527","ENSMUSG00000103238.1",0.102401407,0.533771181,0.717243976,0.478855897,1,"Geno_at_37"
"Rsad2","ENSMUSG00000020641.16",0.10238212,-0.706333771,0.935142316,0.357295441,1,"Geno_at_37"
"Gm32468","ENSMUSG00000111013.1",-0.102377327,-0.71894524,-1.22582635,0.229945083,1,"Geno_at_37"
"Trim14","ENSMUSG00000039853.18",0.102376399,3.63857292,1.46585068,0.153251213,1,"Geno_at_37"
"B4galt2","ENSMUSG00000028541.14",0.102374798,0.0248984273,0.821277488,0.418065916,1,"Geno_at_37"
"Gm22213","ENSMUSG00000088189.1",-0.102371675,-0.792887856,-1.09380362,0.282878628,1,"Geno_at_37"
"Ccn3","ENSMUSG00000037362.8",0.102355486,2.1674516,1.09786816,0.281128681,1,"Geno_at_37"
"Traj38","ENSMUSG00000076892.1",-0.102337054,-0.604867552,-1.02130218,0.315401199,1,"Geno_at_37"
"Gm48569","ENSMUSG00000114537.1",0.102334556,-0.820041984,1.15134328,0.25882305,1,"Geno_at_37"
"Gm13708","ENSMUSG00000086069.1",0.102334395,-0.536267314,0.770563987,0.447083526,1,"Geno_at_37"
"Gm9042","ENSMUSG00000114409.1",0.102295013,0.368054778,0.846843624,0.403889523,1,"Geno_at_37"
"C9orf72","ENSMUSG00000028300.14",0.102278544,5.31501711,1.05287875,0.306548978,1,"Geno_at_37"
"Snora23","ENSMUSG00000064451.1",-0.102269023,-0.508229942,-0.830356912,0.412996437,1,"Geno_at_37"
"Klhl30","ENSMUSG00000026308.8",0.102231453,-0.682161077,1.02537456,0.313508471,1,"Geno_at_37"
"Aox2","ENSMUSG00000079554.2",0.102221055,-0.794708549,1.24024152,0.224645263,1,"Geno_at_37"
"Zfp456","ENSMUSG00000078995.10",0.10220523,2.37260425,1.23036861,0.228265095,1,"Geno_at_37"
"Cd248","ENSMUSG00000056481.7",-0.102187297,-0.0330161597,-0.821608169,0.417880607,1,"Geno_at_37"
"Rpsa-ps1","ENSMUSG00000102117.1",0.102185633,-0.0638526254,0.93622286,0.356748152,1,"Geno_at_37"
"Msantd1","ENSMUSG00000051246.3",-0.102184876,2.20628019,-0.986182609,0.332050945,1,"Geno_at_37"
"Gm49207","ENSMUSG00000115497.1",-0.102179815,-0.539520875,-0.879190377,0.386392628,1,"Geno_at_37"
"Gnrh1","ENSMUSG00000015812.8",-0.102176639,1.61599701,-0.868852818,0.39193081,1,"Geno_at_37"
"Cd37","ENSMUSG00000030798.15",-0.102170078,7.18332862,-2.44019898,0.0209005945,1,"Geno_at_37"
"Gm10359","ENSMUSG00000094708.1",0.102143514,0.182228746,0.847530323,0.403512965,1,"Geno_at_37"
"Gm15798","ENSMUSG00000083658.1",0.102130209,-0.427983349,0.909690736,0.37034708,1,"Geno_at_37"
"Samd15","ENSMUSG00000090812.8",-0.102119808,0.177352448,-0.820934434,0.418258212,1,"Geno_at_37"
"Gm15638","ENSMUSG00000085826.1",0.102090455,0.784419333,0.763242029,0.451370536,1,"Geno_at_37"
"Gm10814","ENSMUSG00000097404.2",-0.102083883,0.355235165,-0.924347024,0.362793691,1,"Geno_at_37"
"Gm35507","ENSMUSG00000105102.1",0.102038543,-0.471294376,0.752033186,0.457980475,1,"Geno_at_37"
"Ap4e1","ENSMUSG00000001998.15",0.102007717,5.31260475,2.70317951,0.0112716589,1,"Geno_at_37"
"Camkv","ENSMUSG00000032936.13",0.101986097,-0.410346255,0.887603,0.38192295,1,"Geno_at_37"
"Sema6c","ENSMUSG00000038777.19",-0.101976527,1.67817673,-0.968102188,0.340851588,1,"Geno_at_37"
"Etv5","ENSMUSG00000013089.15",-0.101968168,3.9152921,-1.67098392,0.10528549,1,"Geno_at_37"
"Zfp229","ENSMUSG00000061544.13",-0.101947384,0.766124212,-0.801766677,0.429089346,1,"Geno_at_37"
"Gpr22","ENSMUSG00000044067.7",0.101898124,0.2440324,0.757673523,0.45464721,1,"Geno_at_37"
"Dnaaf2","ENSMUSG00000020973.7",-0.101894282,2.65826094,-1.39241274,0.174188877,1,"Geno_at_37"
"Spats2","ENSMUSG00000051934.5",-0.101881286,1.66380396,-0.948239096,0.350699449,1,"Geno_at_37"
"Kbtbd3","ENSMUSG00000025893.8",-0.101856161,2.08933062,-1.01516416,0.318268855,1,"Geno_at_37"
"Gm49484","ENSMUSG00000116249.1",0.101850351,-0.0712105253,0.754592687,0.456466105,1,"Geno_at_37"
"Klhl11","ENSMUSG00000048732.5",0.101850224,3.82625116,1.6273794,0.114275445,1,"Geno_at_37"
"Ankrd34b","ENSMUSG00000045034.12",0.101849691,1.64562528,0.748063905,0.460504912,1,"Geno_at_37"
"Klhdc1","ENSMUSG00000051890.13",0.101826694,3.1955252,1.57645259,0.125569559,1,"Geno_at_37"
"Map7d2","ENSMUSG00000041020.14",0.101820491,-0.125775612,0.908280975,0.371079004,1,"Geno_at_37"
"Prmt2","ENSMUSG00000020230.15",0.101785472,2.74131076,1.06844712,0.293970797,1,"Geno_at_37"
"Tubb3","ENSMUSG00000062380.4",0.101779752,-0.635794785,0.98706757,0.331624187,1,"Geno_at_37"
"Serac1","ENSMUSG00000015659.12",0.101775218,2.45654869,1.11846507,0.272379724,1,"Geno_at_37"
"Gm49599","ENSMUSG00000116908.1",0.101727463,1.40170818,0.851438811,0.401373923,1,"Geno_at_37"
"Hspa1b","ENSMUSG00000090877.3",0.101696993,2.25467862,0.74254634,0.464711894,1,"Geno_at_37"
"4833445I07Rik","ENSMUSG00000103103.1",-0.10168648,1.36648831,-0.937071754,0.356318582,1,"Geno_at_37"
"Gm43807","ENSMUSG00000107048.1",-0.101686275,-0.604364952,-0.787532076,0.437242798,1,"Geno_at_37"
"Gm37648","ENSMUSG00000103199.1",0.101678123,0.0930798371,0.888892184,0.381240956,1,"Geno_at_37"
"Tead4","ENSMUSG00000030353.15",0.101656072,-0.618845532,0.903241473,0.373703142,1,"Geno_at_37"
"2610035D17Rik","ENSMUSG00000087259.7",0.101649732,2.80711056,1.13183051,0.266808286,1,"Geno_at_37"
"Gm10451","ENSMUSG00000073000.3",-0.101615426,1.48347788,-0.444524648,0.661889163,1,"Geno_at_37"
"Sphkap","ENSMUSG00000026163.17",0.101599775,-0.25625278,0.642535477,0.525932823,1,"Geno_at_37"
"Tppp","ENSMUSG00000021573.15",0.101588562,3.66926933,1.14442543,0.262401894,1,"Geno_at_37"
"Gm50041","ENSMUSG00000117522.1",0.10156572,-0.695910526,1.06039728,0.297555521,1,"Geno_at_37"
"Gm5464","ENSMUSG00000075553.2",0.101555661,-0.4474225,0.895859882,0.377568576,1,"Geno_at_37"
"Klhl7","ENSMUSG00000028986.12",-0.101516688,4.08056062,-2.00938553,0.0537079401,1,"Geno_at_37"
"Gm16024","ENSMUSG00000085063.1",0.101500325,-0.296073448,1.14453735,0.261588256,1,"Geno_at_37"
"Olfr156","ENSMUSG00000110970.2",-0.101480755,-0.678981932,-0.955235507,0.347209281,1,"Geno_at_37"
"Dgkg","ENSMUSG00000022861.17",0.101473213,-0.257585943,0.766262476,0.449599106,1,"Geno_at_37"
"Ndufb4","ENSMUSG00000022820.4",-0.101472669,2.15954691,-1.20184712,0.238967372,1,"Geno_at_37"
"Gm44510","ENSMUSG00000108443.1",-0.10145811,-0.675308034,-0.88037444,0.385761505,1,"Geno_at_37"
"Klra6","ENSMUSG00000061769.2",0.101447894,-0.888872216,1.23594972,0.22621349,1,"Geno_at_37"
"Gm45493","ENSMUSG00000109784.1",-0.101375613,0.891910208,-0.749715759,0.459354171,1,"Geno_at_37"
"Gm47980","ENSMUSG00000113966.1",-0.101369283,-0.202382479,-0.851848276,0.401150245,1,"Geno_at_37"
"Gm4754","ENSMUSG00000106895.1",-0.101367822,0.632665751,-0.835341931,0.410229411,1,"Geno_at_37"
"Pcbp4","ENSMUSG00000023495.13",-0.101338678,4.18806638,-1.35796998,0.18523836,1,"Geno_at_37"
"Inhba","ENSMUSG00000041324.14",0.101282996,4.91000319,0.52153835,0.609039914,1,"Geno_at_37"
"Foxo4","ENSMUSG00000042903.8",-0.101276269,6.27645323,-1.51965369,0.143915097,1,"Geno_at_37"
"Borcs5","ENSMUSG00000042992.15",-0.101179816,2.88645291,-1.2679497,0.21471682,1,"Geno_at_37"
"Klhl32","ENSMUSG00000040387.16",-0.101152255,0.655485057,-0.845655123,0.404541771,1,"Geno_at_37"
"Tmem223","ENSMUSG00000117924.1",-0.10114174,3.94843785,-1.31045303,0.200315182,1,"Geno_at_37"
"Gm6992","ENSMUSG00000112546.1",-0.101111208,1.38765863,-0.740482056,0.46485165,1,"Geno_at_37"
"Marchf3","ENSMUSG00000032656.14",0.101104353,2.44778412,1.42507394,0.164614382,1,"Geno_at_37"
"Gm14274","ENSMUSG00000083793.1",-0.101103938,0.0614428804,-0.860356992,0.396520029,1,"Geno_at_37"
"Gm16068","ENSMUSG00000086121.1",-0.101078784,-0.481241367,-0.843505368,0.405723235,1,"Geno_at_37"
"Itpr1","ENSMUSG00000030102.11",0.101077957,4.9117482,2.16451407,0.0386375735,1,"Geno_at_37"
"A430110L20Rik","ENSMUSG00000054135.2",-0.101018753,0.444508418,-0.702251735,0.48801801,1,"Geno_at_37"
"Rpl31-ps10","ENSMUSG00000070667.7",0.100988304,-0.449214665,0.954685851,0.347482634,1,"Geno_at_37"
"Gm9856","ENSMUSG00000110945.1",0.100985336,2.10313123,1.15646622,0.256755726,1,"Geno_at_37"
"Gm13882","ENSMUSG00000081721.3",-0.100985241,-0.418828119,-0.598913829,0.554817042,1,"Geno_at_37"
"C730045M19Rik","ENSMUSG00000107054.1",0.100982596,-0.444074543,0.924413045,0.362759897,1,"Geno_at_37"
"Lax1","ENSMUSG00000051998.14",-0.100972735,4.74863164,-1.24544315,0.225877246,1,"Geno_at_37"
"Rogdi","ENSMUSG00000022540.16",-0.100968826,2.38501889,-1.11929376,0.272031863,1,"Geno_at_37"
"Fkbp1a-ps1","ENSMUSG00000115143.1",0.100966744,-0.362421106,0.847014902,0.40379558,1,"Geno_at_37"
"Vwce","ENSMUSG00000043789.8",0.100966405,-0.805112904,1.02163516,0.315246141,1,"Geno_at_37"
"Gm10291","ENSMUSG00000070443.6",0.100959363,-0.0629933282,0.917473543,0.366323359,1,"Geno_at_37"
"Gm46404","ENSMUSG00000113440.1",-0.10094988,0.155146471,-0.65215349,0.51934375,1,"Geno_at_37"
"Mbip","ENSMUSG00000021028.8",-0.100909104,4.72980929,-2.25352569,0.0318098815,1,"Geno_at_37"
"Gm6545","ENSMUSG00000111118.1",0.100897811,-0.735609677,1.05369556,0.300563251,1,"Geno_at_37"
"Mir181a-1hg","ENSMUSG00000098206.1",-0.100878652,1.61201855,-1.02070869,0.31567769,1,"Geno_at_37"
"Rfng","ENSMUSG00000025158.7",-0.100849898,4.54582456,-2.01552873,0.0530246558,1,"Geno_at_37"
"Gm9791","ENSMUSG00000044434.5",0.100845267,1.45748951,1.10444202,0.278314759,1,"Geno_at_37"
"Acpp","ENSMUSG00000032561.15",-0.1008446,2.24342302,-0.741083756,0.465514657,1,"Geno_at_37"
"Gm37726","ENSMUSG00000102919.1",-0.100831299,0.854401766,-0.723462752,0.475084619,1,"Geno_at_37"
"Scn3a","ENSMUSG00000057182.15",0.100806763,-0.653017594,0.993521826,0.328523007,1,"Geno_at_37"
"Rp2","ENSMUSG00000060090.16",0.100799137,4.6460227,2.08356291,0.0459535748,1,"Geno_at_37"
"Nyx","ENSMUSG00000051228.5",-0.10075037,-0.396436631,-0.949121145,0.350258154,1,"Geno_at_37"
"4930565N06Rik","ENSMUSG00000084834.1",0.100711038,0.751108911,0.808528152,0.425249196,1,"Geno_at_37"
"Gm18990","ENSMUSG00000114622.1",0.100709564,-0.308728741,1.00106639,0.324923087,1,"Geno_at_37"
"Selenom","ENSMUSG00000075702.9",-0.100700685,-0.402717247,-0.877371066,0.387363637,1,"Geno_at_37"
"Tax1bp3","ENSMUSG00000040158.12",-0.100665961,2.6614111,-1.14291782,0.262249409,1,"Geno_at_37"
"Gm19040","ENSMUSG00000107411.1",0.100632861,-0.258715373,0.816612816,0.420685348,1,"Geno_at_37"
"Gm9333","ENSMUSG00000108702.1",-0.100609794,2.44558048,-1.14079826,0.263116528,1,"Geno_at_37"
"Gm46565","ENSMUSG00000116581.1",0.100598575,0.156449851,0.804964307,0.42727063,1,"Geno_at_37"
"Nprl3","ENSMUSG00000020289.15",-0.100557684,4.62227627,-1.80451144,0.0813540059,1,"Geno_at_37"
"Slc1a2","ENSMUSG00000005089.15",0.100525768,-0.545218843,0.8424312,0.406314388,1,"Geno_at_37"
"Gm12286","ENSMUSG00000081600.3",0.100467653,0.355013767,0.831506136,0.41235751,1,"Geno_at_37"
"Ggt7","ENSMUSG00000027603.15",0.100455788,2.78735309,0.973432642,0.338333081,1,"Geno_at_37"
"Gm6204","ENSMUSG00000105879.1",0.100449663,8.39834046,1.38283119,0.184337963,1,"Geno_at_37"
"Vax2","ENSMUSG00000034777.2",-0.100435575,-0.74919277,-1.02940299,0.311643922,1,"Geno_at_37"
"1700019J19Rik","ENSMUSG00000111489.1",-0.100428003,-0.821876462,-1.09933744,0.280498008,1,"Geno_at_37"
"Gm13833","ENSMUSG00000087312.1",-0.100401065,-0.00920063778,-0.820710625,0.418383696,1,"Geno_at_37"
"Upp2","ENSMUSG00000026839.17",0.100390206,-0.0439869232,0.839696019,0.407822096,1,"Geno_at_37"
"Gm16350","ENSMUSG00000090024.1",-0.100381549,0.780173658,-0.839139533,0.408129276,1,"Geno_at_37"
"Plppr3","ENSMUSG00000035835.14",0.10037892,3.15488891,1.18453367,0.245643083,1,"Geno_at_37"
"Fam122a","ENSMUSG00000074922.1",-0.10034066,4.17874244,-1.56620491,0.127949364,1,"Geno_at_37"
"Chst12","ENSMUSG00000036599.10",-0.100313904,5.22141964,-1.92976686,0.063286708,1,"Geno_at_37"
"2610012C04Rik","ENSMUSG00000102474.1",-0.100290591,-0.436719347,-0.95522443,0.347214789,1,"Geno_at_37"
"Gm10043","ENSMUSG00000109793.1",0.100284496,0.338631328,0.829891305,0.413255472,1,"Geno_at_37"
"Gm44877","ENSMUSG00000108320.1",0.100255999,0.583288916,0.884640458,0.38349315,1,"Geno_at_37"
"n-R5s200","ENSMUSG00000077382.1",-0.100252625,-0.440776329,-0.966994597,0.34139577,1,"Geno_at_37"
"Krt87","ENSMUSG00000047641.8",-0.100233593,0.413989144,-0.857500678,0.398070564,1,"Geno_at_37"
"Fscn2","ENSMUSG00000025380.2",0.100213692,-0.572881418,0.917255432,0.366435731,1,"Geno_at_37"
"Abhd11","ENSMUSG00000040532.14",-0.100202996,4.13221152,-1.83642758,0.0763748461,1,"Geno_at_37"
"Gm5637","ENSMUSG00000046993.6",-0.100153435,3.72112799,-1.6605938,0.107372313,1,"Geno_at_37"
"Tbc1d31","ENSMUSG00000022364.14",0.100147195,4.71228932,2.06378522,0.047917828,1,"Geno_at_37"
"Ifit2","ENSMUSG00000045932.12",0.100139931,3.48032187,1.57656923,0.125542681,1,"Geno_at_37"
"Gm18561","ENSMUSG00000108362.1",0.100117601,0.677469864,0.785142342,0.438620757,1,"Geno_at_37"
"Gm44424","ENSMUSG00000107668.1",0.100102465,0.25160438,0.78054803,0.441277269,1,"Geno_at_37"
"Myl2","ENSMUSG00000013936.12",-0.100078529,-0.477321443,-0.716847464,0.479200566,1,"Geno_at_37"
"Zfp763","ENSMUSG00000067430.7",0.100044189,3.04474743,1.26081379,0.217241434,1,"Geno_at_37"
"Zfp407","ENSMUSG00000048410.17",0.100028858,5.06983491,1.96980909,0.0582978342,1,"Geno_at_37"
"Gm7392","ENSMUSG00000112908.1",-0.100016273,-0.456584476,-0.961761151,0.34397497,1,"Geno_at_37"
"Leng9","ENSMUSG00000043432.7",0.100006739,2.01097751,1.09474762,0.282471508,1,"Geno_at_37"
"Zfp661","ENSMUSG00000034800.15",-0.0999867557,2.36313651,-0.938101313,0.355798048,1,"Geno_at_37"
"Gm9918","ENSMUSG00000097050.1",-0.0999770292,-0.499822403,-0.804294198,0.427651377,1,"Geno_at_37"
"Gm5475","ENSMUSG00000087444.1",-0.0999541512,-0.451449954,-0.855347697,0.399241835,1,"Geno_at_37"
"E430018J23Rik","ENSMUSG00000078580.3",0.0998768951,2.70936517,1.14173836,0.262731673,1,"Geno_at_37"
"Gm6335","ENSMUSG00000083392.1",0.0998517115,-0.47843131,0.898985674,0.375928576,1,"Geno_at_37"
"Gm8812","ENSMUSG00000083289.1",-0.0998290812,0.07111221,-0.805941835,0.426715586,1,"Geno_at_37"
"Fam71e1","ENSMUSG00000051113.9",0.099816183,0.469607143,0.798472209,0.430968081,1,"Geno_at_37"
"Haus5","ENSMUSG00000078762.10",0.0997839033,3.18345773,1.39008138,0.174888697,1,"Geno_at_37"
"Col10a1","ENSMUSG00000039462.4",0.0997767046,-0.485069807,0.93880138,0.355444391,1,"Geno_at_37"
"Atxn7l1os2","ENSMUSG00000085664.1",-0.0997706886,0.598206312,-0.839130539,0.408134241,1,"Geno_at_37"
"Basp1","ENSMUSG00000045763.8",-0.0997404284,6.52091783,-0.918384622,0.371724827,1,"Geno_at_37"
"Cuzd1","ENSMUSG00000040205.8",-0.0997207625,2.09692836,-0.981960238,0.334092249,1,"Geno_at_37"
"Il2","ENSMUSG00000027720.7",0.099719204,0.377347948,0.598751278,0.554163447,1,"Geno_at_37"
"Gm10074","ENSMUSG00000101932.1",0.0996980618,2.24176803,1.18722544,0.244596254,1,"Geno_at_37"
"Snord49a","ENSMUSG00000065734.1",-0.0996790938,1.39486254,-0.914203646,0.368010396,1,"Geno_at_37"
"Gm12424","ENSMUSG00000094286.1",-0.0996285117,0.107928393,-0.735076434,0.46808778,1,"Geno_at_37"
"Gm50301","ENSMUSG00000118340.1",0.0996152963,-0.476314127,0.947311371,0.351163996,1,"Geno_at_37"
"Gm11836","ENSMUSG00000081239.3",0.0995839496,0.0883452272,0.768554247,0.448257799,1,"Geno_at_37"
"Rgs2","ENSMUSG00000026360.9",0.0995474911,3.95002609,1.33177054,0.193118742,1,"Geno_at_37"
"2200002D01Rik","ENSMUSG00000030587.5",-0.0995474846,-0.158427538,-0.724852876,0.474243949,1,"Geno_at_37"
"Tmem44","ENSMUSG00000022537.18",-0.0994819725,-0.182020897,-0.984600671,0.332814738,1,"Geno_at_37"
"Ntpcr","ENSMUSG00000031851.14",-0.0994795417,3.37294436,-1.22930108,0.228659099,1,"Geno_at_37"
"Gm3696","ENSMUSG00000092167.8",0.0994701483,-0.837672187,1.11117652,0.275453029,1,"Geno_at_37"
"Vat1l","ENSMUSG00000046844.6",0.0994684038,-0.62212063,0.906784999,0.371856722,1,"Geno_at_37"
"Gm15656","ENSMUSG00000087489.1",-0.0994675093,0.397808771,-0.795014113,0.432945515,1,"Geno_at_37"
"Tnfrsf11a","ENSMUSG00000026321.7",-0.0994655401,2.05016055,-1.00707853,0.322073762,1,"Geno_at_37"
"Gm15773","ENSMUSG00000082872.1",0.0994654816,3.54098378,1.44610916,0.158671808,1,"Geno_at_37"
"AC160336.1","ENSMUSG00000115801.1",-0.0994255056,-0.584364003,-0.711948337,0.482347458,1,"Geno_at_37"
"Sqor","ENSMUSG00000005803.14",0.0994239192,2.39840776,0.967019592,0.341383482,1,"Geno_at_37"
"Smug1","ENSMUSG00000036061.10",0.0993904315,4.11157515,1.65776842,0.107945702,1,"Geno_at_37"
"Gm45358","ENSMUSG00000109585.1",0.099387676,-0.148453754,0.792689112,0.434278113,1,"Geno_at_37"
"Gm20470","ENSMUSG00000092190.1",-0.0993848838,-0.156243089,-0.853969403,0.399992801,1,"Geno_at_37"
"9330179D12Rik","ENSMUSG00000097166.1",-0.0993727232,-0.270216328,-0.776211849,0.443793395,1,"Geno_at_37"
"Afdn","ENSMUSG00000068036.16",0.0993649572,4.58839319,1.52565883,0.137834766,1,"Geno_at_37"
"Rpl7a-ps7","ENSMUSG00000106258.1",-0.099345908,0.630366264,-0.883527665,0.384084022,1,"Geno_at_37"
"Gm36551","ENSMUSG00000106478.1",-0.0993345276,0.140573358,-0.723886463,0.474828291,1,"Geno_at_37"
"Rbpms2","ENSMUSG00000032387.15",-0.0993136137,-0.173293892,-0.80735423,0.425914402,1,"Geno_at_37"
"Gm18255","ENSMUSG00000110175.1",-0.0993028171,-0.644952803,-1.07055484,0.293037248,1,"Geno_at_37"
"C79130","ENSMUSG00000105741.1",-0.0992760502,-0.125479361,-0.810296711,0.424248242,1,"Geno_at_37"
"Gm39526","ENSMUSG00000109459.1",0.0992745138,1.0881741,0.838967977,0.408224003,1,"Geno_at_37"
"Gm28535","ENSMUSG00000101172.1",-0.099273269,-0.0143923118,-0.91347157,0.368388792,1,"Geno_at_37"
"Ctla2a","ENSMUSG00000044258.10",-0.099233962,5.54843818,-1.69132215,0.102557246,1,"Geno_at_37"
"Kremen2","ENSMUSG00000040680.9",-0.0992231524,-0.237745888,-0.892092272,0.379551471,1,"Geno_at_37"
"Tubb4b-ps1","ENSMUSG00000095159.2",0.0992214668,3.82318817,2.00501847,0.05419836,1,"Geno_at_37"
"Zc3h12b","ENSMUSG00000035045.17",-0.0992161188,1.32653786,-0.790877467,0.435318201,1,"Geno_at_37"
"Plxnb1","ENSMUSG00000053646.13",0.0992041936,2.49606252,0.99571359,0.327474406,1,"Geno_at_37"
"Gm24507","ENSMUSG00000088308.1",-0.0991821224,-0.460601677,-0.870165859,0.391224574,1,"Geno_at_37"
"Gm28229","ENSMUSG00000101335.1",-0.0991564626,2.84256715,-1.43492825,0.161808883,1,"Geno_at_37"
"Gm30970","ENSMUSG00000115637.1",-0.0991322892,1.43343473,-0.913906164,0.368164128,1,"Geno_at_37"
"Gm5469","ENSMUSG00000116083.1",-0.099124618,0.382543131,-0.702084413,0.488120823,1,"Geno_at_37"
"Prex2","ENSMUSG00000048960.13",0.0991218993,0.669344584,0.689297343,0.4960142,1,"Geno_at_37"
"Tpk1","ENSMUSG00000029735.17",-0.0991147547,3.13705924,-1.18280524,0.246317008,1,"Geno_at_37"
"S100a13","ENSMUSG00000042312.10",-0.0991114812,4.54516988,-1.90695259,0.0662918584,1,"Geno_at_37"
"Afmid","ENSMUSG00000017718.15",0.0990450392,3.06632832,1.17385612,0.249828116,1,"Geno_at_37"
"Tceal3","ENSMUSG00000044550.11",-0.0990206981,-0.290576287,-0.795457314,0.432691773,1,"Geno_at_37"
"Gm42715","ENSMUSG00000107023.2",-0.0990140685,2.26661527,-1.08404576,0.287111405,1,"Geno_at_37"
"Zfp786","ENSMUSG00000051499.7",0.0990092137,0.177849277,0.653691689,0.518365933,1,"Geno_at_37"
"Gm13618","ENSMUSG00000086671.1",-0.0989718446,-0.500733848,-0.906402589,0.372055697,1,"Geno_at_37"
"Gm43127","ENSMUSG00000105140.1",-0.0989373515,0.739797696,-0.832991187,0.411532789,1,"Geno_at_37"
"4732487G21Rik","ENSMUSG00000097488.1",-0.0989061804,1.9429479,-0.931389588,0.359200492,1,"Geno_at_37"
"Vasn","ENSMUSG00000039646.5",0.0988934457,3.19798608,1.41874137,0.166437481,1,"Geno_at_37"
"Gm13707","ENSMUSG00000085768.1",-0.0988891972,-0.495661098,-0.821722596,0.417816496,1,"Geno_at_37"
"Ccl4","ENSMUSG00000018930.3",-0.0988652812,5.06310385,-0.389853141,0.701720546,1,"Geno_at_37"
"Il17rd","ENSMUSG00000040717.6",-0.0988387993,0.722488838,-0.820591747,0.418450357,1,"Geno_at_37"
"Gm42923","ENSMUSG00000105134.1",-0.0988279387,0.15531136,-0.902412567,0.374135918,1,"Geno_at_37"
"Ncmap","ENSMUSG00000043924.16",-0.0988275752,3.47760354,-1.06121372,0.297902099,1,"Geno_at_37"
"Epha3","ENSMUSG00000052504.7",-0.0988186276,0.624545707,-0.810656595,0.424044736,1,"Geno_at_37"
"Vwa3b","ENSMUSG00000050122.19",0.0988117231,-0.555339865,0.994059551,0.328265533,1,"Geno_at_37"
"Gm6828","ENSMUSG00000109488.1",0.0987759877,1.45738779,0.918165731,0.36596689,1,"Geno_at_37"
"G6pc3","ENSMUSG00000034793.15",-0.0987723662,5.08812638,-2.07312879,0.0469807942,1,"Geno_at_37"
"A430110C17Rik","ENSMUSG00000102415.1",-0.0987645353,1.49442767,-0.746148406,0.461473519,1,"Geno_at_37"
"Snord70","ENSMUSG00000077345.1",-0.0987380625,0.139773288,-0.734015095,0.468724699,1,"Geno_at_37"
"Gm42664","ENSMUSG00000106099.1",0.0987152016,2.7634807,1.18371667,0.245961466,1,"Geno_at_37"
"Gm17034","ENSMUSG00000090293.1",-0.0986989129,-0.742345688,-1.0798508,0.288944852,1,"Geno_at_37"
"Dpf1","ENSMUSG00000030584.14",0.098692473,-0.184542428,0.792821399,0.434202225,1,"Geno_at_37"
"Bmp8b","ENSMUSG00000002384.2",0.0986924113,-0.46941183,0.89139752,0.379917853,1,"Geno_at_37"
"Rab33b","ENSMUSG00000027739.9",0.0986900768,3.67739548,1.4210934,0.165758494,1,"Geno_at_37"
"Spatc1l","ENSMUSG00000009115.5",0.0986779918,0.163867912,0.890656526,0.380308873,1,"Geno_at_37"
"Gm527","ENSMUSG00000047227.5",0.0986774706,2.97469595,1.04266846,0.30555844,1,"Geno_at_37"
"Jam3","ENSMUSG00000031990.15",0.0986462877,0.60300808,0.703819547,0.487055249,1,"Geno_at_37"
"Gm37105","ENSMUSG00000102672.1",-0.0986423647,0.845116575,-0.891573147,0.379825213,1,"Geno_at_37"
"Khk","ENSMUSG00000029162.15",-0.0986359167,2.55089116,-1.28738889,0.207952289,1,"Geno_at_37"
"Rpl23a-ps3","ENSMUSG00000078126.4",-0.0986353161,7.02984001,-2.14526615,0.0408594435,1,"Geno_at_37"
"Arsg","ENSMUSG00000020604.13",-0.0986214375,1.8296182,-0.92455993,0.362684718,1,"Geno_at_37"
"Myrfl","ENSMUSG00000034057.8",0.0986102858,-0.67762751,0.878671137,0.386669599,1,"Geno_at_37"
"Pik3r5","ENSMUSG00000020901.13",0.0985485442,4.75911836,1.67265954,0.104952136,1,"Geno_at_37"
"Camk2g","ENSMUSG00000021820.18",-0.0985397757,6.77061915,-2.78437171,0.00926347523,1,"Geno_at_37"
"Rps6ka5","ENSMUSG00000021180.9",-0.0985105586,4.19889887,-1.71854879,0.0961597973,1,"Geno_at_37"
"Cbfa2t3","ENSMUSG00000006362.16",-0.0984952023,-0.799003702,-1.07178309,0.292494197,1,"Geno_at_37"
"Gm21984","ENSMUSG00000095334.2",0.0984635971,-0.715719631,0.906435479,0.372038581,1,"Geno_at_37"
"Gm37347","ENSMUSG00000102975.1",0.0984563253,-0.777746507,1.12850248,0.268187826,1,"Geno_at_37"
"Gm960","ENSMUSG00000071691.11",0.0984285134,-0.374521739,0.778380617,0.442533864,1,"Geno_at_37"
"Gm18943","ENSMUSG00000109472.1",0.0984253695,1.52798723,1.03856336,0.307432724,1,"Geno_at_37"
"D130007C19Rik","ENSMUSG00000054304.3",-0.0983585538,-0.521468435,-0.971814751,0.339031794,1,"Geno_at_37"
"Hacl1","ENSMUSG00000021884.18",-0.0983546248,0.8468458,-0.835416618,0.410188043,1,"Geno_at_37"
"Kif18a","ENSMUSG00000027115.14",-0.0983242655,5.22063303,-2.22991427,0.0335063289,1,"Geno_at_37"
"Src","ENSMUSG00000027646.15",-0.0982852043,4.6779606,-1.39869852,0.173460566,1,"Geno_at_37"
"Pde6a","ENSMUSG00000024575.16",-0.0982668074,-0.792115427,-1.07011524,0.293231783,1,"Geno_at_37"
"Rtl1","ENSMUSG00000085925.3",-0.098264453,-0.706409862,-1.02787528,0.312350114,1,"Geno_at_37"
"Gm47545","ENSMUSG00000113190.1",-0.0982607205,-0.52142262,-0.952078775,0.348781135,1,"Geno_at_37"
"Gm44899","ENSMUSG00000109008.2",0.0982523603,-0.464582218,0.828663063,0.413939279,1,"Geno_at_37"
"Slfn9","ENSMUSG00000069793.12",0.0982438967,5.68347022,1.99352031,0.0555084258,1,"Geno_at_37"
"Gm8817","ENSMUSG00000086008.8",0.0981711832,-0.0587953487,0.755897244,0.455695383,1,"Geno_at_37"
"Gm24399","ENSMUSG00000088494.1",0.0981697448,-0.581567117,0.900962232,0.37489393,1,"Geno_at_37"
"Gm8663","ENSMUSG00000117988.1",-0.0981634678,0.284966079,-0.796755556,0.431949021,1,"Geno_at_37"
"Id2","ENSMUSG00000020644.9",-0.0981222677,5.38790426,-1.06548742,0.30069496,1,"Geno_at_37"
"Gm4969","ENSMUSG00000085601.7",0.0981166951,-0.167208591,0.786408523,0.43789033,1,"Geno_at_37"
"Scarna13","ENSMUSG00000088789.1",0.0980998545,-0.560981403,0.816785527,0.420588182,1,"Geno_at_37"
"Spata33","ENSMUSG00000048478.7",0.0980522344,-0.484771679,0.916733497,0.366704726,1,"Geno_at_37"
"Gm26446","ENSMUSG00000064389.1",0.0980297858,-0.547698877,0.813362398,0.422516587,1,"Geno_at_37"
"Gm38155","ENSMUSG00000104245.1",-0.0980096032,1.23727241,-0.869473343,0.391596952,1,"Geno_at_37"
"Gm4219","ENSMUSG00000091378.1",0.0979974448,-0.553018862,1.05585792,0.299590466,1,"Geno_at_37"
"Gm5620","ENSMUSG00000056904.3",-0.0979918385,1.20420569,-0.886097476,0.382720386,1,"Geno_at_37"
"Sptbn2","ENSMUSG00000067889.6",0.0979742194,1.57182508,1.01616955,0.317797913,1,"Geno_at_37"
"Bola1","ENSMUSG00000015943.11",-0.0979393864,2.9310024,-1.32895391,0.194035201,1,"Geno_at_37"
"2610204G07Rik","ENSMUSG00000084860.1",0.0979173935,3.1327696,1.42705251,0.164048019,1,"Geno_at_37"
"Gm44091","ENSMUSG00000107688.1",0.0979128659,-0.573901208,0.820969839,0.418238364,1,"Geno_at_37"
"Plekho1","ENSMUSG00000015745.9",-0.0978932048,4.13197525,-1.26810779,0.215279066,1,"Geno_at_37"
"Nxnl1","ENSMUSG00000034829.8",-0.097891403,-0.654448644,-0.984858947,0.332689955,1,"Geno_at_37"
"Ripk4","ENSMUSG00000005251.15",0.0978855361,0.419043012,0.839785254,0.407772852,1,"Geno_at_37"
"Ppp1r26","ENSMUSG00000035829.13",0.0978568359,0.476212502,0.689474217,0.495904531,1,"Geno_at_37"
"Slc38a6","ENSMUSG00000044712.15",-0.097836736,4.13422827,-1.42564471,0.16445084,1,"Geno_at_37"
"Gm18225","ENSMUSG00000111808.1",0.0978279677,-0.635601361,0.811279464,0.423692659,1,"Geno_at_37"
"Ighm","ENSMUSG00000076617.9",-0.0978091109,7.71898708,-1.43843588,0.167265295,1,"Geno_at_37"
"Magi2","ENSMUSG00000040003.18",0.0977932333,0.925545313,0.677146253,0.503580891,1,"Geno_at_37"
"Brat1","ENSMUSG00000000148.17",-0.0977824626,4.63870364,-1.9160978,0.0650726955,1,"Geno_at_37"
"C230024C17Rik","ENSMUSG00000100334.1",-0.097737342,2.17940256,-0.982692335,0.333737708,1,"Geno_at_37"
"Jam2","ENSMUSG00000053062.16",-0.097704624,0.977999994,-0.899829329,0.375486731,1,"Geno_at_37"
"Polq","ENSMUSG00000034206.15",0.0977019349,5.87234032,1.83780853,0.0769262374,1,"Geno_at_37"
"Itga2","ENSMUSG00000015533.9",0.0977004887,0.265439605,0.695069314,0.492442357,1,"Geno_at_37"
"Slc43a2","ENSMUSG00000038178.16",-0.0976993795,6.10997786,-1.15702862,0.262618597,1,"Geno_at_37"
"1700008B11Rik","ENSMUSG00000104872.1",-0.09769375,-0.0633028684,-0.750095054,0.459129171,1,"Geno_at_37"
"Gm10705","ENSMUSG00000074506.4",0.097666792,5.1061823,1.82169835,0.0786393209,1,"Geno_at_37"
"Arhgap17","ENSMUSG00000030766.15",0.0976637821,5.76080741,2.84056719,0.00807558724,1,"Geno_at_37"
"Mkks","ENSMUSG00000027274.16",0.0976417999,2.31652781,1.0620921,0.296798248,1,"Geno_at_37"
"Zfp365","ENSMUSG00000037855.15",0.0976258825,2.08260274,0.898743828,0.376055299,1,"Geno_at_37"
"Tmem26","ENSMUSG00000060044.8",-0.0975979257,-0.463420236,-0.952796128,0.348423521,1,"Geno_at_37"
"Gm44249","ENSMUSG00000108199.1",0.0975957643,0.643459739,0.652888936,0.51887611,1,"Geno_at_37"
"Gm44065","ENSMUSG00000107502.1",-0.0975906133,-0.545184682,-0.931047943,0.359374259,1,"Geno_at_37"
"Gm16158","ENSMUSG00000086410.7",-0.0975900856,2.26564033,-0.987311096,0.331506817,1,"Geno_at_37"
"Gm6540","ENSMUSG00000117049.1",-0.0975430899,0.581205841,-0.827237387,0.414733886,1,"Geno_at_37"
"C130050O18Rik","ENSMUSG00000044092.8",-0.097540643,0.44438637,-0.863631354,0.39474728,1,"Geno_at_37"
"Hfm1","ENSMUSG00000043410.16",-0.0975342269,-0.918932841,-1.26663097,0.215181693,1,"Geno_at_37"
"Acsbg3","ENSMUSG00000024209.9",-0.0974997762,1.24750435,-0.853155858,0.400436482,1,"Geno_at_37"
"Elmod2","ENSMUSG00000035151.12",0.0974926019,4.30603007,1.90568066,0.0664629786,1,"Geno_at_37"
"Gm26049","ENSMUSG00000087938.1",-0.0974920155,0.00152420053,-0.709105205,0.483817398,1,"Geno_at_37"
"Gm43859","ENSMUSG00000105710.1",0.0974690431,1.20542244,0.795247097,0.432812115,1,"Geno_at_37"
"Tcp11l2","ENSMUSG00000020034.7",-0.0974662649,4.76229924,-1.2875047,0.210257093,1,"Geno_at_37"
"Gm13783","ENSMUSG00000086206.1",-0.0974590503,-0.515141648,-0.985417937,0.332419996,1,"Geno_at_37"
"Gm47050","ENSMUSG00000111546.1",-0.0974343057,5.13856634,-1.39498945,0.175941924,1,"Geno_at_37"
"5430434F05Rik","ENSMUSG00000108780.1",-0.0974313059,0.18092684,-0.624302396,0.537236873,1,"Geno_at_37"
"Unc5a","ENSMUSG00000025876.15",-0.0974265818,-0.414158005,-0.949600859,0.350018305,1,"Geno_at_37"
"Gm50152","ENSMUSG00000118344.1",-0.0974250366,-0.600049451,-0.987474254,0.331428196,1,"Geno_at_37"
"Luzp1","ENSMUSG00000001089.14",0.0974221393,5.36822545,2.29625987,0.0289352136,1,"Geno_at_37"
"Gm11839","ENSMUSG00000083246.1",0.0974033823,-0.0410931923,0.756971447,0.455061331,1,"Geno_at_37"
"Gm26881","ENSMUSG00000096974.2",-0.0973956455,-0.555391415,-0.879317255,0.386324968,1,"Geno_at_37"
"Sec14l2","ENSMUSG00000003585.13",-0.0973941412,2.35059421,-1.0489912,0.302687252,1,"Geno_at_37"
"Prss36","ENSMUSG00000070371.11",0.0973858163,1.43430234,0.942216798,0.353722346,1,"Geno_at_37"
"Igf2bp2","ENSMUSG00000033581.17",0.097382767,4.58247254,1.03039021,0.315091752,1,"Geno_at_37"
"Lacc1","ENSMUSG00000044350.14",0.0973809698,2.88056122,1.23647156,0.22602237,1,"Geno_at_37"
"Tnfaip3","ENSMUSG00000019850.11",0.0973577354,6.56054523,0.508916772,0.61766831,1,"Geno_at_37"
"Rras","ENSMUSG00000038387.9",0.0973379248,3.05339177,1.18334597,0.24610603,1,"Geno_at_37"
"Cabyr","ENSMUSG00000024430.14",-0.0973294249,-0.236888336,-0.716246368,0.479462477,1,"Geno_at_37"
"Lsm7","ENSMUSG00000035215.9",0.0973257379,3.0916001,1.18319112,0.246166433,1,"Geno_at_37"
"Gm10653","ENSMUSG00000074250.11",-0.0972948861,-0.302214984,-0.723489713,0.475068306,1,"Geno_at_37"
"Gm22573","ENSMUSG00000064916.1",0.0972932443,0.184816036,0.618627927,0.540948977,1,"Geno_at_37"
"Daw1","ENSMUSG00000053161.16",0.0972578144,1.39414666,0.898007825,0.376441123,1,"Geno_at_37"
"Mir1898","ENSMUSG00000084592.1",0.0972376525,0.334453567,0.734909785,0.468187754,1,"Geno_at_37"
"Adat2","ENSMUSG00000019808.8",0.097228829,3.37119976,1.37902551,0.178237494,1,"Geno_at_37"
"Ptov1","ENSMUSG00000038502.17",-0.0972148162,4.56772471,-1.60234677,0.119717479,1,"Geno_at_37"
"Zfyve9","ENSMUSG00000034557.14",0.0971992302,2.03005921,0.916276922,0.366940142,1,"Geno_at_37"
"Gm4356","ENSMUSG00000117145.1",-0.0971946345,0.167729623,-0.741038822,0.464519081,1,"Geno_at_37"
"Rdh10","ENSMUSG00000025921.7",0.0971935257,4.82081461,1.52953721,0.137199987,1,"Geno_at_37"
"Gpsm2","ENSMUSG00000027883.15",-0.0971625445,5.02678507,-1.91934237,0.064644852,1,"Geno_at_37"
"Bcl2l14","ENSMUSG00000030200.13",-0.0971576537,0.0342894698,-0.86286381,0.395162378,1,"Geno_at_37"
"Tssk5","ENSMUSG00000060794.8",0.0971481013,-0.607017569,0.833697737,0.411140769,1,"Geno_at_37"
"Gm16618","ENSMUSG00000086837.1",-0.0971318843,0.675589599,-0.731411462,0.470289296,1,"Geno_at_37"
"Gm45244","ENSMUSG00000109807.1",0.097126466,-0.480115894,0.911265626,0.369530539,1,"Geno_at_37"
"Ptch2","ENSMUSG00000028681.11",-0.0970959942,-0.408955517,-0.823362905,0.41689813,1,"Geno_at_37"
"Lypd8","ENSMUSG00000013643.13",0.0970955955,-0.497093341,0.738515611,0.466027366,1,"Geno_at_37"
"Mapk1ip1","ENSMUSG00000041775.7",-0.0970945895,3.82499082,-1.8108734,0.0803399473,1,"Geno_at_37"
"Gm29668","ENSMUSG00000099835.1",-0.0970716001,-0.66503226,-1.03128131,0.310777178,1,"Geno_at_37"
"Scamp4","ENSMUSG00000113949.1",0.0970525491,0.420861097,0.741274604,0.464378285,1,"Geno_at_37"
"Atl1","ENSMUSG00000021066.9",-0.0970504838,0.31131344,-0.726332885,0.473349868,1,"Geno_at_37"
"Bmerb1","ENSMUSG00000044117.12",-0.0970279255,0.689276606,-0.756881217,0.455114569,1,"Geno_at_37"
"Dnajc13","ENSMUSG00000032560.14",0.0970160075,6.95677245,3.04761229,0.00482491093,1,"Geno_at_37"
"AA474408","ENSMUSG00000073867.2",0.0970082039,1.47973545,0.808078408,0.425503969,1,"Geno_at_37"
"Tmem132a","ENSMUSG00000024736.15",-0.0970015485,2.24348878,-1.18087816,0.247069994,1,"Geno_at_37"
"Gm18432","ENSMUSG00000102609.1",-0.0969815484,-0.64585963,-0.866251992,0.393332097,1,"Geno_at_37"
"Ctsd","ENSMUSG00000007891.16",-0.0969808208,6.02144841,-2.84458505,0.00799638911,1,"Geno_at_37"
"Cox11","ENSMUSG00000020544.14",-0.0969784167,2.60576998,-1.28014424,0.21045408,1,"Geno_at_37"
"2610017A05Rik","ENSMUSG00000107909.1",-0.0969701379,0.731126919,-0.762869535,0.451589283,1,"Geno_at_37"
"Gm6051","ENSMUSG00000107020.1",-0.0969591794,-8.96666917e-05,-0.700093191,0.489345292,1,"Geno_at_37"
"Gm11427","ENSMUSG00000083161.2",-0.0969529858,4.00438161,-1.43732861,0.161131288,1,"Geno_at_37"
"1110002L01Rik","ENSMUSG00000071456.6",0.0969308298,2.61919142,0.997980121,0.326392439,1,"Geno_at_37"
"Kbtbd13","ENSMUSG00000054978.3",0.0969245593,-0.654868141,0.717058962,0.479142012,1,"Geno_at_37"
"Gm43668","ENSMUSG00000105176.1",-0.0969206708,1.67275044,-0.864541449,0.394255449,1,"Geno_at_37"
"Mir8091","ENSMUSG00000098286.1",0.096917212,0.572979758,0.72569861,0.473732918,1,"Geno_at_37"
"Gm9210","ENSMUSG00000117244.1",0.0968997132,-0.0126514448,0.707977404,0.484507226,1,"Geno_at_37"
"Dnah7c","ENSMUSG00000101337.6",-0.0968885863,-0.618545885,-0.804236918,0.427683932,1,"Geno_at_37"
"Olfr545","ENSMUSG00000044824.8",0.0968618364,-0.809884793,1.01071352,0.320359374,1,"Geno_at_37"
"Fpgs","ENSMUSG00000009566.12",-0.0968380315,5.21542118,-1.77290614,0.0865549539,1,"Geno_at_37"
"Ahnak2","ENSMUSG00000072812.4",-0.0967939278,0.362718618,-0.803413028,0.428152361,1,"Geno_at_37"
"Ripor3","ENSMUSG00000074577.9",0.0967778304,1.58255557,0.865212575,0.39389301,1,"Geno_at_37"
"Snora2b","ENSMUSG00000065939.1",-0.0967691183,-0.709028584,-0.804582972,0.427487274,1,"Geno_at_37"
"Gm37352","ENSMUSG00000103593.1",-0.0967275803,2.56252027,-0.548406723,0.589979678,1,"Geno_at_37"
"BC028777","ENSMUSG00000085185.10",0.0967262527,-0.371092344,0.787814812,0.437079942,1,"Geno_at_37"
"Gm11400","ENSMUSG00000081208.1",0.0967194228,2.04097876,0.830331236,0.413010719,1,"Geno_at_37"
"Glt28d2","ENSMUSG00000031286.6",0.0966977409,-0.0131073983,0.819280781,0.419185922,1,"Geno_at_37"
"Armc6","ENSMUSG00000002343.11",0.0966899427,3.70145176,1.70265193,0.0991328542,1,"Geno_at_37"
"Fut4","ENSMUSG00000049307.6",0.0966837061,2.97648974,1.25013945,0.221059716,1,"Geno_at_37"
"Sema4c","ENSMUSG00000026121.13",-0.0966804824,3.88333136,-0.980791671,0.33700169,1,"Geno_at_37"
"Gm45094","ENSMUSG00000108753.1",0.0966739951,0.505986654,0.614301501,0.543761449,1,"Geno_at_37"
"Castor1","ENSMUSG00000020424.3",-0.0966662706,2.80191831,-1.19058723,0.243293483,1,"Geno_at_37"
"Lynx1","ENSMUSG00000022594.14",-0.0966576019,0.781520074,-0.689047809,0.496168945,1,"Geno_at_37"
"Map2k7","ENSMUSG00000002948.19",-0.0966454115,5.9835824,-2.68540749,0.0117623621,1,"Geno_at_37"
"Tst","ENSMUSG00000044986.10",-0.0966161034,1.15354698,-0.878301829,0.386866672,1,"Geno_at_37"
"Baz2b","ENSMUSG00000026987.16",-0.0966118095,5.07698987,-1.95405149,0.0602185941,1,"Geno_at_37"
"Sort1","ENSMUSG00000068747.14",0.0966072576,0.290588385,0.844376271,0.405244342,1,"Geno_at_37"
"Gm19945","ENSMUSG00000116475.1",0.0966033866,2.0029268,1.015144,0.318278304,1,"Geno_at_37"
"Ubald1","ENSMUSG00000039568.6",-0.0965803485,5.23327539,-2.09628959,0.0447276115,1,"Geno_at_37"
"Rbm38","ENSMUSG00000027510.17",-0.0965665077,7.55525865,-2.43418694,0.0211904701,1,"Geno_at_37"
"Gm3375","ENSMUSG00000107470.1",-0.0965617849,3.3455436,-1.58600617,0.12338372,1,"Geno_at_37"
"Aadacl2fm2","ENSMUSG00000090527.2",0.0965591924,-0.8688748,1.23723907,0.225741499,1,"Geno_at_37"
"Enoph1","ENSMUSG00000029326.13",-0.0965468624,4.54207932,-1.8216865,0.0786411659,1,"Geno_at_37"
"Gm14335","ENSMUSG00000081805.1",-0.09653739,0.0401639031,-0.703227307,0.487418805,1,"Geno_at_37"
"Neil2","ENSMUSG00000035121.6",0.0965224701,1.85402978,0.969895942,0.339971521,1,"Geno_at_37"
"Rnf223","ENSMUSG00000110404.1",-0.0965140893,0.275752648,-0.79257943,0.43434104,1,"Geno_at_37"
"Gm45890","ENSMUSG00000110615.1",0.0965020763,-0.399943976,0.897878825,0.376508774,1,"Geno_at_37"
"Gm12264","ENSMUSG00000086536.1",-0.0964940193,0.112432348,-0.758268897,0.454296203,1,"Geno_at_37"
"Slc8b1","ENSMUSG00000032754.14",-0.0964826409,2.64919813,-1.13926222,0.263746225,1,"Geno_at_37"
"Tmem151a","ENSMUSG00000061451.13",0.0964799717,-0.696391055,0.870546639,0.391019919,1,"Geno_at_37"
"Wdr46-ps","ENSMUSG00000105893.1",0.0964557553,-0.498989316,0.729136527,0.471658848,1,"Geno_at_37"
"Rpp25","ENSMUSG00000062309.8",0.0964438389,-0.0765364789,0.692229473,0.494197909,1,"Geno_at_37"
"Gm10557","ENSMUSG00000073647.4",0.0964385108,4.65430979,1.75885528,0.0889562908,1,"Geno_at_37"
"Gm28995","ENSMUSG00000101798.1",-0.0964378684,-0.639429658,-0.911029247,0.36965302,1,"Geno_at_37"
"Vinac1","ENSMUSG00000079051.5",0.0964353854,-0.62858929,0.816849763,0.420552047,1,"Geno_at_37"
"Gem","ENSMUSG00000028214.13",0.0964277398,4.25362866,0.91684856,0.370319246,1,"Geno_at_37"
"1700066M21Rik","ENSMUSG00000038323.3",-0.0964151907,3.80675248,-1.48608811,0.147849181,1,"Geno_at_37"
"Csf2","ENSMUSG00000018916.5",0.0964009397,0.828008249,0.444954109,0.661003898,1,"Geno_at_37"
"Gm5120","ENSMUSG00000111151.1",-0.0963977569,-0.0303388152,-0.670920143,0.507482694,1,"Geno_at_37"
"Suv39h2","ENSMUSG00000026646.16",-0.0963960308,4.41610265,-1.87579609,0.0705949631,1,"Geno_at_37"
"Gm27162","ENSMUSG00000099025.1",0.0963901684,0.394363292,0.846625808,0.40400901,1,"Geno_at_37"
"Gm20775","ENSMUSG00000075359.2",-0.0963587282,0.260407855,-0.920512421,0.364760067,1,"Geno_at_37"
"F2r","ENSMUSG00000048376.6",-0.0963497092,6.19626353,-1.56683698,0.131212778,1,"Geno_at_37"
"Chit1","ENSMUSG00000026450.14",-0.0963413167,-0.370812555,-0.722863847,0.475447068,1,"Geno_at_37"
"Gm47861","ENSMUSG00000112144.1",0.0963344988,-0.808346821,0.972921626,0.338490506,1,"Geno_at_37"
"Herc1","ENSMUSG00000038664.16",0.0963340166,7.19761739,2.55990886,0.0158354487,1,"Geno_at_37"
"Ak4","ENSMUSG00000028527.18",0.0963309917,3.94795538,0.429913856,0.672907253,1,"Geno_at_37"
"6720475M21Rik","ENSMUSG00000107009.1",0.0963210131,-0.583630287,0.747143528,0.460881745,1,"Geno_at_37"
"Atp6v0a1","ENSMUSG00000019302.16",-0.0963099281,5.39023519,-1.3504622,0.19057503,1,"Geno_at_37"
"Rpl10-ps6","ENSMUSG00000080885.1",-0.0962972195,0.95311583,-0.681145013,0.501083741,1,"Geno_at_37"
"Tln2","ENSMUSG00000052698.15",-0.0962801287,2.26655743,-0.90854792,0.370940339,1,"Geno_at_37"
"Gm13655","ENSMUSG00000082152.1",-0.096231839,-0.34709468,-0.797438044,0.431558867,1,"Geno_at_37"
"Erfe","ENSMUSG00000047443.14",-0.0962245437,1.7214997,-0.993379142,0.328591351,1,"Geno_at_37"
"B630019A10Rik","ENSMUSG00000068463.4",-0.0961796853,0.0664729817,-0.675518052,0.504599648,1,"Geno_at_37"
"Gm15850","ENSMUSG00000086264.9",0.0961621128,-0.574083785,0.823301066,0.416932729,1,"Geno_at_37"
"Runx2","ENSMUSG00000039153.17",-0.0961496043,4.3722688,-1.31079834,0.200782512,1,"Geno_at_37"
"B230317F23Rik","ENSMUSG00000045746.3",0.0961419935,-0.381456243,0.646782346,0.523052081,1,"Geno_at_37"
"Ube2t","ENSMUSG00000026429.9",0.096126813,4.3288813,1.80079877,0.081950815,1,"Geno_at_37"
"Gm26737","ENSMUSG00000097467.2",-0.0961207777,0.599487218,-0.744002114,0.462751383,1,"Geno_at_37"
"D330041H03Rik","ENSMUSG00000073437.10",0.0960611316,4.37509891,1.65568149,0.108370861,1,"Geno_at_37"
"Il21","ENSMUSG00000027718.8",-0.0960515661,-0.736545835,-0.692261075,0.494594499,1,"Geno_at_37"
"Gm8762","ENSMUSG00000104360.1",-0.0960349997,0.25939014,-0.889910678,0.380702717,1,"Geno_at_37"
"Slc6a20b","ENSMUSG00000025243.15",0.0959992327,-0.147630184,0.854965648,0.399449905,1,"Geno_at_37"
"Prr33","ENSMUSG00000043795.10",-0.0959963279,3.20877229,-1.13220406,0.266653762,1,"Geno_at_37"
"Slc39a10","ENSMUSG00000025986.6",0.0959928423,4.37733805,1.32645166,0.195475686,1,"Geno_at_37"
"4921528I07Rik","ENSMUSG00000064299.6",0.0959907538,0.740982306,0.819400576,0.419118674,1,"Geno_at_37"
"Gm50204","ENSMUSG00000118274.1",-0.0959874799,-0.493334512,-0.90556562,0.37249143,1,"Geno_at_37"
"6030443J06Rik","ENSMUSG00000097207.7",0.0959725579,0.649639922,0.782139357,0.440356041,1,"Geno_at_37"
"BC051142","ENSMUSG00000057246.16",0.0959559701,-0.605735552,0.961782995,0.343964178,1,"Geno_at_37"
"Gm17029","ENSMUSG00000086740.1",0.0959363094,0.317918713,0.839528792,0.40791439,1,"Geno_at_37"
"Gm25549","ENSMUSG00000088705.1",-0.0959149826,-0.607143654,-0.930553964,0.359625604,1,"Geno_at_37"
"Mir1943","ENSMUSG00000088901.1",0.095910949,-0.162620041,0.773002535,0.445661177,1,"Geno_at_37"
"Gm23297","ENSMUSG00000065118.1",-0.095900498,-0.353710491,-0.722502813,0.475665638,1,"Geno_at_37"
"5730405O15Rik","ENSMUSG00000087424.1",-0.0958819174,0.674673689,-0.713914278,0.480882186,1,"Geno_at_37"
"Prune1","ENSMUSG00000015711.8",-0.0958807376,4.02006155,-2.04644238,0.0497009139,1,"Geno_at_37"
"4933407K13Rik","ENSMUSG00000087396.7",-0.0958777873,2.51390275,-1.01174305,0.319874956,1,"Geno_at_37"
"Lonrf1","ENSMUSG00000039633.7",0.0958758018,3.0915333,1.15924101,0.255641023,1,"Geno_at_37"
"Zfp839","ENSMUSG00000021271.5",-0.0958669025,3.66679872,-1.58542821,0.123515061,1,"Geno_at_37"
"Gm33460","ENSMUSG00000110692.1",-0.095834257,-0.559717383,-0.93889089,0.35539919,1,"Geno_at_37"
"Rab30","ENSMUSG00000030643.14",-0.095833281,-0.372917543,-0.683981406,0.499318345,1,"Geno_at_37"
"1810014B01Rik","ENSMUSG00000097412.2",0.0958069621,2.68549003,1.20917888,0.2361813,1,"Geno_at_37"
"Flywch2","ENSMUSG00000023911.12",0.0957942375,0.039918439,0.733031048,0.469315684,1,"Geno_at_37"
"Gm37881","ENSMUSG00000104101.1",-0.0957709512,4.60880565,-1.80953774,0.0805519441,1,"Geno_at_37"
"Sarnp","ENSMUSG00000078427.3",-0.0957198971,3.69768958,-1.71926416,0.0960277884,1,"Geno_at_37"
"Shoc1","ENSMUSG00000038598.9",-0.0957145629,-0.607325357,-0.792868074,0.434175451,1,"Geno_at_37"
"G6pd2","ENSMUSG00000089992.3",0.0957127409,-0.537216843,0.942703019,0.353477647,1,"Geno_at_37"
"Itgax","ENSMUSG00000030789.9",-0.0957029282,-0.662483247,-1.00127538,0.324823752,1,"Geno_at_37"
"Gm25328","ENSMUSG00000095087.1",0.0956990429,-0.450736865,0.844509804,0.405170947,1,"Geno_at_37"
"Tbc1d7","ENSMUSG00000021368.15",0.0956959277,3.14049633,1.21203427,0.23510281,1,"Geno_at_37"
"5430435K18Rik","ENSMUSG00000107387.1",0.0956813385,-0.919731501,1.25351241,0.219847754,1,"Geno_at_37"
"4930515G01Rik","ENSMUSG00000092183.1",-0.095674106,0.346896885,-0.675112413,0.504853632,1,"Geno_at_37"
"Gm42798","ENSMUSG00000106717.1",0.095649089,1.16927593,0.777920742,0.442800761,1,"Geno_at_37"
"Gm5786","ENSMUSG00000066487.3",0.0956426117,3.56563666,1.55536896,0.130505756,1,"Geno_at_37"
"Gm8401","ENSMUSG00000082336.1",0.0956237846,-0.462982632,1.01879338,0.316571137,1,"Geno_at_37"
"Hacd2","ENSMUSG00000035376.10",0.0956166116,4.10462215,2.02502856,0.0519830564,1,"Geno_at_37"
"Chid1","ENSMUSG00000025512.15",0.095615884,4.45522439,1.81395819,0.079852148,1,"Geno_at_37"
"Cacna1f","ENSMUSG00000031142.17",0.0956069307,-0.329525074,0.796392564,0.432156618,1,"Geno_at_37"
"Mir652","ENSMUSG00000076011.1",0.0955895657,-0.557661678,0.936351937,0.356682812,1,"Geno_at_37"
"Eif3j2","ENSMUSG00000043424.10",0.0955837321,6.07646346,2.34089349,0.0261856374,1,"Geno_at_37"
"Gm26513","ENSMUSG00000097150.1",-0.0955741071,-0.315474119,-0.758879513,0.453936377,1,"Geno_at_37"
"Bbs7","ENSMUSG00000037325.10",0.0955715193,1.64046618,0.756513202,0.455331747,1,"Geno_at_37"
"Ciao2b","ENSMUSG00000031879.14",0.0955248162,4.86841675,2.04852367,0.0494838828,1,"Geno_at_37"
"Casc1","ENSMUSG00000043541.16",-0.0955000677,1.69419212,-0.815624882,0.421241417,1,"Geno_at_37"
"Gm45716","ENSMUSG00000110344.1",-0.0954564518,3.88412283,-1.42748091,0.163925593,1,"Geno_at_37"
"Hexa","ENSMUSG00000025232.8",-0.0954218978,4.71791519,-1.74420751,0.0915194717,1,"Geno_at_37"
"Gm45495","ENSMUSG00000106981.1",0.0954044058,0.175361827,0.851879548,0.401133165,1,"Geno_at_37"
"Angptl2","ENSMUSG00000004105.8",-0.0954031225,9.28862309,-2.06286149,0.0507299132,1,"Geno_at_37"
"Spink2","ENSMUSG00000053030.11",-0.0954019168,-0.338171477,-0.821242868,0.418085319,1,"Geno_at_37"
"Dll4","ENSMUSG00000027314.6",0.095393993,-0.787743197,1.05991071,0.297773179,1,"Geno_at_37"
"Gm16418","ENSMUSG00000084093.1",-0.0953866375,1.36603716,-0.878147116,0.38694925,1,"Geno_at_37"
"Snord71","ENSMUSG00000077549.1",0.0953764361,0.064221783,0.756557075,0.455305853,1,"Geno_at_37"
"B4galnt4","ENSMUSG00000055629.5",0.0953533935,1.98128648,1.03791715,0.307728496,1,"Geno_at_37"
"Dnajc19","ENSMUSG00000027679.13",-0.0953516715,3.76382702,-1.58817106,0.12289276,1,"Geno_at_37"
"Gm24762","ENSMUSG00000065623.1",-0.0953287171,-0.396588671,-0.888390187,0.381506425,1,"Geno_at_37"
"Gm11342","ENSMUSG00000084788.2",-0.0953280353,-0.475660988,-0.834211909,0.410855633,1,"Geno_at_37"
"AC161757.1","ENSMUSG00000118495.1",-0.0953140729,1.18986291,-0.724847563,0.474247161,1,"Geno_at_37"
"Gm13392","ENSMUSG00000083373.1",-0.0952990826,-0.557528027,-0.938469574,0.355611983,1,"Geno_at_37"
"Tmem38a","ENSMUSG00000031791.8",0.0952948599,1.19557405,0.791773682,0.434803484,1,"Geno_at_37"
"Gm49979","ENSMUSG00000117412.1",0.0952725548,0.161939896,0.748617335,0.460006128,1,"Geno_at_37"
"Stx8","ENSMUSG00000020903.13",-0.0952595877,4.78284248,-2.1179641,0.0427063446,1,"Geno_at_37"
"Gm11832","ENSMUSG00000086103.1",0.0952452343,1.9401643,0.93214491,0.358816519,1,"Geno_at_37"
"B3gnt9","ENSMUSG00000069920.10",-0.0952357349,0.714111614,-0.840568213,0.407340938,1,"Geno_at_37"
"Hexdc","ENSMUSG00000039307.16",-0.0952199424,2.9330021,-1.36694556,0.181953613,1,"Geno_at_37"
"Echs1","ENSMUSG00000025465.13",-0.09521828,5.40197177,-2.12501865,0.0420662011,1,"Geno_at_37"
"Siah2","ENSMUSG00000036432.8",-0.0952163035,4.58739088,-1.51965684,0.139226963,1,"Geno_at_37"
"Gm10069","ENSMUSG00000059659.7",-0.0952086695,0.609365839,-0.831053644,0.412609006,1,"Geno_at_37"
"Gm26779","ENSMUSG00000097140.1",-0.095204494,1.17286248,-0.853883859,0.400039439,1,"Geno_at_37"
"Vwa5b2","ENSMUSG00000046613.19",0.0951727738,-0.661079176,0.914380497,0.367919023,1,"Geno_at_37"
"4930428O21Rik","ENSMUSG00000106333.1",0.0951498218,-0.698487088,0.916972255,0.366581659,1,"Geno_at_37"
"Gm35339","ENSMUSG00000109179.2",0.0951135265,2.28712551,1.01231398,0.319606534,1,"Geno_at_37"
"Gm49594","ENSMUSG00000116835.1",0.0951024991,1.25418699,0.955478401,0.347088532,1,"Geno_at_37"
"8430432A02Rik","ENSMUSG00000041878.3",-0.0950995444,-0.538065234,-0.858117148,0.397735592,1,"Geno_at_37"
"Ssx2ip","ENSMUSG00000036825.12",0.0950722686,5.3890916,2.61102403,0.0140400009,1,"Geno_at_37"
"Rpl11","ENSMUSG00000059291.15",-0.0950445316,5.38491268,-2.58838256,0.0148106675,1,"Geno_at_37"
"Pctp","ENSMUSG00000020553.8",-0.095021994,1.89389662,-0.881520539,0.385151249,1,"Geno_at_37"
"9330161L09Rik","ENSMUSG00000055271.5",0.0950178252,-0.230118214,0.781670168,0.440627536,1,"Geno_at_37"
"Gm4294","ENSMUSG00000078377.5",0.0950046543,1.06242539,0.863570975,0.394779924,1,"Geno_at_37"
"Cd109","ENSMUSG00000046186.8",-0.0950000504,2.24580113,-0.727164028,0.473562169,1,"Geno_at_37"
"Mrpl23","ENSMUSG00000037772.13",-0.0949953794,3.08852322,-1.40770693,0.169652305,1,"Geno_at_37"
"Gm26581","ENSMUSG00000097108.1",-0.0949699183,-0.320116461,-0.738712906,0.465909327,1,"Geno_at_37"
"Tox","ENSMUSG00000041272.11",-0.0949505437,5.91016219,-2.3392632,0.0262817415,1,"Geno_at_37"
"Mucl3","ENSMUSG00000073408.2",-0.0949454406,-0.867338243,-1.05679616,0.299169065,1,"Geno_at_37"
"Plce1","ENSMUSG00000024998.17",0.0949186544,0.135405376,0.722502291,0.475665954,1,"Geno_at_37"
"Zgpat","ENSMUSG00000027582.16",0.094915016,5.4067674,2.10241961,0.0441475184,1,"Geno_at_37"
"Mest","ENSMUSG00000051855.15",-0.094901556,0.621269042,-0.698429568,0.490369641,1,"Geno_at_37"
"1700019C18Rik","ENSMUSG00000113770.1",0.0948809842,-0.75022646,0.876470913,0.387844649,1,"Geno_at_37"
"Scnn1g","ENSMUSG00000000216.8",0.0948226124,-0.559522973,0.933972258,0.357888696,1,"Geno_at_37"
"Gm23640","ENSMUSG00000088485.1",-0.0948217129,-0.57580991,-0.795217791,0.432828894,1,"Geno_at_37"
"Rps12-ps26","ENSMUSG00000081103.1",0.0948021164,-0.167395457,0.778259063,0.442604401,1,"Geno_at_37"
"Gm25014","ENSMUSG00000089026.2",0.0948005197,-0.537311014,0.951252951,0.349193126,1,"Geno_at_37"
"Gm50021","ENSMUSG00000117441.1",-0.0947647283,1.21834077,-0.815612052,0.421248641,1,"Geno_at_37"
"Gm16315","ENSMUSG00000090230.1",0.094754032,2.01967618,0.796865413,0.431886205,1,"Geno_at_37"
"Lrriq3","ENSMUSG00000028182.14",-0.094742484,-0.595457549,-0.732588935,0.469581343,1,"Geno_at_37"
"Gm23553","ENSMUSG00000088442.1",0.094738933,-0.434757586,0.776023132,0.443903096,1,"Geno_at_37"
"Ttc25","ENSMUSG00000006784.14",-0.0947323185,-0.167406398,-0.720295328,0.477003308,1,"Geno_at_37"
"Gm44552","ENSMUSG00000108319.1",-0.0947295201,-0.332169883,-0.798077131,0.431193718,1,"Geno_at_37"
"Gm13237","ENSMUSG00000095865.1",0.0947239139,0.439710577,0.621380454,0.539114289,1,"Geno_at_37"
"Gna12","ENSMUSG00000000149.10",-0.0947204315,5.19731965,-1.85501204,0.0735976253,1,"Geno_at_37"
"Bcas1","ENSMUSG00000013523.13",0.0946599557,2.00444482,0.979535449,0.33526835,1,"Geno_at_37"
"Scrt1","ENSMUSG00000048385.9",0.0946534212,-0.571486216,0.876491321,0.387833739,1,"Geno_at_37"
"Nlrp10","ENSMUSG00000049709.4",-0.0946526199,1.57004044,-0.920355685,0.364840589,1,"Geno_at_37"
"Ikzf2","ENSMUSG00000025997.13",-0.0946513351,3.83302662,-1.32686923,0.194715663,1,"Geno_at_37"
"Efhc1","ENSMUSG00000041809.5",0.0946022452,-0.183630071,0.787807092,0.437084388,1,"Geno_at_37"
"Pmel","ENSMUSG00000025359.10",-0.094566684,3.56374703,-1.23337912,0.227156714,1,"Geno_at_37"
"Elp6","ENSMUSG00000054836.12",-0.0945009096,3.74680541,-1.45988446,0.154873577,1,"Geno_at_37"
"Dyrk1b","ENSMUSG00000002409.18",-0.0944913539,3.90652914,-1.28124728,0.210071695,1,"Geno_at_37"
"Gm15703","ENSMUSG00000083890.1",-0.0944907521,-0.588163934,-0.8686135,0.392059618,1,"Geno_at_37"
"Lin7b","ENSMUSG00000003872.9",-0.0944872513,-0.306127395,-0.699900038,0.489464161,1,"Geno_at_37"
"Gm4890","ENSMUSG00000097174.2",0.0944719904,1.50532019,0.827931777,0.414346746,1,"Geno_at_37"
"Ccdc88a","ENSMUSG00000032740.17",0.0944657973,3.20901104,1.1769788,0.248598806,1,"Geno_at_37"
"Gm37422","ENSMUSG00000104435.1",-0.0944623853,3.80262476,-1.51983041,0.139183461,1,"Geno_at_37"
"Ica1l","ENSMUSG00000026018.12",-0.0944589883,0.687265959,-0.598859519,0.553926626,1,"Geno_at_37"
"Gm5113","ENSMUSG00000066647.8",0.0944571652,2.08683703,0.972587158,0.338654007,1,"Geno_at_37"
"G430095P16Rik","ENSMUSG00000074203.4",-0.0944505217,2.34781605,-0.926052224,0.361921514,1,"Geno_at_37"
"Rpl6l","ENSMUSG00000091086.2",-0.0944353714,7.41294038,-2.4393336,0.0209420946,1,"Geno_at_37"
"Cep350","ENSMUSG00000033671.18",0.0944308085,6.68475841,2.53153301,0.0169215616,1,"Geno_at_37"
"Gm20627","ENSMUSG00000093507.1",-0.0944188167,-0.140922685,-0.773150675,0.445574858,1,"Geno_at_37"
"Gm49553","ENSMUSG00000116433.1",0.0944143634,2.96429124,1.13692673,0.264705752,1,"Geno_at_37"
"Gm16580","ENSMUSG00000089764.2",-0.0943720653,6.40262645,-2.83030713,0.00828118935,1,"Geno_at_37"
"Gnb5","ENSMUSG00000032192.9",-0.0943681078,2.25689023,-0.936542695,0.356586264,1,"Geno_at_37"
"E230029C05Rik","ENSMUSG00000097585.2",0.0943608839,0.0696284744,0.72593356,0.473591006,1,"Geno_at_37"
"Gm43147","ENSMUSG00000105871.1",-0.0943537396,-0.573737008,-0.912637362,0.368820287,1,"Geno_at_37"
"Mrps33","ENSMUSG00000029918.9",-0.0943525955,3.38386964,-1.24254722,0.223806138,1,"Geno_at_37"
"Gm37844","ENSMUSG00000102615.1",-0.0943355106,0.416339387,-0.698682065,0.490214092,1,"Geno_at_37"
"Fer1l5","ENSMUSG00000037432.15",0.0943260482,2.68946132,1.22811945,0.229095811,1,"Geno_at_37"
"Unc5cl","ENSMUSG00000043592.15",-0.0943243566,3.14349727,-1.46930687,0.152317623,1,"Geno_at_37"
"Gstm2-ps1","ENSMUSG00000107369.1",-0.0942923867,-0.882016295,-1.1697035,0.251469791,1,"Geno_at_37"
"Gm37362","ENSMUSG00000104016.1",-0.0942668886,0.335494147,-0.707587788,0.484745668,1,"Geno_at_37"
"9330104G04Rik","ENSMUSG00000097842.2",-0.0942365073,0.459832458,-0.914079604,0.368074493,1,"Geno_at_37"
"Gm45380","ENSMUSG00000110360.1",-0.0942329902,-0.00101985177,-0.780194067,0.441482339,1,"Geno_at_37"
"Rin1","ENSMUSG00000024883.8",0.0941984422,0.686547329,0.936892638,0.356409192,1,"Geno_at_37"
"Ndufaf4","ENSMUSG00000028261.13",-0.094184446,5.03889771,-2.24801992,0.0321983951,1,"Geno_at_37"
"Gm8228","ENSMUSG00000099779.1",-0.0941675914,3.02992296,-1.37700254,0.178855644,1,"Geno_at_37"
"Gm13192","ENSMUSG00000069188.5",-0.094167393,3.69452089,-1.69453387,0.100680618,1,"Geno_at_37"
"Mdm4-ps","ENSMUSG00000081739.3",0.0941655274,-0.424803287,0.839099277,0.408151502,1,"Geno_at_37"
"Cd3eap","ENSMUSG00000047649.9",-0.0941532521,5.5253901,-1.81700923,0.0793721768,1,"Geno_at_37"
"Rnd1","ENSMUSG00000054855.13",0.0941284785,0.0743278297,0.725045021,0.474127819,1,"Geno_at_37"
"Upk3bl","ENSMUSG00000006143.12",0.0941148157,-0.641333757,0.966547658,0.341615525,1,"Geno_at_37"
"Lamc1","ENSMUSG00000026478.14",0.0941030935,7.1035466,1.93343002,0.0642091827,1,"Geno_at_37"
"Gm8181","ENSMUSG00000048188.6",0.0940892271,3.20929013,1.17578808,0.249067034,1,"Geno_at_37"
"Lrp1","ENSMUSG00000040249.15",0.0940874943,3.50235803,0.787517814,0.439866479,1,"Geno_at_37"
"Ralgps1","ENSMUSG00000038831.16",0.0940830715,3.30573425,1.12469279,0.269773337,1,"Geno_at_37"
"Gm5857","ENSMUSG00000106416.1",-0.0940717313,-0.494118342,-0.773706172,0.445251266,1,"Geno_at_37"
"Tnfsf13b","ENSMUSG00000031497.9",-0.0940692307,-0.150305261,-0.614221887,0.543951716,1,"Geno_at_37"
"5730414N17Rik","ENSMUSG00000116506.1",-0.0940571894,-0.433128003,-0.94127172,0.354198297,1,"Geno_at_37"
"Arhgap5","ENSMUSG00000035133.9",0.0940555479,4.95890035,1.83686426,0.0763085718,1,"Geno_at_37"
"Cry2","ENSMUSG00000068742.11",-0.0939745385,3.89162817,-1.61218723,0.117553236,1,"Geno_at_37"
"Gm11399","ENSMUSG00000087111.1",-0.0939535757,-0.586546048,-0.814610457,0.421812868,1,"Geno_at_37"
"Junos","ENSMUSG00000087366.7",0.0939458126,1.58059056,0.832241654,0.411948912,1,"Geno_at_37"
"Gm43769","ENSMUSG00000107254.1",-0.0939381329,0.484817761,-0.727727959,0.47250799,1,"Geno_at_37"
"Ctnnbip1","ENSMUSG00000028988.13",-0.0939287839,2.28039134,-1.08297258,0.287579658,1,"Geno_at_37"
"Pik3cb","ENSMUSG00000032462.14",0.0939224528,3.31114729,1.43307442,0.162333748,1,"Geno_at_37"
"3300005D01Rik","ENSMUSG00000096965.7",-0.0939146763,0.240330258,-0.790363596,0.435613495,1,"Geno_at_37"
"Gm29093","ENSMUSG00000100201.1",-0.0939084828,1.98071076,-0.921511633,0.364246999,1,"Geno_at_37"
"Gm35290","ENSMUSG00000117263.1",0.093891603,0.135448418,0.765821912,0.449857229,1,"Geno_at_37"
"Gipc3","ENSMUSG00000034872.6",-0.0938597006,1.20098554,-0.819041479,0.419320278,1,"Geno_at_37"
"Gm28989","ENSMUSG00000101308.1",0.0938468246,-0.0931978453,0.835500955,0.410141333,1,"Geno_at_37"
"Pex11g","ENSMUSG00000069633.12",-0.0938253068,0.962385111,-0.849167042,0.402616348,1,"Geno_at_37"
"Zbtb8a","ENSMUSG00000028807.2",0.0937935468,1.95008482,0.897794026,0.376553248,1,"Geno_at_37"
"Oscar","ENSMUSG00000054594.13",0.093787297,-0.565375198,0.779024025,0.442160613,1,"Geno_at_37"
"Nudt14","ENSMUSG00000002804.4",-0.0937659312,3.31117457,-1.34807841,0.187878175,1,"Geno_at_37"
"Tmem126b","ENSMUSG00000030614.8",0.0937619804,4.21939289,1.37236654,0.180278563,1,"Geno_at_37"
"9230116N13Rik","ENSMUSG00000097403.2",-0.0937554835,0.693258926,-0.843959165,0.405473657,1,"Geno_at_37"
"Zeb2","ENSMUSG00000026872.18",0.0937513003,2.7488481,1.2044599,0.237971733,1,"Geno_at_37"
"Gm14295","ENSMUSG00000078877.11",0.0937494694,2.3855663,1.19998029,0.239680646,1,"Geno_at_37"
"2600002D14Rik","ENSMUSG00000116797.1",0.0937487855,-0.514211935,0.916190404,0.366984763,1,"Geno_at_37"
"Eif5al3-ps","ENSMUSG00000043618.9",-0.0937288249,3.11696029,-1.14659822,0.260748678,1,"Geno_at_37"
"Mybl1","ENSMUSG00000025912.16",0.0937260488,4.43707488,1.34274486,0.18999406,1,"Geno_at_37"
"Kdr","ENSMUSG00000062960.10",0.0937115557,-0.752258996,0.98542422,0.332416963,1,"Geno_at_37"
"Lpar2","ENSMUSG00000031861.16",-0.0936873457,2.64012986,-1.03390508,0.309569251,1,"Geno_at_37"
"Cyp4f18","ENSMUSG00000003484.4",-0.093674148,-0.390695987,-0.683689078,0.499498617,1,"Geno_at_37"
"Elavl3","ENSMUSG00000003410.8",0.0936424908,-0.728973149,1.07736477,0.290035297,1,"Geno_at_37"
"Nkd1","ENSMUSG00000031661.12",0.0935834612,-0.432928145,0.856729965,0.398489599,1,"Geno_at_37"
"Npff","ENSMUSG00000023052.8",-0.093576253,1.11828729,-0.869478051,0.391594419,1,"Geno_at_37"
"Dstn","ENSMUSG00000015932.8",-0.0935724436,5.8162823,-2.43017777,0.0213858162,1,"Geno_at_37"
"Cep152","ENSMUSG00000068394.4",0.093570818,5.74341153,2.38755615,0.0235667784,1,"Geno_at_37"
"Yae1d1","ENSMUSG00000075054.5",0.0935685251,3.70465232,1.44817987,0.158096166,1,"Geno_at_37"
"Gm24887","ENSMUSG00000077574.1",-0.0935446773,-0.511558121,-0.704000426,0.486944244,1,"Geno_at_37"
"Syt15","ENSMUSG00000041479.14",-0.0935381447,1.02712862,-0.729790742,0.471264762,1,"Geno_at_37"
"Gm8249","ENSMUSG00000112061.1",-0.0934953925,-0.352884111,-0.672838612,0.506278643,1,"Geno_at_37"
"Cd52","ENSMUSG00000000682.7",-0.0934931453,7.55543604,-2.24942139,0.0321918309,1,"Geno_at_37"
"4930479D17Rik","ENSMUSG00000085238.1",0.093466776,-0.433917111,0.76496883,0.450357295,1,"Geno_at_37"
"Fkbp11","ENSMUSG00000003355.7",0.0934533904,0.449963815,0.94338286,0.353135693,1,"Geno_at_37"
"mt-Tl1","ENSMUSG00000064340.1",-0.0934315323,1.60766565,-0.831617032,0.412295888,1,"Geno_at_37"
"Gm37537","ENSMUSG00000103420.1",0.0934196125,-0.502900001,0.795472158,0.432683276,1,"Geno_at_37"
"Gm10916","ENSMUSG00000078125.2",0.0934122361,0.177160195,0.73518482,0.468022765,1,"Geno_at_37"
"Rpl35a-ps2","ENSMUSG00000081214.3",0.0934118497,2.58039171,1.01985021,0.316077935,1,"Geno_at_37"
"Ap5b1","ENSMUSG00000049562.6",0.0934017983,3.35292549,1.0737694,0.291617484,1,"Geno_at_37"
"Gm4870","ENSMUSG00000105206.1",0.0933893868,-0.669740336,0.923202108,0.363380069,1,"Geno_at_37"
"Gm29666","ENSMUSG00000100967.1",0.0932834131,1.94573626,0.957918503,0.34587705,1,"Geno_at_37"
"Gm16069","ENSMUSG00000086718.1",-0.0932826267,-0.13284441,-0.782368731,0.44022335,1,"Geno_at_37"
"Hras","ENSMUSG00000025499.18",-0.0932802869,5.21403418,-2.34112975,0.0261717364,1,"Geno_at_37"
"Gm38038","ENSMUSG00000103717.1",-0.0932526967,-0.706464543,-0.833667507,0.411157536,1,"Geno_at_37"
"Cfap77","ENSMUSG00000079502.8",-0.0932460496,1.02540741,-0.706752684,0.48525697,1,"Geno_at_37"
"Gm10209","ENSMUSG00000108080.1",-0.0932398579,-0.569662908,-0.849721106,0.402313108,1,"Geno_at_37"
"Gm49889","ENSMUSG00000117303.1",-0.0932171105,-0.149725437,-0.830242833,0.413059894,1,"Geno_at_37"
"Dhdh","ENSMUSG00000011382.8",0.0932069588,1.40197332,0.771606036,0.446475391,1,"Geno_at_37"
"Oas1c","ENSMUSG00000001166.17",-0.0932055197,2.4672389,-1.05716116,0.299005241,1,"Geno_at_37"
"Gm47155","ENSMUSG00000114019.1",-0.0931824524,0.581952358,-0.675097265,0.504863118,1,"Geno_at_37"
"H2bc14","ENSMUSG00000114279.1",0.0931793352,0.523087743,0.879979129,0.385972138,1,"Geno_at_37"
"Rsl1","ENSMUSG00000058900.5",0.0931712996,3.80240957,1.67366113,0.104753296,1,"Geno_at_37"
"Gm13487","ENSMUSG00000083449.1",-0.0931659212,2.03498509,-1.14472378,0.261512225,1,"Geno_at_37"
"Sptb","ENSMUSG00000021061.15",0.0931618127,2.24688717,0.938046395,0.355825802,1,"Geno_at_37"
"Fgd2","ENSMUSG00000024013.15",0.0931604241,-0.838091051,0.997114445,0.326805395,1,"Geno_at_37"
"Gm20605","ENSMUSG00000029720.9",0.0931593547,2.35853208,1.06459991,0.295680208,1,"Geno_at_37"
"Ghdc","ENSMUSG00000017747.13",-0.0931266387,2.53269592,-1.04884116,0.302755162,1,"Geno_at_37"
"Retsat","ENSMUSG00000056666.13",-0.0931219538,3.46857037,-1.479883,0.149489031,1,"Geno_at_37"
"Gm47113","ENSMUSG00000111465.1",-0.0931195411,-0.603244443,-0.800623437,0.429740733,1,"Geno_at_37"
"Brms1","ENSMUSG00000080268.4",0.0931150431,0.0821305347,0.791006453,0.435244098,1,"Geno_at_37"
"Coq8a","ENSMUSG00000026489.13",-0.0931145417,3.40099407,-1.4126177,0.168215584,1,"Geno_at_37"
"Anp32b-ps1","ENSMUSG00000081792.4",-0.0930994462,4.44570053,-1.83573595,0.0764799126,1,"Geno_at_37"
"Osgin2","ENSMUSG00000041153.9",0.093079575,4.74609507,1.82330251,0.078389941,1,"Geno_at_37"
"Gm14471","ENSMUSG00000084892.1",-0.0930573671,-0.260420807,-0.659873234,0.514446499,1,"Geno_at_37"
"Rap2b","ENSMUSG00000036894.3",-0.0930568005,3.81368372,-1.61777412,0.116338924,1,"Geno_at_37"
"Zfp322a","ENSMUSG00000046351.11",0.09304452,5.02241125,2.2192338,0.0343000927,1,"Geno_at_37"
"Gnas","ENSMUSG00000027523.20",-0.0930352963,5.38700387,-2.06155952,0.0481434564,1,"Geno_at_37"
"Gm11626","ENSMUSG00000086347.1",-0.0930244604,-0.381282294,-0.792737998,0.434250068,1,"Geno_at_37"
"Prm2","ENSMUSG00000038015.6",-0.0930113711,-0.478126481,-0.692412641,0.494084571,1,"Geno_at_37"
"Slc66a2","ENSMUSG00000034006.17",-0.0929864336,2.54599686,-1.12550906,0.269433056,1,"Geno_at_37"
"4931406P16Rik","ENSMUSG00000066571.13",0.0929795268,5.05129234,2.36381025,0.0248680869,1,"Geno_at_37"
"St6galnac3","ENSMUSG00000052544.9",-0.0929720155,1.10723414,-0.79694673,0.431839712,1,"Geno_at_37"
"Scai","ENSMUSG00000035236.17",0.0929470359,5.64457086,2.14379112,0.0404041396,1,"Geno_at_37"
"Otub2","ENSMUSG00000021203.15",0.0929457095,1.60542494,0.909139085,0.370633376,1,"Geno_at_37"
"Midn","ENSMUSG00000035621.13",-0.0929302745,6.89455994,-1.53987158,0.138524677,1,"Geno_at_37"
"Trgv4","ENSMUSG00000076745.4",-0.0929230207,-0.62835591,-0.845134346,0.404827781,1,"Geno_at_37"
"Gm43815","ENSMUSG00000105510.1",-0.0929089407,-0.252196349,-0.693428195,0.493456446,1,"Geno_at_37"
"Selenop","ENSMUSG00000064373.12",-0.0929054141,5.73068444,-2.44689258,0.0205821335,1,"Geno_at_37"
"Gm43360","ENSMUSG00000105970.1",-0.0928393082,0.482473331,-0.650775945,0.520220291,1,"Geno_at_37"
"Gm7931","ENSMUSG00000067321.5",0.0928320397,1.9092707,0.760612849,0.45291587,1,"Geno_at_37"
"1110008P14Rik","ENSMUSG00000039195.4",-0.092816771,3.13996501,-1.27744708,0.211391318,1,"Geno_at_37"
"Gm26493","ENSMUSG00000065089.1",0.092815594,-0.271208352,0.703935255,0.486984238,1,"Geno_at_37"
"B3gnt3","ENSMUSG00000031803.8",0.0927990551,2.18925724,1.00078149,0.325058536,1,"Geno_at_37"
"Gm7517","ENSMUSG00000115700.1",0.0927781057,3.65335885,1.32756222,0.194489261,1,"Geno_at_37"
"Pld3","ENSMUSG00000003363.15",-0.0927627654,5.87728227,-2.26079451,0.0313034298,1,"Geno_at_37"
"Ankrd61","ENSMUSG00000029607.14",0.0927431708,1.26146422,0.871627358,0.390439444,1,"Geno_at_37"
"Gm2606","ENSMUSG00000078300.3",0.0927343355,1.46161403,0.796388421,0.432158988,1,"Geno_at_37"
"Fam57a","ENSMUSG00000069808.13",0.0926816777,2.88610672,1.21740556,0.233083996,1,"Geno_at_37"
"Frat2","ENSMUSG00000047604.3",-0.0926808897,3.35671128,-1.13681718,0.264750823,1,"Geno_at_37"
"Rasal2","ENSMUSG00000070565.11",0.0926570718,1.31950051,0.905315302,0.372621812,1,"Geno_at_37"
"Man2b2","ENSMUSG00000029119.9",-0.0926546562,5.2116992,-1.89793027,0.0675139718,1,"Geno_at_37"
"A630001O12Rik","ENSMUSG00000110498.1",-0.0926430403,0.557906871,-0.744759781,0.462300045,1,"Geno_at_37"
"Gm45760","ENSMUSG00000110711.1",0.0926183413,-0.58110335,1.02153215,0.315294104,1,"Geno_at_37"
"Ccnb2-ps","ENSMUSG00000083718.2",0.0926136489,2.0187273,0.935735708,0.356994823,1,"Geno_at_37"
"Actn1","ENSMUSG00000015143.15",0.092555596,5.25747928,1.97304724,0.0579098153,1,"Geno_at_37"
"mt-Nd6","ENSMUSG00000064368.1",-0.0925460072,8.5864571,-1.17480738,0.256460576,1,"Geno_at_37"
"Capn3","ENSMUSG00000079110.12",0.0925288083,1.58033614,0.697358622,0.4910297,1,"Geno_at_37"
"Ppp2r3d","ENSMUSG00000093803.3",-0.0925273737,5.1268245,-2.0465092,0.0496939329,1,"Geno_at_37"
"Gm7926","ENSMUSG00000117345.1",-0.0925164333,-0.515465399,-0.876034734,0.388077865,1,"Geno_at_37"
"Asb16","ENSMUSG00000034768.4",0.0924192395,-0.795374583,1.16246453,0.254350503,1,"Geno_at_37"
"Ift22","ENSMUSG00000007987.12",-0.092416117,2.88312626,-1.22884382,0.228828021,1,"Geno_at_37"
"Gm16973","ENSMUSG00000097743.1",0.0924129944,2.8460489,1.08088506,0.288492047,1,"Geno_at_37"
"Gm48939","ENSMUSG00000115041.1",-0.092407544,-0.184353848,-0.804587828,0.427484515,1,"Geno_at_37"
"C230062I16Rik","ENSMUSG00000063623.4",0.0924006143,0.476317561,0.818865621,0.419419029,1,"Geno_at_37"
"Ccdc148","ENSMUSG00000036641.9",-0.0923994951,0.418994692,-0.695453219,0.492205302,1,"Geno_at_37"
"Gm29462","ENSMUSG00000099634.1",0.0923903376,0.250583477,0.737074777,0.466889925,1,"Geno_at_37"
"Zfp7","ENSMUSG00000033669.8",-0.0923718872,4.34095717,-1.69879304,0.099866072,1,"Geno_at_37"
"Gm47166","ENSMUSG00000113067.1",-0.092349531,-0.493145609,-0.833242569,0.411393286,1,"Geno_at_37"
"Mrps36-ps1","ENSMUSG00000021631.8",-0.0923457736,2.97348551,-1.20155378,0.239079348,1,"Geno_at_37"
"Gm31374","ENSMUSG00000110864.1",0.0923419215,-0.381212743,0.734798557,0.468254487,1,"Geno_at_37"
"Ppp1r3b","ENSMUSG00000046794.9",0.0923099964,3.63325533,0.648253213,0.525036154,1,"Geno_at_37"
"Slc27a5","ENSMUSG00000030382.15",-0.0922645834,-0.802803446,-0.912539961,0.368870689,1,"Geno_at_37"
"Ppp4r4","ENSMUSG00000021209.12",0.0922629964,-0.428399505,0.711197119,0.482539346,1,"Geno_at_37"
"Gm6201","ENSMUSG00000115247.1",-0.0922492523,2.47057022,-1.22631571,0.229763646,1,"Geno_at_37"
"4933412E12Rik","ENSMUSG00000112627.1",-0.0922198683,3.28634129,-1.38963053,0.175024287,1,"Geno_at_37"
"Dbndd1","ENSMUSG00000031970.16",0.0921797735,1.51001507,1.00744888,0.321898805,1,"Geno_at_37"
"Gm15835","ENSMUSG00000086464.2",-0.0921686167,0.419993471,-0.685407411,0.498429566,1,"Geno_at_37"
"Mcee","ENSMUSG00000033429.10",-0.0921660483,2.9407043,-1.3677519,0.181703693,1,"Geno_at_37"
"Aox3","ENSMUSG00000064294.12",-0.0921647787,-0.0596479698,-0.795347274,0.432754764,1,"Geno_at_37"
"S1pr3","ENSMUSG00000067586.4",0.092154727,3.11746707,0.707035216,0.487325677,1,"Geno_at_37"
"Syne3","ENSMUSG00000054150.12",0.0921520962,6.26070667,2.20103905,0.0356912699,1,"Geno_at_37"
"Pdxk","ENSMUSG00000032788.15",0.0921185085,2.5868047,1.16319579,0.25405841,1,"Geno_at_37"
"Traj12","ENSMUSG00000076917.1",0.0920818749,0.154637424,0.816330031,0.42084447,1,"Geno_at_37"
"Gm10847","ENSMUSG00000115002.1",0.0920606768,-0.385280122,0.765995288,0.449755639,1,"Geno_at_37"
"Gm21182","ENSMUSG00000095766.2",0.0920399883,0.0643343284,0.695968588,0.491887171,1,"Geno_at_37"
"Irf4","ENSMUSG00000021356.10",0.0919298389,9.92768589,1.37755121,0.186061644,1,"Geno_at_37"
"Gm49486","ENSMUSG00000116121.1",-0.0918923007,-0.649929392,-0.924286214,0.36282482,1,"Geno_at_37"
"A730011C13Rik","ENSMUSG00000084846.1",-0.0918806929,1.64947828,-0.824505205,0.416259326,1,"Geno_at_37"
"Mdn1","ENSMUSG00000058006.12",0.0918309686,7.69376252,2.57544399,0.0152684772,1,"Geno_at_37"
"Grtp1","ENSMUSG00000038515.10",0.0918242916,0.444537065,0.671690752,0.506998862,1,"Geno_at_37"
"Ramp1","ENSMUSG00000034353.14",-0.0917907991,6.63244837,-2.03509537,0.0509909622,1,"Geno_at_37"
"E230034D01Rik","ENSMUSG00000111283.1",-0.0917575606,2.72876683,-1.10455601,0.278266144,1,"Geno_at_37"
"BC046401","ENSMUSG00000085274.1",0.0917565302,0.551798361,0.676072612,0.504252534,1,"Geno_at_37"
"Ak1","ENSMUSG00000026817.14",-0.0917462952,2.70007099,-0.523712215,0.60679125,1,"Geno_at_37"
"Cav1","ENSMUSG00000007655.16",0.0917270333,-0.931881679,1.18998958,0.243524712,1,"Geno_at_37"
"Gm2199","ENSMUSG00000083829.1",-0.0917251383,1.31788602,-0.84849383,0.40298499,1,"Geno_at_37"
"Mocs3","ENSMUSG00000074576.4",-0.0917186317,3.42928988,-1.30498092,0.201971693,1,"Geno_at_37"
"Gm22083","ENSMUSG00000088211.1",0.091713467,-0.260743872,0.754970267,0.456242954,1,"Geno_at_37"
"Ifitm2","ENSMUSG00000060591.9",-0.0917026723,3.52767426,-0.931086029,0.360609629,1,"Geno_at_37"
"4930481A15Rik","ENSMUSG00000086938.9",-0.0916703745,2.27294282,-1.14854976,0.259955453,1,"Geno_at_37"
"Airn","ENSMUSG00000078247.5",-0.0916547936,3.89401809,-1.13114238,0.267579684,1,"Geno_at_37"
"Acad9","ENSMUSG00000027710.14",0.0916435476,5.22524243,2.24095418,0.0327032475,1,"Geno_at_37"
"1700001D01Rik","ENSMUSG00000099419.1",-0.0916432144,-0.642218762,-0.83599758,0.409866345,1,"Geno_at_37"
"Gm43587","ENSMUSG00000106666.1",0.0916228235,1.59413017,0.967988706,0.340907317,1,"Geno_at_37"
"Mcts2","ENSMUSG00000042814.8",-0.0916122757,1.76189474,-0.896766068,0.377092654,1,"Geno_at_37"
"Mad1l1","ENSMUSG00000029554.15",0.091580948,5.17419517,1.27750404,0.214240754,1,"Geno_at_37"
"Blvrb","ENSMUSG00000040466.16",-0.0915698931,1.32569719,-0.680342993,0.501584034,1,"Geno_at_37"
"Hsdl1","ENSMUSG00000034189.5",0.0915621307,5.21354485,2.5078076,0.0178819804,1,"Geno_at_37"
"Gm40466","ENSMUSG00000110649.1",0.0915471313,1.22577013,0.745502423,0.461857907,1,"Geno_at_37"
"Gm7809","ENSMUSG00000099397.1",0.0915346552,5.62020144,2.06359828,0.047936743,1,"Geno_at_37"
"Gm44243","ENSMUSG00000107997.1",0.0915301695,0.426190515,0.741610916,0.464177502,1,"Geno_at_37"
"AV039307","ENSMUSG00000087519.8",-0.0915089601,0.0359192004,-0.681325782,0.500971017,1,"Geno_at_37"
"Gm20544","ENSMUSG00000092569.1",-0.0914791694,2.59000806,-1.10055817,0.279974785,1,"Geno_at_37"
"Ifit1bl2","ENSMUSG00000067297.5",0.0914512726,-0.909781108,1.11435416,0.274110092,1,"Geno_at_37"
"A430073D23Rik","ENSMUSG00000105471.1",0.0914454823,0.485557412,0.72397744,0.474773264,1,"Geno_at_37"
"Grik5","ENSMUSG00000003378.9",-0.0914344507,4.63747955,-1.35812545,0.185266124,1,"Geno_at_37"
"Agbl3","ENSMUSG00000038836.15",0.0914325629,1.57123809,0.729803291,0.471257205,1,"Geno_at_37"
"Gm37019","ENSMUSG00000102953.1",-0.0913922241,0.239349091,-0.695989274,0.491874404,1,"Geno_at_37"
"Nudt22","ENSMUSG00000037349.9",-0.0913771209,3.07415647,-1.207096,0.236970329,1,"Geno_at_37"
"Ptprn","ENSMUSG00000026204.15",0.0913532484,-0.176739738,0.68156368,0.500822691,1,"Geno_at_37"
"Gm42702","ENSMUSG00000106443.1",0.0913528699,-0.574643534,0.858443086,0.397558559,1,"Geno_at_37"
"Zfp941","ENSMUSG00000060314.13",0.0913337736,-0.44465265,0.961077502,0.344312856,1,"Geno_at_37"
"Gm49883","ENSMUSG00000117113.1",-0.0913124453,3.42034539,-1.52433354,0.138058685,1,"Geno_at_37"
"H2-K2","ENSMUSG00000067203.8",0.0913098157,3.92617007,1.46171791,0.154373564,1,"Geno_at_37"
"C730034F03Rik","ENSMUSG00000079242.2",-0.0912940699,0.469580145,-0.743531942,0.463031592,1,"Geno_at_37"
"Klhdc2","ENSMUSG00000020978.10",0.0912844393,6.47118976,2.58594568,0.0148959089,1,"Geno_at_37"
"Gm6218","ENSMUSG00000112145.1",-0.0912780925,-0.446724405,-1.00489732,0.323105513,1,"Geno_at_37"
"Eea1","ENSMUSG00000036499.9",0.0912655355,7.40220322,1.89991119,0.0687842793,1,"Geno_at_37"
"Gm19196","ENSMUSG00000109975.1",0.0912469815,-0.211893376,0.805835003,0.426776223,1,"Geno_at_37"
"Gm49565","ENSMUSG00000116738.1",0.0912383327,-0.961647186,1.27636834,0.211767055,1,"Geno_at_37"
"Gm49890","ENSMUSG00000117123.1",0.0912300222,-0.693215463,0.928935429,0.360449955,1,"Geno_at_37"
"Dnah1","ENSMUSG00000019027.8",0.0912188487,-0.480593952,0.848400218,0.403036268,1,"Geno_at_37"
"Cmc1","ENSMUSG00000039163.10",-0.0911714217,4.19938826,-1.57237312,0.126512549,1,"Geno_at_37"
"4833412K13Rik","ENSMUSG00000104018.1",-0.0911689855,-0.113236598,-0.783597616,0.439512865,1,"Geno_at_37"
"Slc39a1-ps","ENSMUSG00000085401.2",0.0911321869,1.2199425,0.872014554,0.390231608,1,"Geno_at_37"
"1700021A07Rik","ENSMUSG00000037535.5",0.0911152807,0.567239165,0.832085304,0.412035747,1,"Geno_at_37"
"Thoc2l","ENSMUSG00000097392.4",0.0911115277,4.31980855,1.84221272,0.0755008482,1,"Geno_at_37"
"Gm45552","ENSMUSG00000110279.1",-0.0910934133,1.26068991,-0.822545021,0.417355885,1,"Geno_at_37"
"Galnt9","ENSMUSG00000033316.14",0.0910923501,2.3531962,0.91635904,0.366897794,1,"Geno_at_37"
"Rnf144b","ENSMUSG00000038068.15",-0.0910899981,1.83486579,-0.80645663,0.42642346,1,"Geno_at_37"
"Atm","ENSMUSG00000034218.16",0.0910858299,6.31533082,1.83768603,0.0768609362,1,"Geno_at_37"
"Dnah8","ENSMUSG00000033826.10",0.0910814719,4.92589403,1.38741698,0.17670817,1,"Geno_at_37"
"Adssl1","ENSMUSG00000011148.14",-0.0910772866,2.80437416,-0.63818431,0.530330686,1,"Geno_at_37"
"Pak6","ENSMUSG00000074923.10",-0.0910274757,0.992477113,-0.779401347,0.44194181,1,"Geno_at_37"
"Srsf12","ENSMUSG00000054679.8",0.0909370386,-0.307803745,0.897644191,0.376631841,1,"Geno_at_37"
"N4bp2l1","ENSMUSG00000041132.11",-0.0909133734,5.08423192,-1.86684338,0.0718751646,1,"Geno_at_37"
"Evl","ENSMUSG00000021262.15",-0.0909008092,5.69526594,-1.1002044,0.285276512,1,"Geno_at_37"
"Gm9294","ENSMUSG00000044609.6",-0.0908901546,4.92202038,-1.69465899,0.100656611,1,"Geno_at_37"
"Tmem98","ENSMUSG00000035413.8",0.0908718258,-0.710103863,0.944773464,0.352436917,1,"Geno_at_37"
"Gm45607","ENSMUSG00000110270.1",0.0908600614,-0.0492878601,0.60117981,0.552335675,1,"Geno_at_37"
"Gm25966","ENSMUSG00000087794.1",-0.0908488656,-0.492383459,-0.832031849,0.412065438,1,"Geno_at_37"
"Npas2","ENSMUSG00000026077.15",0.0908387011,5.824606,1.24532706,0.227386727,1,"Geno_at_37"
"5430402O13Rik","ENSMUSG00000085776.8",-0.0908354884,-0.101242437,-0.818953862,0.419369476,1,"Geno_at_37"
"Gm12248","ENSMUSG00000086962.4",0.0908208988,0.188298662,0.793906387,0.433580109,1,"Geno_at_37"
"Traj41","ENSMUSG00000076889.1",0.0908158406,-0.548037935,0.849993533,0.402164061,1,"Geno_at_37"
"Gm15787","ENSMUSG00000086247.7",-0.0908147648,1.62326856,-0.797008286,0.431804519,1,"Geno_at_37"
"Laptm4b","ENSMUSG00000022257.4",0.0907961703,1.52720371,0.79411932,0.43345808,1,"Geno_at_37"
"Slc35f5","ENSMUSG00000026342.10",-0.0907873297,2.91238239,-1.12480457,0.269726721,1,"Geno_at_37"
"Atp5k","ENSMUSG00000050856.16",-0.0907497737,5.38368545,-1.72613013,0.094768548,1,"Geno_at_37"
"Gm43660","ENSMUSG00000107352.1",-0.090715772,2.54322417,-1.1302584,0.267459318,1,"Geno_at_37"
"Gm47270","ENSMUSG00000111722.1",-0.090703715,-0.114367772,-0.669254459,0.508529374,1,"Geno_at_37"
"Hba-ps4","ENSMUSG00000084893.3",0.0907000539,-0.421385227,0.748158909,0.460278383,1,"Geno_at_37"
"Tnni3","ENSMUSG00000035458.15",-0.090690558,2.36819923,-0.920982445,0.364518663,1,"Geno_at_37"
"Lxn","ENSMUSG00000047557.2",-0.0906689707,4.02125701,-1.58840178,0.122840532,1,"Geno_at_37"
"Plcb2","ENSMUSG00000040061.17",-0.0906675901,4.59820605,-1.55807493,0.129863499,1,"Geno_at_37"
"Nr6a1","ENSMUSG00000063972.13",0.0906609002,2.84483453,1.27475871,0.212328652,1,"Geno_at_37"
"4930474N09Rik","ENSMUSG00000113210.1",-0.0906460101,-0.607049579,-0.832229841,0.411955473,1,"Geno_at_37"
"Gstt4","ENSMUSG00000009093.7",0.0906435137,-0.237112186,0.751479956,0.458308191,1,"Geno_at_37"
"Tmem250-ps","ENSMUSG00000087679.2",-0.0906105081,4.18804255,-1.98496636,0.0565009514,1,"Geno_at_37"
"Gm11246","ENSMUSG00000081656.1",-0.0906041198,1.58365343,-0.836513661,0.409580706,1,"Geno_at_37"
"Gm38118","ENSMUSG00000103089.1",0.090593601,0.124371142,0.714368067,0.480605744,1,"Geno_at_37"
"Trav12-1","ENSMUSG00000096825.2",0.0905872789,0.140525719,0.788543133,0.436660597,1,"Geno_at_37"
"Gm2788","ENSMUSG00000085995.2",-0.0905692108,0.385961558,-0.854125503,0.399907705,1,"Geno_at_37"
"Trim37","ENSMUSG00000018548.15",0.0905665825,5.31473534,2.44336404,0.0207494524,1,"Geno_at_37"
"Mir196a-1","ENSMUSG00000065546.1",-0.0905581702,0.625379817,-0.710564654,0.482925546,1,"Geno_at_37"
"Gm43693","ENSMUSG00000105929.1",0.0905466477,0.0510622713,0.792165568,0.434578531,1,"Geno_at_37"
"Fnbp1l","ENSMUSG00000039735.16",0.0905302929,5.62566155,1.55109515,0.132926415,1,"Geno_at_37"
"Gm44954","ENSMUSG00000109205.1",-0.0905283731,-0.429231592,-0.813323991,0.422538254,1,"Geno_at_37"
"Hr","ENSMUSG00000022096.14",-0.0905259136,0.46677087,-0.730667499,0.470736921,1,"Geno_at_37"
"Gm5939","ENSMUSG00000083258.3",-0.090507393,2.57510847,-1.17245612,0.250380704,1,"Geno_at_37"
"4933408J17Rik","ENSMUSG00000097407.1",0.0904861069,-0.407559375,0.714047899,0.480800776,1,"Geno_at_37"
"4930431P03Rik","ENSMUSG00000075042.10",0.0904645046,0.216791451,0.683090566,0.499871279,1,"Geno_at_37"
"Rpl37a","ENSMUSG00000046330.10",-0.0904563303,5.77367263,-2.1795096,0.0374026076,1,"Geno_at_37"
"Ptgr2","ENSMUSG00000072946.12",0.090419073,4.37125197,1.9490708,0.0608370753,1,"Geno_at_37"
"Satb1","ENSMUSG00000023927.15",-0.0903969699,5.36329606,-1.71583461,0.0966620333,1,"Geno_at_37"
"Rbis","ENSMUSG00000078784.8",-0.090389876,3.94104236,-1.36846035,0.181484334,1,"Geno_at_37"
"Plpp5","ENSMUSG00000031570.17",-0.0903885815,4.45777658,-1.75366466,0.0898575453,1,"Geno_at_37"
"Prr5","ENSMUSG00000036106.15",0.0903743739,0.883434033,0.5664442,0.575601813,1,"Geno_at_37"
"1700029J07Rik","ENSMUSG00000071103.10",-0.0903416517,0.409110551,-0.820677794,0.418402105,1,"Geno_at_37"
"4930478M13Rik","ENSMUSG00000116311.1",0.0903270972,-0.511918923,0.722839651,0.475461715,1,"Geno_at_37"
"Gm39469","ENSMUSG00000110834.1",0.0902950039,1.89629594,0.911626436,0.369343633,1,"Geno_at_37"
"Gm6872","ENSMUSG00000091004.2",-0.0902824389,-0.446101853,-0.870182372,0.391215698,1,"Geno_at_37"
"Inka1","ENSMUSG00000042106.5",0.0902562395,-0.0182373612,0.622318275,0.538505962,1,"Geno_at_37"
"Gm7451","ENSMUSG00000109489.1",-0.0902356173,2.73984027,-1.2289919,0.22877331,1,"Geno_at_37"
"Gm37420","ENSMUSG00000103869.1",0.090225119,0.285893955,0.722075102,0.475924649,1,"Geno_at_37"
"Zfp563","ENSMUSG00000067424.13",0.0902155272,2.62691522,0.998894645,0.325956568,1,"Geno_at_37"
"Upp1","ENSMUSG00000020407.13",-0.0902014446,3.97780795,-0.957449016,0.348175771,1,"Geno_at_37"
"Kazn","ENSMUSG00000040606.13",0.0901936698,0.850041092,0.662436436,0.512826053,1,"Geno_at_37"
"Slc16a10","ENSMUSG00000019838.11",0.0901934412,5.49489344,2.1570759,0.0392635603,1,"Geno_at_37"
"Cfap298","ENSMUSG00000022972.10",0.0901256481,3.44835791,1.20066678,0.239418173,1,"Geno_at_37"
"Gm9509","ENSMUSG00000115848.1",-0.0901117985,-0.354190133,-0.79396642,0.433545703,1,"Geno_at_37"
"Zfp777","ENSMUSG00000071477.10",-0.0900984209,5.72204176,-2.09859738,0.0445084332,1,"Geno_at_37"
"Gm11688","ENSMUSG00000082436.1",0.0900865188,0.0714513335,0.579103977,0.566959605,1,"Geno_at_37"
"Jup","ENSMUSG00000001552.14",-0.0900590322,5.35818846,-0.853443409,0.405203103,1,"Geno_at_37"
"Tcp11l1","ENSMUSG00000027175.10",0.0900505237,0.0340142679,0.744291359,0.462579051,1,"Geno_at_37"
"Gm30091","ENSMUSG00000117637.1",0.0900240884,-0.546763395,0.786477791,0.437850393,1,"Geno_at_37"
"Rasip1","ENSMUSG00000044562.12",-0.08997897,-0.133750479,-0.655404097,0.51727855,1,"Geno_at_37"
"Mroh6","ENSMUSG00000098678.1",0.0899390462,-0.490210229,0.745117345,0.462087136,1,"Geno_at_37"
"Gm42433","ENSMUSG00000105230.1",-0.0899157874,-0.189371193,-0.738264574,0.466177583,1,"Geno_at_37"
"Mir684-1","ENSMUSG00000106252.1",-0.0898794724,-0.336860779,-0.481710972,0.634742861,1,"Geno_at_37"
"Grn","ENSMUSG00000034708.12",-0.0898794513,5.60483655,-1.91529708,0.0651786591,1,"Geno_at_37"
"Cpt1c","ENSMUSG00000007783.10",0.0898794181,0.164129218,0.786777624,0.437677544,1,"Geno_at_37"
"Wscd2","ENSMUSG00000063430.9",-0.0898759181,1.08169584,-0.589213629,0.560369563,1,"Geno_at_37"
"Lzic","ENSMUSG00000028990.13",0.0898667964,5.33133122,2.48451504,0.0188734691,1,"Geno_at_37"
"Zfp882","ENSMUSG00000089857.9",0.0898525122,2.81617058,1.25500972,0.219311358,1,"Geno_at_37"
"Gm42759","ENSMUSG00000106518.1",-0.0898505597,-0.1847338,-0.727929628,0.472386361,1,"Geno_at_37"
"3010003L21Rik","ENSMUSG00000085355.2",-0.0898505359,1.53674303,-0.950098584,0.349769567,1,"Geno_at_37"
"Manba","ENSMUSG00000028164.15",-0.0898378488,4.20046613,-1.49726265,0.14493251,1,"Geno_at_37"
"Gm45779","ENSMUSG00000110558.1",0.08981481,-0.0542457095,0.718463073,0.478115243,1,"Geno_at_37"
"Gm44027","ENSMUSG00000107955.1",0.0897688534,-0.320404539,0.716312342,0.479422349,1,"Geno_at_37"
"Nol4l","ENSMUSG00000061411.12",0.0897668803,4.65604932,1.08426254,0.289804263,1,"Geno_at_37"
"Gm5815","ENSMUSG00000046952.9",0.0897584647,0.84710394,0.804845747,0.427337979,1,"Geno_at_37"
"Slc25a38","ENSMUSG00000032519.11",-0.0897573435,4.83632126,-2.11199623,0.0432546247,1,"Geno_at_37"
"Kntc1","ENSMUSG00000029414.11",0.0897190354,6.96235091,2.38252254,0.0238373269,1,"Geno_at_37"
"B9d2","ENSMUSG00000063439.7",-0.089705865,4.67584491,-1.904436,0.0666308012,1,"Geno_at_37"
"Ecrg4","ENSMUSG00000026051.8",-0.0896996875,-0.564965889,-0.752095166,0.457943768,1,"Geno_at_37"
"Adamtsl4","ENSMUSG00000015850.11",-0.0896919104,2.38545061,-0.89407789,0.378505601,1,"Geno_at_37"
"Emilin1","ENSMUSG00000029163.9",-0.0896833039,2.17666162,-1.14416864,0.261738667,1,"Geno_at_37"
"Gm42809","ENSMUSG00000105941.1",0.0896803256,1.77193295,0.950891541,0.34937353,1,"Geno_at_37"
"A930035D04Rik","ENSMUSG00000052241.3",-0.0896689725,-0.615537185,-0.781035782,0.440994784,1,"Geno_at_37"
"Nek1","ENSMUSG00000031644.19",0.0896428825,5.43710072,1.77886378,0.0855535097,1,"Geno_at_37"
"Zfp874a","ENSMUSG00000069206.14",0.0896350944,3.94712385,1.59530933,0.121285284,1,"Geno_at_37"
"Mrpl41","ENSMUSG00000036850.4",-0.0896086938,4.66849335,-1.72687925,0.0946320028,1,"Geno_at_37"
"Nme6","ENSMUSG00000032478.14",0.0896042541,3.32495204,1.34829727,0.187808604,1,"Geno_at_37"
"Gm12345","ENSMUSG00000102038.1",-0.0895813478,2.23670528,-1.01637647,0.317701049,1,"Geno_at_37"
"Fam89a","ENSMUSG00000043068.6",0.0895783749,2.05347669,1.03914158,0.307168243,1,"Geno_at_37"
"Lage3","ENSMUSG00000015289.4",-0.0895767577,4.37354101,-1.80725614,0.080915185,1,"Geno_at_37"
"Ppp1r27","ENSMUSG00000025129.2",-0.0895727831,-0.565528579,-0.675544122,0.504583327,1,"Geno_at_37"
"Gm6190","ENSMUSG00000113861.1",0.0895660939,1.52169736,0.869293947,0.391693452,1,"Geno_at_37"
"Gstp-ps","ENSMUSG00000103653.1",-0.0895606878,4.20337407,-1.52137362,0.138797171,1,"Geno_at_37"
"Slfn5","ENSMUSG00000054404.13",0.0895573034,3.1442341,0.960690249,0.344526766,1,"Geno_at_37"
"Zfp493","ENSMUSG00000090659.9",-0.0895542697,0.904194514,-0.764208113,0.450803496,1,"Geno_at_37"
"Trmt112-ps2","ENSMUSG00000070572.7",-0.0895495392,4.53117951,-1.68536152,0.102453698,1,"Geno_at_37"
"BC053393","ENSMUSG00000046974.6",0.089516628,0.203466927,0.767151647,0.449078417,1,"Geno_at_37"
"Gm37494","ENSMUSG00000108621.1",0.0895113554,4.81838209,1.53995179,0.134214576,1,"Geno_at_37"
"5830411N06Rik","ENSMUSG00000054672.13",0.0894975559,-0.918640206,1.19711205,0.240779613,1,"Geno_at_37"
"Krt83","ENSMUSG00000067613.6",-0.0894630869,5.64397545,-1.7083813,0.0982470904,1,"Geno_at_37"
"Mllt3","ENSMUSG00000028496.17",0.0894628127,6.70304571,2.40915269,0.0224375022,1,"Geno_at_37"
"Plrg1","ENSMUSG00000027998.11",0.0894458176,6.36748881,2.77680049,0.00943551387,1,"Geno_at_37"
"Gm14165","ENSMUSG00000081434.3",0.0894122561,2.12721715,0.937404326,0.356150382,1,"Geno_at_37"
"Akap7","ENSMUSG00000039166.16",-0.0894045309,3.86855604,-1.22689667,0.229548386,1,"Geno_at_37"
"Ssbp4","ENSMUSG00000070003.7",-0.0893988907,6.68866429,-1.72084903,0.0975458221,1,"Geno_at_37"
"Gprasp1","ENSMUSG00000043384.15",0.0893931698,4.44846641,1.57193528,0.126614102,1,"Geno_at_37"
"Polk","ENSMUSG00000021668.15",0.0893213993,4.8232017,1.60318835,0.119531114,1,"Geno_at_37"
"Tmem106c","ENSMUSG00000052369.8",0.0893161605,4.46409048,1.86037994,0.0728117921,1,"Geno_at_37"
"5530400K19Rik","ENSMUSG00000102404.1",0.0893109008,-0.194544858,0.723997178,0.474761326,1,"Geno_at_37"
"Alcam","ENSMUSG00000022636.13",-0.0892977564,6.88345207,-2.32434744,0.0271759988,1,"Geno_at_37"
"Tpst1","ENSMUSG00000034118.15",-0.0892600216,4.16574744,-1.48142214,0.14908092,1,"Geno_at_37"
"Rps15-ps2","ENSMUSG00000071419.7",-0.0892382307,5.34349796,-1.95626286,0.0599457559,1,"Geno_at_37"
"Trav7d-4","ENSMUSG00000094023.3",0.0892364822,0.761846196,0.813020449,0.42270952,1,"Geno_at_37"
"Gm17039","ENSMUSG00000092103.2",-0.0892303383,-0.290605308,-0.711141962,0.48257302,1,"Geno_at_37"
"Timm9","ENSMUSG00000021079.16",-0.0892150123,5.33231219,-2.13004613,0.0416152208,1,"Geno_at_37"
"Gm42372","ENSMUSG00000108348.2",0.0892021539,1.92803155,0.852422051,0.400836942,1,"Geno_at_37"
"Gm16153","ENSMUSG00000085687.1",0.0891969238,1.77462189,0.823366799,0.416895952,1,"Geno_at_37"
"Ptp4a1","ENSMUSG00000026064.16",0.0891958444,0.345317656,0.770915075,0.446878577,1,"Geno_at_37"
"Iglon5","ENSMUSG00000013367.5",0.0891695869,1.78955022,0.664513959,0.511757792,1,"Geno_at_37"
"Nr6a1os","ENSMUSG00000085201.1",-0.0891392021,-0.0118836317,-0.596129488,0.555628582,1,"Geno_at_37"
"Apoo-ps","ENSMUSG00000049233.7",-0.0891225804,3.5046878,-1.5929451,0.121815763,1,"Geno_at_37"
"Swsap1","ENSMUSG00000051238.6",0.0891168292,2.391085,1.03641392,0.30841729,1,"Geno_at_37"
"Gm2986","ENSMUSG00000083700.1",-0.0891052837,-0.325575802,-0.859678552,0.39688797,1,"Geno_at_37"
"Eef2-ps2","ENSMUSG00000082575.1",-0.0891042472,5.12652837,-1.82012637,0.0788843555,1,"Geno_at_37"
"H4c6","ENSMUSG00000069274.3",-0.0891037183,-0.0692948284,-0.707558846,0.484763383,1,"Geno_at_37"
"H2ac13","ENSMUSG00000071516.2",-0.0890934391,0.736739825,-0.704825967,0.486437796,1,"Geno_at_37"
"Mmp13","ENSMUSG00000050578.10",0.0890827244,-0.791232187,0.746357014,0.461349428,1,"Geno_at_37"
"Zfp345","ENSMUSG00000074731.3",0.089074193,-0.849110972,1.17073012,0.251063199,1,"Geno_at_37"
"Tesk1","ENSMUSG00000028458.12",-0.0890485954,4.35860643,-1.46747182,0.152812742,1,"Geno_at_37"
"Etv1","ENSMUSG00000004151.17",0.089047358,3.27299205,1.20761659,0.236772939,1,"Geno_at_37"
"Zfp810","ENSMUSG00000066829.7",-0.0890439004,3.40478979,-1.17598073,0.248991232,1,"Geno_at_37"
"Lamtor4","ENSMUSG00000050552.8",-0.0890399245,4.15015497,-1.57289709,0.126391107,1,"Geno_at_37"
"Klf3","ENSMUSG00000029178.14",0.0890188446,6.07529354,1.50961069,0.144352316,1,"Geno_at_37"
"Plxdc2","ENSMUSG00000026748.13",-0.0890005393,3.61597602,-1.35861087,0.184552625,1,"Geno_at_37"
"Spsb1","ENSMUSG00000039911.13",-0.0889942034,4.74076971,-1.11022771,0.278571957,1,"Geno_at_37"
"Gm13991","ENSMUSG00000081787.1",0.0889823746,2.52435211,1.09777616,0.281168206,1,"Geno_at_37"
"Ak3l2-ps","ENSMUSG00000081957.5",0.0889776229,0.600685534,0.55180597,0.585391457,1,"Geno_at_37"
"Gm47603","ENSMUSG00000113665.1",0.0889515894,0.611536067,0.609625745,0.546769691,1,"Geno_at_37"
"Pkn3","ENSMUSG00000026785.14",-0.0889495792,4.51464803,-1.63665599,0.112311417,1,"Geno_at_37"
"Rad54l","ENSMUSG00000028702.15",0.0888876913,5.82771693,2.06209444,0.0480891441,1,"Geno_at_37"
"Cntnap1","ENSMUSG00000017167.6",0.0888850869,0.873727717,0.637073406,0.528982777,1,"Geno_at_37"
"Tmcc2","ENSMUSG00000042066.16",-0.088874547,2.16535994,-0.959048856,0.345316804,1,"Geno_at_37"
"Kiss1r","ENSMUSG00000035773.6",-0.0888287332,-0.0833956259,-0.662242806,0.512948368,1,"Geno_at_37"
"Gm18853","ENSMUSG00000098934.1",0.0888185864,0.14269542,0.666612061,0.51019224,1,"Geno_at_37"
"C230038L03Rik","ENSMUSG00000085560.2",-0.0888151283,-0.56346125,-0.93598742,0.356867353,1,"Geno_at_37"
"Dock1","ENSMUSG00000058325.6",0.0887895654,-0.620448484,0.901241912,0.374747679,1,"Geno_at_37"
"Phlpp1","ENSMUSG00000044340.7",0.0887893684,4.18035522,1.5899632,0.12248755,1,"Geno_at_37"
"Gm47345","ENSMUSG00000110815.1",-0.0887767744,2.41065523,-0.985784878,0.332242866,1,"Geno_at_37"
"4933424G05Rik","ENSMUSG00000117450.1",0.0887660264,-0.583325334,0.927306213,0.361281005,1,"Geno_at_37"
"Prag1","ENSMUSG00000050271.12",0.0887419432,3.1736067,0.699072966,0.492100637,1,"Geno_at_37"
"Slc50a1","ENSMUSG00000027953.13",-0.0887412739,5.38919326,-1.84645724,0.0748650699,1,"Geno_at_37"
"Misp3","ENSMUSG00000074217.8",0.0887159987,-0.357336761,0.623909429,0.537522286,1,"Geno_at_37"
"Gm47772","ENSMUSG00000111365.1",0.0887127363,-0.287633166,0.566025406,0.576034349,1,"Geno_at_37"
"Krt17","ENSMUSG00000035557.9",0.0887103923,1.19580978,0.619256282,0.540493493,1,"Geno_at_37"
"Gm28192","ENSMUSG00000100629.1",-0.0887019393,2.32216614,-0.935039536,0.357347528,1,"Geno_at_37"
"Ccdc120","ENSMUSG00000031150.13",-0.0886998956,-0.233458367,-0.717662548,0.478601522,1,"Geno_at_37"
"Cystm1","ENSMUSG00000046727.13",0.0886950003,2.94038246,1.13323813,0.266226341,1,"Geno_at_37"
"Gm48872","ENSMUSG00000113905.1",0.0886768825,-0.567372892,0.754875896,0.456298722,1,"Geno_at_37"
"Gm16103","ENSMUSG00000090243.1",-0.088668975,-0.65284752,-0.90789263,0.371280793,1,"Geno_at_37"
"Ccdc136","ENSMUSG00000029769.16",0.0886550611,0.203945874,0.675834111,0.504401802,1,"Geno_at_37"
"D7Bwg0826e","ENSMUSG00000109198.1",0.088650028,0.860310949,0.769825034,0.447515076,1,"Geno_at_37"
"Frrs1l","ENSMUSG00000045589.7",-0.0886498705,-0.920794949,-1.12841933,0.268222358,1,"Geno_at_37"
"1700029N11Rik","ENSMUSG00000098144.8",0.0886396318,-0.888858444,0.967157631,0.341315631,1,"Geno_at_37"
"Rgl1","ENSMUSG00000026482.13",0.0886366084,2.28972518,0.883722247,0.38398066,1,"Geno_at_37"
"Slc12a3","ENSMUSG00000031766.4",0.0886318803,-0.600170625,0.872146385,0.390160861,1,"Geno_at_37"
"Gm15472","ENSMUSG00000084760.1",-0.0885973825,0.488984275,-0.566612579,0.575268962,1,"Geno_at_37"
"Anapc16","ENSMUSG00000020107.10",-0.0885943862,5.72646885,-2.44617362,0.0206161251,1,"Geno_at_37"
"Sptbn4","ENSMUSG00000011751.16",-0.0885764208,-0.674006117,-0.999490041,0.32567301,1,"Geno_at_37"
"Zfp954","ENSMUSG00000062116.10",-0.0885474397,3.86390954,-1.51243481,0.14104679,1,"Geno_at_37"
"Gm9958","ENSMUSG00000054945.4",-0.0884761339,1.20107922,-0.632904977,0.531663987,1,"Geno_at_37"
"Gm35715","ENSMUSG00000104945.1",0.0884194971,-0.483246673,0.703643558,0.487163267,1,"Geno_at_37"
"Phf2os1","ENSMUSG00000086889.1",0.0884042531,1.56116169,0.760942029,0.452722218,1,"Geno_at_37"
"Gm44649","ENSMUSG00000108321.1",-0.0884001097,0.719144207,-0.654674697,0.517741569,1,"Geno_at_37"
"Uhrf1","ENSMUSG00000001228.14",0.088375401,8.73778639,1.39970589,0.178398668,1,"Geno_at_37"
"9030407P20Rik","ENSMUSG00000097343.2",-0.088352371,0.809881763,-0.687603206,0.497065329,1,"Geno_at_37"
"Aprt","ENSMUSG00000006589.8",-0.0883279044,6.15134112,-2.42436657,0.0216718921,1,"Geno_at_37"
"Gm14719","ENSMUSG00000082192.2",0.0883144072,2.63243009,1.12069122,0.271445974,1,"Geno_at_37"
"Gm16156","ENSMUSG00000087436.1",-0.088311614,-0.639205095,-0.916739748,0.366701504,1,"Geno_at_37"
"Gm43759","ENSMUSG00000105368.1",0.0883012011,0.371909267,0.560902127,0.579116422,1,"Geno_at_37"
"Prss53","ENSMUSG00000044139.12",-0.0882651264,-0.65735636,-0.735660269,0.46773763,1,"Geno_at_37"
"Gm15697","ENSMUSG00000081670.1",-0.0882615541,2.2544911,-1.18827595,0.244188606,1,"Geno_at_37"
"Fndc8","ENSMUSG00000018844.6",-0.0882514772,-0.248289536,-0.758194104,0.454340289,1,"Geno_at_37"
"Wipi1","ENSMUSG00000041895.15",-0.0882510363,2.47137033,-0.885439014,0.383069492,1,"Geno_at_37"
"Gm22904","ENSMUSG00000092931.2",0.0882401194,0.762184035,0.587340249,0.561437177,1,"Geno_at_37"
"Gm18828","ENSMUSG00000097291.1",0.0882215722,0.183189226,0.714622992,0.480450487,1,"Geno_at_37"
"Gm1943","ENSMUSG00000110528.1",0.0882038987,2.68686385,1.05535575,0.299816181,1,"Geno_at_37"
"Gm20427","ENSMUSG00000092595.2",0.088179636,-0.521504867,0.697528406,0.490925023,1,"Geno_at_37"
"Slc45a3","ENSMUSG00000026435.15",0.0881789539,-0.672344857,0.853218486,0.400402315,1,"Geno_at_37"
"Gm9727","ENSMUSG00000089628.1",0.0881685928,2.27500871,0.995538626,0.32755803,1,"Geno_at_37"
"Ccdc43","ENSMUSG00000020925.16",0.0881571941,5.36985038,2.10082537,0.0442977384,1,"Geno_at_37"
"Gm17083","ENSMUSG00000090628.1",0.0881248782,1.93091059,0.803386147,0.428167649,1,"Geno_at_37"
"Gm14038","ENSMUSG00000083879.4",0.0881223493,2.36571227,1.1282584,0.268289205,1,"Geno_at_37"
"Fmnl3","ENSMUSG00000023008.18",-0.0881041428,7.44962144,-2.52943706,0.0170044515,1,"Geno_at_37"
"Nebl","ENSMUSG00000053702.16",0.0880936376,2.71360127,0.88077148,0.385550025,1,"Geno_at_37"
"Klrd1","ENSMUSG00000030165.16",0.0880825734,4.18085336,1.24365752,0.223402901,1,"Geno_at_37"
"Zfp566","ENSMUSG00000078768.2",-0.0880644174,2.34508716,-0.959555018,0.345066128,1,"Geno_at_37"
"Pgm1","ENSMUSG00000025791.18",-0.0880319893,5.56499823,-1.09954751,0.285037439,1,"Geno_at_37"
"Gm37982","ENSMUSG00000103139.1",0.0880306048,-0.411429141,0.787941076,0.437007225,1,"Geno_at_37"
"Gm16976","ENSMUSG00000085500.9",0.0880284443,0.913362365,0.728851214,0.471830775,1,"Geno_at_37"
"H1f5","ENSMUSG00000058773.2",0.0879988937,0.482445278,0.686961812,0.497463608,1,"Geno_at_37"
"Myo1f","ENSMUSG00000024300.17",-0.087957806,1.90837532,-0.640894035,0.52698518,1,"Geno_at_37"
"Rpl26","ENSMUSG00000060938.14",-0.0879554468,8.58578101,-2.39440559,0.0232031297,1,"Geno_at_37"
"A930001C03Rik","ENSMUSG00000087132.8",-0.0879549805,-0.119007034,-0.745385408,0.461927557,1,"Geno_at_37"
"Gm38243","ENSMUSG00000103748.1",-0.0879373924,-0.23001481,-0.700600132,0.489033392,1,"Geno_at_37"
"Gm19605","ENSMUSG00000113585.1",0.0879278382,2.51040816,0.911425388,0.369447772,1,"Geno_at_37"
"Nmral1","ENSMUSG00000063445.14",-0.0879167139,4.26189947,-0.688865953,0.499923757,1,"Geno_at_37"
"Pcdh17","ENSMUSG00000035566.7",0.0879021305,-0.914985752,1.16199502,0.254538173,1,"Geno_at_37"
"Selenon","ENSMUSG00000050989.9",0.0878709735,2.5574436,0.953413244,0.348116074,1,"Geno_at_37"
"Tlr6","ENSMUSG00000051498.7",-0.0878370384,1.63157852,-0.786879481,0.437618835,1,"Geno_at_37"
"Cbx8","ENSMUSG00000025578.9",-0.0878319909,2.78299553,-1.21201836,0.235108809,1,"Geno_at_37"
"n-R5s15","ENSMUSG00000084584.1",0.0878187857,-0.564047944,0.749852861,0.459272834,1,"Geno_at_37"
"Slc30a6","ENSMUSG00000024069.14",-0.087817358,4.13022129,-1.44465357,0.159077448,1,"Geno_at_37"
"Isy1","ENSMUSG00000030056.8",0.0877972778,5.3720425,2.29172995,0.0292283976,1,"Geno_at_37"
"Traj4","ENSMUSG00000076924.1",0.0877691558,0.517373662,0.718571358,0.478049487,1,"Geno_at_37"
"Ppp1r14b","ENSMUSG00000056612.7",-0.0877662853,5.6696059,-1.75923801,0.0888901413,1,"Geno_at_37"
"Gm49223","ENSMUSG00000114602.1",-0.0877564958,0.790076125,-0.786116805,0.438058549,1,"Geno_at_37"
"Gm11465","ENSMUSG00000086820.1",-0.0877452151,-0.183977369,-0.70814105,0.484407096,1,"Geno_at_37"
"Pygm","ENSMUSG00000032648.14",0.087739627,1.76463452,0.744729663,0.462317981,1,"Geno_at_37"
"0610009B22Rik","ENSMUSG00000007777.9",0.0877389211,2.9714028,1.19415609,0.241916089,1,"Geno_at_37"
"St6gal1","ENSMUSG00000022885.16",-0.0877296136,6.76686249,-1.09181238,0.28969597,1,"Geno_at_37"
"Mir7679","ENSMUSG00000098840.1",0.0877087898,-0.386059612,0.55758339,0.581837804,1,"Geno_at_37"
"Zfp395","ENSMUSG00000034522.10",-0.0876883597,5.50936554,-1.78197772,0.0850340019,1,"Geno_at_37"
"Tecr","ENSMUSG00000031708.17",-0.0876773009,6.69781923,-2.4963833,0.018362127,1,"Geno_at_37"
"Traj33","ENSMUSG00000076896.1",0.0876542064,-0.462346117,0.788867901,0.436473684,1,"Geno_at_37"
"Npl","ENSMUSG00000042684.8",0.0876480702,-0.30893692,0.730531001,0.470819075,1,"Geno_at_37"
"Stambp-ps1","ENSMUSG00000107505.1",-0.0876375699,-0.0236044242,-0.629594826,0.533798285,1,"Geno_at_37"
"Vps50","ENSMUSG00000001376.17",0.0876295588,5.31026462,1.74552244,0.0912868531,1,"Geno_at_37"
"4933426B08Rik","ENSMUSG00000116644.1",0.0876268529,-0.602905695,0.95870231,0.345488501,1,"Geno_at_37"
"Zfp653","ENSMUSG00000038895.16",0.0875955768,4.04058846,1.78346628,0.0847866111,1,"Geno_at_37"
"Cog8","ENSMUSG00000031916.17",-0.0875896802,5.29844161,-1.87128309,0.0712378256,1,"Geno_at_37"
"Gm20763","ENSMUSG00000114398.1",-0.0875655613,-0.597747753,-0.716599947,0.479247438,1,"Geno_at_37"
"Arvcf","ENSMUSG00000000325.16",-0.0875639685,1.77229417,-0.776621994,0.443555035,1,"Geno_at_37"
"Bcap29","ENSMUSG00000020650.15",-0.0875566354,7.05669756,-2.28244225,0.0298379285,1,"Geno_at_37"
"Wdr45","ENSMUSG00000039382.12",-0.0875539101,4.32267171,-1.44552604,0.15883421,1,"Geno_at_37"
"Gm11212","ENSMUSG00000082141.1",-0.0875312556,0.585646104,-0.661050194,0.513702082,1,"Geno_at_37"
"Gm16091","ENSMUSG00000087502.1",0.0874809709,2.91655048,1.0651332,0.295442839,1,"Geno_at_37"
"Exph5","ENSMUSG00000034584.3",-0.0874798296,-0.487572227,-0.655005552,0.517531517,1,"Geno_at_37"
"Nqo2","ENSMUSG00000046949.16",0.08746508,2.92340887,1.10911796,0.276325537,1,"Geno_at_37"
"Gm45251","ENSMUSG00000110120.1",0.087446429,0.360070115,0.645158628,0.52380291,1,"Geno_at_37"
"Xkr5","ENSMUSG00000039814.15",0.0874343852,2.37904201,0.792999665,0.434099973,1,"Geno_at_37"
"Pcdhga8","ENSMUSG00000103897.1",-0.0874329891,-0.821745137,-0.988454765,0.330955986,1,"Geno_at_37"
"Coro2b","ENSMUSG00000041729.15",-0.087394907,0.0090535412,-0.670733564,0.507599877,1,"Geno_at_37"
"Slc12a5","ENSMUSG00000017740.17",0.0873875054,-0.381210312,0.820689541,0.418395519,1,"Geno_at_37"
"Scn2b","ENSMUSG00000070304.12",-0.0873777595,-0.513770486,-0.797186094,0.431702873,1,"Geno_at_37"
"Glyctk","ENSMUSG00000020258.16",-0.0873659309,2.39861504,-0.997920827,0.326420713,1,"Geno_at_37"
"Gm37520","ENSMUSG00000103253.1",-0.0873618622,0.631500134,-0.632368284,0.532009723,1,"Geno_at_37"
"Zfp523","ENSMUSG00000024220.14",-0.0873431574,3.89695523,-1.35783488,0.184796064,1,"Geno_at_37"
"Fbn1","ENSMUSG00000027204.13",0.0872870987,0.720516126,0.626745497,0.535639095,1,"Geno_at_37"
"A930001M01Rik","ENSMUSG00000115918.1",0.0872470551,-0.274332602,0.786245422,0.437984378,1,"Geno_at_37"
"Trbv21","ENSMUSG00000076477.3",-0.0872348443,-0.682756128,-0.703071232,0.48751464,1,"Geno_at_37"
"Fut10","ENSMUSG00000046152.16",0.0872339202,0.131023513,0.583908063,0.563713783,1,"Geno_at_37"
"Gemin6","ENSMUSG00000055760.12",0.087226146,4.07836819,1.4332147,0.162293984,1,"Geno_at_37"
"Ubxn8","ENSMUSG00000052906.7",-0.0872252754,4.76315483,-1.89838541,0.067451858,1,"Geno_at_37"
"Gm10355","ENSMUSG00000072381.3",-0.087217858,2.1380248,-1.00866847,0.32132312,1,"Geno_at_37"
"Rnasek","ENSMUSG00000093989.1",0.0871863946,0.0192714834,0.608751161,0.547341529,1,"Geno_at_37"
"Cd200r1","ENSMUSG00000022667.18",0.0871779523,1.47027733,0.835502849,0.410140284,1,"Geno_at_37"
"Rtbdn","ENSMUSG00000048617.16",0.0871754971,-0.0498745973,0.784029563,0.439263297,1,"Geno_at_37"
"Frg2f1","ENSMUSG00000087385.8",-0.0871693983,1.99337573,-1.08336792,0.287407101,1,"Geno_at_37"
"Gm6787","ENSMUSG00000086404.1",0.0871582577,-0.408188298,0.738065528,0.466296709,1,"Geno_at_37"
"Mir7030","ENSMUSG00000099254.1",-0.0871493029,-0.547414123,-0.803828602,0.427916044,1,"Geno_at_37"
"Gm12254","ENSMUSG00000085342.1",-0.0871361759,6.52567559,-2.11263763,0.0431954,1,"Geno_at_37"
"Pcdhgb6","ENSMUSG00000103088.1",0.0871249553,0.313418578,0.647921602,0.522039076,1,"Geno_at_37"
"Cox17","ENSMUSG00000046516.10",0.0871240588,4.65460652,0.540665746,0.596036021,1,"Geno_at_37"
"Gm14822","ENSMUSG00000083049.1",-0.0871238119,-0.464722822,-0.74684599,0.461058636,1,"Geno_at_37"
"Tesk2","ENSMUSG00000033985.17",-0.0871218492,4.05630189,-1.64136138,0.111325942,1,"Geno_at_37"
"Rpl36a-ps1","ENSMUSG00000060377.4",-0.087104404,4.58967102,-1.64963674,0.109610196,1,"Geno_at_37"
"1700048O20Rik","ENSMUSG00000043773.5",-0.0870801334,1.49963123,-0.741152323,0.464451301,1,"Geno_at_37"
"Gm37116","ENSMUSG00000103574.1",-0.087057601,0.178724561,-0.663612885,0.512083244,1,"Geno_at_37"
"Gm28438","ENSMUSG00000101939.1",-0.0870535013,0.292675517,-0.548197981,0.587717575,1,"Geno_at_37"
"Gm28661","ENSMUSG00000102070.1",0.087038848,0.850278297,0.801185057,0.429420662,1,"Geno_at_37"
"Gm16239","ENSMUSG00000089994.1",0.0870273907,-0.381060818,0.715671832,0.479812015,1,"Geno_at_37"
"Tbxas1","ENSMUSG00000029925.13",0.0870157699,-0.626698982,0.847004338,0.403801374,1,"Geno_at_37"
"Gm44200","ENSMUSG00000107937.1",0.0870094983,1.3014153,0.76056357,0.452944865,1,"Geno_at_37"
"Mmp17","ENSMUSG00000029436.9",-0.0869846927,1.13915266,-0.88010176,0.385906789,1,"Geno_at_37"
"D130058E05Rik","ENSMUSG00000092627.2",-0.0869701661,-0.611330072,-0.657443125,0.515987729,1,"Geno_at_37"
"Zfp366","ENSMUSG00000050919.9",-0.0869422029,-0.905190643,-1.1798497,0.247472546,1,"Geno_at_37"
"Cyb5d1","ENSMUSG00000044795.12",0.0869349684,4.56546017,1.50240833,0.143605105,1,"Geno_at_37"
"Tmem29","ENSMUSG00000041353.12",0.0869252873,3.56363295,1.42312821,0.165172851,1,"Geno_at_37"
"Begain","ENSMUSG00000040867.13",-0.0868921992,1.56155365,-0.812268286,0.423134096,1,"Geno_at_37"
"Gm14023","ENSMUSG00000085498.1",-0.0868643391,0.0462789899,-0.653760137,0.518322444,1,"Geno_at_37"
"Gm44949","ENSMUSG00000108655.1",0.086832025,0.0712564946,0.646041085,0.523239216,1,"Geno_at_37"
"Mien1","ENSMUSG00000002580.7",0.086789461,3.25988058,1.23278054,0.227376769,1,"Geno_at_37"
"Pigv","ENSMUSG00000043257.15",0.0867893758,3.47126229,1.38193863,0.177350285,1,"Geno_at_37"
"Gm37900","ENSMUSG00000103000.1",0.0867356408,-0.430652978,0.736877218,0.467008267,1,"Geno_at_37"
"Gm9003","ENSMUSG00000084007.3",0.0867053824,-0.503684566,0.823471337,0.416837466,1,"Geno_at_37"
"Itga6","ENSMUSG00000027111.16",0.0866881673,7.88836337,2.05420219,0.0493969206,1,"Geno_at_37"
"Klc3","ENSMUSG00000040714.14",-0.08668793,5.02201079,-1.61999941,0.115858151,1,"Geno_at_37"
"4933424M12Rik","ENSMUSG00000087289.2",-0.0866766186,-0.319024046,-0.701648059,0.488389003,1,"Geno_at_37"
"Gm43430","ENSMUSG00000106149.1",0.0866506917,1.85339432,0.572026704,0.572502786,1,"Geno_at_37"
"Gm42659","ENSMUSG00000105655.1",-0.086642139,2.19675073,-0.88015939,0.385876081,1,"Geno_at_37"
"Gm12870","ENSMUSG00000082279.1",0.086638268,0.973787032,0.698628814,0.490246895,1,"Geno_at_37"
"Smad7","ENSMUSG00000025880.11",-0.0866050312,6.39681218,-0.768738516,0.452997338,1,"Geno_at_37"
"Ern1","ENSMUSG00000020715.9",0.0866003065,4.13441274,1.59124961,0.122197365,1,"Geno_at_37"
"Ptafr","ENSMUSG00000056529.7",0.0865947851,-0.530911087,0.752371193,0.457780318,1,"Geno_at_37"
"Nufip1","ENSMUSG00000022009.1",-0.0865891788,5.41355273,-2.17244659,0.0379798197,1,"Geno_at_37"
"Acsbg1","ENSMUSG00000032281.11",-0.0865867203,6.41569987,-2.27126738,0.0305865196,1,"Geno_at_37"
"Bbc3","ENSMUSG00000002083.13",-0.0865733372,4.86405447,-1.18040705,0.249362274,1,"Geno_at_37"
"Acss2","ENSMUSG00000027605.18",0.0865687525,3.74357969,0.951121973,0.350340102,1,"Geno_at_37"
"Gm14373","ENSMUSG00000081232.3",0.0865297449,3.65239608,1.25283711,0.220089999,1,"Geno_at_37"
"Spef2","ENSMUSG00000072663.12",0.0864684417,2.64062849,1.10283975,0.278998744,1,"Geno_at_37"
"Zfp626","ENSMUSG00000030604.9",0.0864554826,4.9320262,1.74936055,0.0906107237,1,"Geno_at_37"
"Rai14","ENSMUSG00000022246.14",-0.0864543648,5.58892131,-1.17371639,0.253909452,1,"Geno_at_37"
"Gm15873","ENSMUSG00000085725.2",0.0864522583,-0.491377878,0.771653372,0.446447777,1,"Geno_at_37"
"Asprv1","ENSMUSG00000033508.7",-0.0864476644,-0.259818978,-0.768220973,0.448452706,1,"Geno_at_37"
"Entpd2","ENSMUSG00000015085.8",-0.086411847,-0.674097385,-0.805041731,0.427226652,1,"Geno_at_37"
"Ehhadh","ENSMUSG00000022853.7",-0.0864052246,4.38605316,-1.47555374,0.150641759,1,"Geno_at_37"
"Sh3gl3","ENSMUSG00000030638.13",-0.0863958447,1.09872177,-0.576724958,0.56858742,1,"Geno_at_37"
"H4c1","ENSMUSG00000060093.6",-0.0863770108,-0.483547366,-0.703582922,0.487200487,1,"Geno_at_37"
"Ppa2","ENSMUSG00000028013.16",-0.0863703724,4.85782229,-1.82173141,0.0786341747,1,"Geno_at_37"
"Uqcrh-ps1","ENSMUSG00000037438.6",-0.0863626974,0.409680264,-0.66534715,0.510989308,1,"Geno_at_37"
"Traj16","ENSMUSG00000076913.1",0.086360299,0.279923182,0.623183076,0.537945321,1,"Geno_at_37"
"Gm9895","ENSMUSG00000118038.1",-0.0863572035,-0.47168327,-0.80632541,0.426497911,1,"Geno_at_37"
"Pex11a","ENSMUSG00000030545.9",-0.0863413473,1.80261519,-0.857202696,0.398232544,1,"Geno_at_37"
"Fzd4","ENSMUSG00000049791.4",-0.0863379038,2.31475353,-0.854969432,0.399447844,1,"Geno_at_37"
"Gm45756","ENSMUSG00000110438.1",-0.0863366197,-0.62552757,-0.758369994,0.454236616,1,"Geno_at_37"
"Nudt2","ENSMUSG00000028443.6",-0.0863163161,3.72146311,-1.20859115,0.236403746,1,"Geno_at_37"
"Gm9625","ENSMUSG00000097906.1",-0.0863135608,7.14369777,-2.40006408,0.0229065808,1,"Geno_at_37"
"Gm45151","ENSMUSG00000108736.1",-0.086294444,0.996742738,-0.74264425,0.463560902,1,"Geno_at_37"
"Tpte","ENSMUSG00000031481.8",-0.0862728848,-0.432365013,-0.722581123,0.475618224,1,"Geno_at_37"
"Gm17809","ENSMUSG00000116919.1",0.0862689162,1.33404457,0.747672971,0.46056708,1,"Geno_at_37"
"Zfp971","ENSMUSG00000074519.11",0.0862647512,2.805069,1.00622244,0.322478437,1,"Geno_at_37"
"Tmem106a","ENSMUSG00000034947.13",0.0862241724,0.662030176,0.60040085,0.552816921,1,"Geno_at_37"
"Gm8983","ENSMUSG00000114500.1",-0.0862147471,3.8133578,-1.36871021,0.18140702,1,"Geno_at_37"
"Vill","ENSMUSG00000038775.14",0.08621213,2.0680013,0.53207637,0.600082975,1,"Geno_at_37"
"Map3k19","ENSMUSG00000051590.10",0.0861972588,-0.0479942622,0.51440764,0.611216754,1,"Geno_at_37"
"Gm3226","ENSMUSG00000114547.1",0.0861908918,2.71382045,0.789939722,0.436181106,1,"Geno_at_37"
"Flrt1","ENSMUSG00000047787.8",0.0861888576,-0.327896855,0.686084253,0.498008824,1,"Geno_at_37"
"Prx","ENSMUSG00000053198.14",-0.0861868267,1.86482858,-0.905728703,0.372406501,1,"Geno_at_37"
"Dclre1a","ENSMUSG00000025077.13",0.0861552154,4.238482,1.56770009,0.127599858,1,"Geno_at_37"
"4933402N22Rik","ENSMUSG00000067848.12",-0.0861361262,-0.640103576,-0.637960128,0.528537985,1,"Geno_at_37"
"Gm44366","ENSMUSG00000107477.1",-0.0861320609,-0.0551544142,-0.696486469,0.491567607,1,"Geno_at_37"
"Gm16576","ENSMUSG00000087543.1",-0.0861237822,2.71398538,-0.903751166,0.37343719,1,"Geno_at_37"
"Chrne","ENSMUSG00000014609.16",-0.086120231,-0.621627567,-0.816430423,0.420787976,1,"Geno_at_37"
"Mtf1","ENSMUSG00000028890.13",-0.0861070864,5.08753033,-1.94315656,0.0615786601,1,"Geno_at_37"
"Ndufaf8","ENSMUSG00000078572.3",-0.0860831637,3.40527495,-1.38296681,0.177037974,1,"Geno_at_37"
"Rpl36-ps3","ENSMUSG00000066629.2",-0.0860462737,0.345777444,-0.786369133,0.437913042,1,"Geno_at_37"
"Fam219a","ENSMUSG00000028439.14",-0.0859942901,2.92362686,-1.02263079,0.314782833,1,"Geno_at_37"
"Qpct","ENSMUSG00000024084.8",-0.0859906774,-0.574088311,-0.744365584,0.462534834,1,"Geno_at_37"
"Fam49a","ENSMUSG00000020589.17",0.0859836316,2.42891105,1.11447704,0.274058254,1,"Geno_at_37"
"Gm2862","ENSMUSG00000089639.1",-0.0859407423,-0.389774151,-0.734670038,0.468331602,1,"Geno_at_37"
"AI480526","ENSMUSG00000090086.7",-0.0859383034,4.52320959,-1.54708786,0.132487371,1,"Geno_at_37"
"Gm20045","ENSMUSG00000103983.1",0.0858953114,2.06987138,0.675268511,0.505037491,1,"Geno_at_37"
"Gm8775","ENSMUSG00000091223.2",0.0858556941,2.61194188,0.924931882,0.362494391,1,"Geno_at_37"
"Taf9","ENSMUSG00000052293.14",0.0858329329,0.654471024,0.615191291,0.543138013,1,"Geno_at_37"
"Katnal1","ENSMUSG00000041298.15",-0.0858242745,2.15927445,-0.984485172,0.33287055,1,"Geno_at_37"
"Gm5451","ENSMUSG00000095847.1",0.0858141527,-0.216552629,0.843801607,0.405560299,1,"Geno_at_37"
"Gm8388","ENSMUSG00000102270.1",-0.0858126341,-0.576898764,-0.739481791,0.46544948,1,"Geno_at_37"
"Dtnbos","ENSMUSG00000092286.1",-0.0857939943,-0.45224357,-0.715117983,0.480149105,1,"Geno_at_37"
"Zfp248","ENSMUSG00000030145.14",-0.0857917923,1.95751752,-0.694782126,0.492621452,1,"Geno_at_37"
"9130230N09Rik","ENSMUSG00000092626.1",0.085756635,0.167136439,0.760501649,0.452981299,1,"Geno_at_37"
"Prss56","ENSMUSG00000036480.9",-0.0857468212,-0.424339687,-0.846137435,0.404276999,1,"Geno_at_37"
"Pcif1","ENSMUSG00000039849.6",-0.085678171,6.28623544,-2.61739691,0.0138298863,1,"Geno_at_37"
"Csnk2a3","ENSMUSG00000101523.2",0.0856732685,6.22016955,2.35771075,0.0252127439,1,"Geno_at_37"
"Bola2","ENSMUSG00000047721.8",-0.0856670899,5.06137286,-1.58675938,0.123212722,1,"Geno_at_37"
"Insl6","ENSMUSG00000050957.4",-0.085656071,1.8524455,-0.814912338,0.421642761,1,"Geno_at_37"
"Lamc3","ENSMUSG00000026840.14",-0.0856527445,4.47529064,-1.07955558,0.290820481,1,"Geno_at_37"
"Rab11fip5","ENSMUSG00000051343.11",-0.0856509937,0.40256475,-0.579144341,0.566881343,1,"Geno_at_37"
"Zfp467","ENSMUSG00000068551.12",-0.0856377641,3.82187965,-1.44956864,0.157711029,1,"Geno_at_37"
"Gm2762","ENSMUSG00000107008.3",-0.085623879,0.765937403,-0.461980435,0.64821779,1,"Geno_at_37"
"Abcc5","ENSMUSG00000022822.16",0.0856181736,4.78863963,1.6333464,0.113008886,1,"Geno_at_37"
"Avil","ENSMUSG00000025432.11",-0.0856135744,0.0453385681,-0.607926924,0.547880733,1,"Geno_at_37"
"Gm13571","ENSMUSG00000086196.7",0.0856021523,-0.56602457,0.847927626,0.403295202,1,"Geno_at_37"
"Vps18","ENSMUSG00000034216.12",0.085596542,4.98607359,2.06694556,0.0475990569,1,"Geno_at_37"
"Saysd1","ENSMUSG00000045107.5",-0.0855889332,3.08226263,-1.30956899,0.200433809,1,"Geno_at_37"
"Mrpl54","ENSMUSG00000034932.4",-0.0855865735,4.70480637,-1.7024802,0.0991653868,1,"Geno_at_37"
"Gm36975","ENSMUSG00000104302.1",0.0855863024,-0.060448328,0.713821773,0.48093855,1,"Geno_at_37"
"Slc25a10","ENSMUSG00000025792.9",0.0855842756,4.09887602,1.2900043,0.207054699,1,"Geno_at_37"
"Gm43294","ENSMUSG00000107094.1",0.0855822583,0.242806636,0.555909818,0.582458107,1,"Geno_at_37"
"Eps8l1","ENSMUSG00000006154.13",-0.0855742297,2.99940678,-0.145373053,0.886209008,1,"Geno_at_37"
"Myl4","ENSMUSG00000061086.12",0.0855560243,-0.0685577154,0.709924203,0.483316802,1,"Geno_at_37"
"Gm44037","ENSMUSG00000107726.1",-0.085552356,0.402237312,-0.60124051,0.552265071,1,"Geno_at_37"
"Aif1l","ENSMUSG00000001864.13",0.0855287171,1.83704777,0.938782225,0.355454065,1,"Geno_at_37"
"Gm9826","ENSMUSG00000048538.7",0.0855233829,4.55758464,1.81957005,0.0789712298,1,"Geno_at_37"
"Zfp617","ENSMUSG00000066880.15",0.0855079424,4.17327813,1.57295445,0.126377818,1,"Geno_at_37"
"Ighg1","ENSMUSG00000076614.7",-0.0854938079,-0.941656026,-1.13913932,0.263796656,1,"Geno_at_37"
"Aldh3a2","ENSMUSG00000010025.19",0.0854807838,4.96372483,1.95097503,0.0605999655,1,"Geno_at_37"
"Gm13609","ENSMUSG00000086192.1",-0.0854691014,-0.657230278,-0.780617475,0.441237043,1,"Geno_at_37"
"Gm11926","ENSMUSG00000084201.1",0.0854674039,-0.494345012,0.664620433,0.511447549,1,"Geno_at_37"
"Gm38077","ENSMUSG00000104344.1",0.0854070919,3.06180052,1.00064696,0.325122507,1,"Geno_at_37"
"Gm10120","ENSMUSG00000112909.1",0.085397559,3.58772066,1.44448047,0.159125743,1,"Geno_at_37"
"Gm10222","ENSMUSG00000067736.2",-0.085397234,-0.533618799,-0.768300586,0.448406142,1,"Geno_at_37"
"Ffar2","ENSMUSG00000051314.11",0.0853895752,-0.88860739,1.15488673,0.257391827,1,"Geno_at_37"
"Gng7","ENSMUSG00000048240.14",0.0853824685,-0.508563364,0.878447478,0.386788942,1,"Geno_at_37"
"Rad54b","ENSMUSG00000078773.11",0.0853790156,5.05462667,1.70354631,0.0989635604,1,"Geno_at_37"
"Gm5912","ENSMUSG00000081436.1",-0.0853740722,-0.163628292,-0.597895912,0.554464928,1,"Geno_at_37"
"Erbb3","ENSMUSG00000018166.8",-0.0853461564,3.80332474,-1.15371936,0.2578627,1,"Geno_at_37"
"Itgb3","ENSMUSG00000020689.4",0.0853132245,1.89990917,0.899505578,0.375656248,1,"Geno_at_37"
"Gm37967","ENSMUSG00000102571.1",-0.0852933491,-0.357522914,-0.711178293,0.482550839,1,"Geno_at_37"
"Gm38604","ENSMUSG00000114401.1",0.085270927,-0.598009658,0.761803982,0.452215378,1,"Geno_at_37"
"Twist1","ENSMUSG00000035799.6",-0.0852617364,0.495410295,-0.700099217,0.489341583,1,"Geno_at_37"
"A930006K02Rik","ENSMUSG00000084866.2",0.0852595476,0.960970228,0.662251919,0.512942611,1,"Geno_at_37"
"Gm25747","ENSMUSG00000092683.1",-0.0852432972,-0.564136866,-0.724118949,0.47468768,1,"Geno_at_37"
"Gm5456","ENSMUSG00000094242.2",0.0852149124,2.03658611,0.798387575,0.431016411,1,"Geno_at_37"
"Pgm2l1","ENSMUSG00000030729.17",0.0851832943,5.2225791,1.73671404,0.0928546892,1,"Geno_at_37"
"Camk4","ENSMUSG00000038128.7",0.0851716038,5.34827304,1.72942687,0.0941688755,1,"Geno_at_37"
"Cobll1","ENSMUSG00000034903.18",-0.0851690109,4.40703219,-1.48324334,0.148599177,1,"Geno_at_37"
"Cd8a","ENSMUSG00000053977.13",-0.0851560573,2.51520089,-0.874277277,0.389018455,1,"Geno_at_37"
"Gm11948","ENSMUSG00000087055.1",-0.0851351488,0.196774495,-0.587987534,0.56100835,1,"Geno_at_37"
"Mrps34","ENSMUSG00000038880.13",0.08513137,3.8861921,1.40780381,0.169623867,1,"Geno_at_37"
"2810006K23Rik","ENSMUSG00000047635.6",-0.0850963927,2.50684657,-1.09686978,0.281557808,1,"Geno_at_37"
"Gramd1b","ENSMUSG00000040111.17",0.0850805389,6.71334162,2.05954491,0.0483484934,1,"Geno_at_37"
"4930444A19Rik","ENSMUSG00000101674.6",0.0850540009,-0.156642184,0.684312365,0.499110695,1,"Geno_at_37"
"Cst6","ENSMUSG00000024846.6",-0.0850307996,0.805508931,-0.642081307,0.525771194,1,"Geno_at_37"
"Mbnl2","ENSMUSG00000022139.17",-0.0850261171,6.8470073,-2.15568978,0.0393812097,1,"Geno_at_37"
"1700126G02Rik","ENSMUSG00000107802.1",-0.0850191385,1.27455742,-0.73986509,0.46522034,1,"Geno_at_37"
"Morn4","ENSMUSG00000049670.9",-0.0850064815,0.220798204,-0.767770767,0.448716078,1,"Geno_at_37"
"Tnfrsf1a","ENSMUSG00000030341.17",-0.0850045162,4.65785319,-1.43465216,0.161886966,1,"Geno_at_37"
"Gm12138","ENSMUSG00000082087.4",0.08499156,2.76164666,1.09457979,0.282543857,1,"Geno_at_37"
"Wdsub1","ENSMUSG00000026988.15",-0.0849898179,2.85886969,-1.07034008,0.293132271,1,"Geno_at_37"
"Mycbp","ENSMUSG00000028647.13",-0.0849842675,4.10548312,-1.63238218,0.11321276,1,"Geno_at_37"
"2610024D14Rik","ENSMUSG00000084362.1",0.0849178865,-0.384974441,0.791169566,0.435150401,1,"Geno_at_37"
"Gpx8","ENSMUSG00000021760.5",-0.0849114068,-0.800826651,-0.940277226,0.354699592,1,"Geno_at_37"
"Zfand4","ENSMUSG00000042213.17",-0.0848979162,1.90518746,-0.829854097,0.413276177,1,"Geno_at_37"
"Gm18988","ENSMUSG00000108699.1",0.0848858327,-0.681504699,0.865388396,0.393798094,1,"Geno_at_37"
"Gm6652","ENSMUSG00000099858.1",0.0848635138,1.40505901,0.745210434,0.462031716,1,"Geno_at_37"
"Mapk11","ENSMUSG00000053137.7",0.0848532129,5.02076758,1.6399527,0.111620214,1,"Geno_at_37"
"Zc3hc1","ENSMUSG00000039130.18",-0.0848459902,5.36939882,-2.15199943,0.0396959699,1,"Geno_at_37"
"Polr2k","ENSMUSG00000045996.12",0.0848451191,1.88734369,0.747152027,0.460876692,1,"Geno_at_37"
"Rnf187","ENSMUSG00000020496.10",-0.0847812909,7.19856448,-2.30648982,0.0282828809,1,"Geno_at_37"
"A230103J11Rik","ENSMUSG00000087026.7",-0.0847709224,1.04008927,-0.903955032,0.37333085,1,"Geno_at_37"
"Vegfd","ENSMUSG00000031380.10",0.084770691,-0.929055525,1.10224858,0.279251409,1,"Geno_at_37"
"Gm8897","ENSMUSG00000096732.7",-0.0847649655,-0.0402821842,-0.671284342,0.507253997,1,"Geno_at_37"
"Txndc12","ENSMUSG00000028567.8",-0.0847259908,5.3935427,-2.4432054,0.0207570042,1,"Geno_at_37"
"Gm26268","ENSMUSG00000093897.1",0.0847210381,-0.492660959,0.735091758,0.468078587,1,"Geno_at_37"
"C430019N01Rik","ENSMUSG00000105801.1",0.0847171724,-0.361500939,0.594075458,0.557036205,1,"Geno_at_37"
"Prkra","ENSMUSG00000002731.6",0.0847056809,2.88299475,0.977899127,0.336063602,1,"Geno_at_37"
"Tfr2","ENSMUSG00000029716.13",-0.0847005221,0.897156033,-0.744698943,0.462336276,1,"Geno_at_37"
"Tmem190","ENSMUSG00000013091.5",-0.0846903297,-0.450438854,-0.680290889,0.501616545,1,"Geno_at_37"
"Gm26549","ENSMUSG00000097217.2",0.0846783215,0.545073108,0.734908859,0.46818831,1,"Geno_at_37"
"Pdf","ENSMUSG00000078931.4",-0.0846474068,-0.0238654872,-0.696772612,0.491391089,1,"Geno_at_37"
"Gm37729","ENSMUSG00000103222.1",0.0846352484,-0.26582146,0.777390451,0.443108645,1,"Geno_at_37"
"Gm44066","ENSMUSG00000107946.1",-0.0846269716,-0.474261915,-0.745712125,0.461733105,1,"Geno_at_37"
"Gm14648","ENSMUSG00000068014.5",0.0845836695,0.554463589,0.574195093,0.570181739,1,"Geno_at_37"
"Gm4833","ENSMUSG00000117428.1",0.0845615332,5.3113968,1.4236891,0.165854587,1,"Geno_at_37"
"Smim10l2a","ENSMUSG00000054850.4",-0.0845483087,1.72018134,-0.722976272,0.475379018,1,"Geno_at_37"
"Mir22hg","ENSMUSG00000085148.1",-0.0845351902,2.94826534,-0.923192874,0.363384801,1,"Geno_at_37"
"Trim25","ENSMUSG00000000275.16",0.084520305,6.59911236,2.76337499,0.00974796196,1,"Geno_at_37"
"Lcor","ENSMUSG00000025019.17",0.0845174971,5.16921731,1.96689899,0.0586484785,1,"Geno_at_37"
"Dlk1","ENSMUSG00000040856.17",-0.0845096973,0.202116199,-0.644004712,0.5245405,1,"Geno_at_37"
"Zmym1","ENSMUSG00000043872.14",0.0844817466,4.71525342,1.8073386,0.0809020338,1,"Geno_at_37"
"Ak6","ENSMUSG00000078941.9",0.0844758221,4.71148077,1.81350317,0.0799239417,1,"Geno_at_37"
"4933437G19Rik","ENSMUSG00000104719.1",-0.0844738638,-0.446888074,-0.853063863,0.400486673,1,"Geno_at_37"
"Dnaaf3","ENSMUSG00000055809.7",-0.084460721,3.04723672,-0.988672079,0.330851391,1,"Geno_at_37"
"Gm26947","ENSMUSG00000098055.1",-0.0844412273,-0.602659756,-0.754418522,0.456569058,1,"Geno_at_37"
"Gpr18","ENSMUSG00000050350.8",-0.0844409147,4.57182339,-1.17636344,0.249823176,1,"Geno_at_37"
"Ift46","ENSMUSG00000002031.13",-0.0844382111,5.23605391,-2.22579304,0.0338106378,1,"Geno_at_37"
"Gm18588","ENSMUSG00000093402.1",-0.0844363516,2.94724874,-1.34465695,0.188968426,1,"Geno_at_37"
"Gm50323","ENSMUSG00000117900.1",-0.0844101584,-0.568310415,-0.645050666,0.523871897,1,"Geno_at_37"
"Gm12758","ENSMUSG00000085105.2",-0.0844042264,-0.0485608231,-0.586212737,0.562184552,1,"Geno_at_37"
"Gm15265","ENSMUSG00000086288.1",0.0843948599,1.55370771,0.814004896,0.422154223,1,"Geno_at_37"
"Abhd17c","ENSMUSG00000038459.10",-0.0843621592,6.07530949,-1.78048837,0.0852821393,1,"Geno_at_37"
"Sys1","ENSMUSG00000045503.16",-0.0843486534,4.48160546,-1.68188079,0.10313335,1,"Geno_at_37"
"Gm10736","ENSMUSG00000096842.1",-0.0843445139,7.004132,-0.96990661,0.345759774,1,"Geno_at_37"
"Trp53tg5","ENSMUSG00000017720.2",0.0843253861,-0.512597718,0.649121664,0.521273979,1,"Geno_at_37"
"Phyhd1","ENSMUSG00000079484.12",-0.0843193161,2.60623373,-0.97477756,0.33758422,1,"Geno_at_37"
"Rbms2","ENSMUSG00000040043.17",-0.0843016715,4.54309472,-1.66057107,0.107376915,1,"Geno_at_37"
"Gpr162","ENSMUSG00000038390.11",0.084277643,1.44976212,0.766363733,0.449539793,1,"Geno_at_37"
"Slc25a28","ENSMUSG00000040414.8",-0.0842742325,5.47023728,-1.96253223,0.0591780938,1,"Geno_at_37"
"Cdh10","ENSMUSG00000022321.15",-0.0842523347,-0.555993831,-0.670671186,0.507639057,1,"Geno_at_37"
"4930432B10Rik","ENSMUSG00000097007.3",-0.0842454563,-0.608048924,-0.789882233,0.43589022,1,"Geno_at_37"
"Gm13381","ENSMUSG00000087667.8",0.0842422314,-0.2129416,0.704057715,0.486909089,1,"Geno_at_37"
"Alad","ENSMUSG00000028393.10",0.0842312274,4.98362893,2.11319842,0.0431436773,1,"Geno_at_37"
"Gm48382","ENSMUSG00000113917.1",-0.0841913408,-0.33810739,-0.605250338,0.54963362,1,"Geno_at_37"
"Dyrk4","ENSMUSG00000030345.16",0.0841825597,1.5965776,0.799004177,0.430664376,1,"Geno_at_37"
"Gm48455","ENSMUSG00000113996.1",-0.0841721299,-0.127807962,-0.852424147,0.400835798,1,"Geno_at_37"
"Ube2r2","ENSMUSG00000036241.3",-0.0841625176,6.85051574,-2.46678585,0.0196617414,1,"Geno_at_37"
"Pex16","ENSMUSG00000027222.14",0.084159072,4.28338846,1.81243056,0.0800933964,1,"Geno_at_37"
"Armc9","ENSMUSG00000062590.13",-0.0841477989,3.14323718,-0.963829157,0.342954235,1,"Geno_at_37"
"E230016M11Rik","ENSMUSG00000087231.7",-0.0841439192,0.676831398,-0.595015594,0.556363017,1,"Geno_at_37"
"Gm42672","ENSMUSG00000105395.1",0.0841422039,-0.397150153,0.657619176,0.515873815,1,"Geno_at_37"
"Gm44141","ENSMUSG00000108180.1",0.0841280637,-0.498025922,0.678250047,0.502890903,1,"Geno_at_37"
"Gm43329","ENSMUSG00000105842.1",-0.0841152383,0.142347588,-0.654498364,0.517853538,1,"Geno_at_37"
"Srpk3","ENSMUSG00000002007.5",-0.0841052045,-0.605260203,-0.769406764,0.447759456,1,"Geno_at_37"
"Slc25a18","ENSMUSG00000004902.7",-0.0840752631,1.05492669,-0.678339917,0.502834748,1,"Geno_at_37"
"Gm20305","ENSMUSG00000103979.1",-0.0840724968,-0.596127383,-0.683642006,0.499527921,1,"Geno_at_37"
"Spata9","ENSMUSG00000021590.7",0.0840678689,-0.410823359,0.755575996,0.455885103,1,"Geno_at_37"
"Tfap2a","ENSMUSG00000021359.16",0.0840438649,-0.505960204,0.795816011,0.432486477,1,"Geno_at_37"
"Prepl","ENSMUSG00000024127.15",0.084038658,4.16726114,1.35316127,0.186267536,1,"Geno_at_37"
"Gm25128","ENSMUSG00000065273.1",-0.0840095134,0.0696276619,-0.657418314,0.51600111,1,"Geno_at_37"
"Gm16170","ENSMUSG00000086245.1",0.0840046031,-0.727806907,0.954845511,0.347403218,1,"Geno_at_37"
"Gm12178","ENSMUSG00000081952.1",0.0839998169,1.57952189,0.910292379,0.370035004,1,"Geno_at_37"
"Septin10","ENSMUSG00000019917.10",-0.0839976371,2.6656393,-1.00552752,0.322807183,1,"Geno_at_37"
"Gch1","ENSMUSG00000037580.10",-0.083991528,4.30325792,-1.07688143,0.291323814,1,"Geno_at_37"
"Gm2a","ENSMUSG00000000594.7",-0.0839853039,7.18969235,-1.58156551,0.127268869,1,"Geno_at_37"
"A630089N07Rik","ENSMUSG00000116673.1",0.0839851532,3.9641312,1.42642892,0.164226352,1,"Geno_at_37"
"Doc2g","ENSMUSG00000024871.11",-0.0839436795,0.916227101,-0.672339249,0.506591897,1,"Geno_at_37"
"Bbs4","ENSMUSG00000025235.8",0.0839335642,2.96902108,1.04557382,0.304236748,1,"Geno_at_37"
"Ovol1","ENSMUSG00000024922.2",-0.0839309054,-0.546804985,-0.761680854,0.452287758,1,"Geno_at_37"
"Map1a","ENSMUSG00000027254.13",0.0839156719,1.57888112,0.739378156,0.465511446,1,"Geno_at_37"
"Gm24776","ENSMUSG00000088268.1",0.0839075929,-0.0851904296,0.661109392,0.513664656,1,"Geno_at_37"
"Gm47138","ENSMUSG00000113003.1",-0.0838842291,0.136979427,-0.572829422,0.571094128,1,"Geno_at_37"
"Gm47179","ENSMUSG00000110795.1",0.0838810674,-0.621479902,0.723506076,0.475058406,1,"Geno_at_37"
"Gm38067","ENSMUSG00000103569.1",0.0838611678,1.29576167,0.576831747,0.568533151,1,"Geno_at_37"
"Zfp948","ENSMUSG00000067931.6",-0.0838549291,5.21533035,-1.46837884,0.152800925,1,"Geno_at_37"
"Mei4","ENSMUSG00000043289.12",0.0838421021,0.544069213,0.623151768,0.537965612,1,"Geno_at_37"
"Tec","ENSMUSG00000029217.16",-0.0838416714,4.61890651,-1.47991361,0.149480906,1,"Geno_at_37"
"Cd48","ENSMUSG00000015355.13",-0.0838310987,5.47771144,-1.86466088,0.072190268,1,"Geno_at_37"
"Sorl1","ENSMUSG00000049313.8",-0.0838235427,4.89056727,-1.45259602,0.156874064,1,"Geno_at_37"
"Dynlt1b","ENSMUSG00000096255.2",0.0838006617,0.913605767,0.751023522,0.458578673,1,"Geno_at_37"
"Ccdc112","ENSMUSG00000071855.5",0.083792584,1.61897544,0.67227019,0.506635226,1,"Geno_at_37"
"Phkg2","ENSMUSG00000030815.11",-0.0837279251,5.33343663,-2.08966489,0.0453621041,1,"Geno_at_37"
"B230217O12Rik","ENSMUSG00000097785.2",0.0836565923,1.20337045,0.731645831,0.470148333,1,"Geno_at_37"
"Mbd6","ENSMUSG00000025409.14",-0.0836154394,6.50047883,-1.93623503,0.0624565275,1,"Geno_at_37"
"Hlf","ENSMUSG00000003949.16",-0.0836134452,-0.150356104,-0.687408376,0.497186292,1,"Geno_at_37"
"Bag3","ENSMUSG00000030847.8",0.0836007175,3.5318844,1.15473907,0.257451355,1,"Geno_at_37"
"Rap2a","ENSMUSG00000051615.14",-0.0835980499,5.58638785,-1.81154965,0.0802327952,1,"Geno_at_37"
"Gm44008","ENSMUSG00000108283.1",-0.0835727939,-0.310497615,-0.689808104,0.495697544,1,"Geno_at_37"
"Zfp983","ENSMUSG00000035868.9",0.0835500533,4.9389889,1.93364659,0.0627876069,1,"Geno_at_37"
"Tom1l2","ENSMUSG00000000538.18",-0.0835463005,4.68426454,-1.57583305,0.125712396,1,"Geno_at_37"
"Gm45767","ENSMUSG00000110702.1",0.0835164974,-0.115234135,0.663936173,0.511879224,1,"Geno_at_37"
"BC034090","ENSMUSG00000033722.9",0.0835117087,0.672720822,0.534985937,0.596703104,1,"Geno_at_37"
"Gm25108","ENSMUSG00000084422.1",0.0835039282,0.122942449,0.680085026,0.50174501,1,"Geno_at_37"
"Lhfp","ENSMUSG00000048332.13",-0.0834921544,0.194999186,-0.706992019,0.485110404,1,"Geno_at_37"
"Gm5879","ENSMUSG00000068262.4",0.0834824451,1.2728138,0.848137572,0.403180159,1,"Geno_at_37"
"Fam135a","ENSMUSG00000026153.15",-0.08346633,1.95367268,-0.763584354,0.451169561,1,"Geno_at_37"
"Pstpip2","ENSMUSG00000025429.9",0.08344061,0.959577469,0.683599101,0.499554631,1,"Geno_at_37"
"Gm47662","ENSMUSG00000114185.1",0.0833769067,-0.639318696,0.833474083,0.411264835,1,"Geno_at_37"
"Gm32679","ENSMUSG00000116891.1",0.083366531,-0.220331073,0.687039115,0.497415596,1,"Geno_at_37"
"Gm17227","ENSMUSG00000091558.1",-0.0833640729,-0.157673227,-0.793415015,0.433861787,1,"Geno_at_37"
"Nexmif","ENSMUSG00000046449.15",0.0833524085,-0.903886138,0.998059357,0.326354658,1,"Geno_at_37"
"Cmtr2","ENSMUSG00000046441.5",0.0833479877,4.12174177,1.58955945,0.122578745,1,"Geno_at_37"
"Gm6855","ENSMUSG00000108571.1",-0.0833063903,0.423708447,-0.582462717,0.564673894,1,"Geno_at_37"
"Rusc1","ENSMUSG00000041263.14",-0.0832978274,2.55837696,-1.04300198,0.305406512,1,"Geno_at_37"
"Gm12657","ENSMUSG00000063314.5",0.083296575,-0.183946597,0.665525343,0.510876981,1,"Geno_at_37"
"Zfp867","ENSMUSG00000054519.8",0.0832846455,2.71305013,0.997290279,0.326721488,1,"Geno_at_37"
"Pacsin3","ENSMUSG00000027257.13",0.083283436,1.60659821,0.709649241,0.483484834,1,"Geno_at_37"
"Trim9","ENSMUSG00000021071.17",-0.0832685658,2.65670004,-0.763039544,0.451722918,1,"Geno_at_37"
"Tm4sf5","ENSMUSG00000018919.10",0.0832441677,0.623043352,0.607390552,0.548231768,1,"Geno_at_37"
"Kcna3","ENSMUSG00000047959.4",0.0832273627,1.75175803,0.73983451,0.465238619,1,"Geno_at_37"
"Snhg10","ENSMUSG00000113722.1",0.083210992,0.308400315,0.662807919,0.512591435,1,"Geno_at_37"
"Nkpd1","ENSMUSG00000060621.6",-0.0832100992,-0.737843897,-0.920951506,0.36453455,1,"Geno_at_37"
"Gm23833","ENSMUSG00000089525.1",0.0832029412,0.770411996,0.656306946,0.51670574,1,"Geno_at_37"
"Gm37766","ENSMUSG00000102992.1",0.0832025741,-0.255225629,0.679225535,0.502281557,1,"Geno_at_37"
"Gm50334","ENSMUSG00000117957.1",0.0831791739,-0.51673051,0.724418133,0.474506766,1,"Geno_at_37"
"Gm13313","ENSMUSG00000083860.2",-0.0831438636,0.142815482,-0.621534271,0.53901449,1,"Geno_at_37"
"Gm6159","ENSMUSG00000099377.1",-0.083114886,2.48625956,-1.02265321,0.314772405,1,"Geno_at_37"
"Arhgef5","ENSMUSG00000033542.13",-0.0831013272,4.64015848,-1.53923656,0.134388695,1,"Geno_at_37"
"Gm19178","ENSMUSG00000110816.1",0.0830870518,0.243541201,0.645262647,0.523736448,1,"Geno_at_37"
"Cdkal1","ENSMUSG00000006191.17",-0.0830814946,4.58685977,-1.4710689,0.151843414,1,"Geno_at_37"
"Gm16181","ENSMUSG00000081650.1",0.0830698836,0.329383944,0.718630894,0.478013336,1,"Geno_at_37"
"mt-Nd4","ENSMUSG00000064363.1",-0.083042088,9.77567867,-2.2665847,0.0312979232,1,"Geno_at_37"
"Gm36266","ENSMUSG00000106617.1",-0.0830394129,1.72450804,-0.75757673,0.454704291,1,"Geno_at_37"
"Gm4828","ENSMUSG00000116620.1",0.0830131432,-0.551826628,0.959777088,0.344956187,1,"Geno_at_37"
"Gm15567","ENSMUSG00000084974.1",-0.0829917906,0.279580662,-0.602600649,0.551371751,1,"Geno_at_37"
"Stc2","ENSMUSG00000020303.2",0.082991231,2.79471751,0.394103014,0.698459995,1,"Geno_at_37"
"A630035G10Rik","ENSMUSG00000103083.1",-0.0829882607,-0.220145734,-0.710604145,0.482901427,1,"Geno_at_37"
"Acp2","ENSMUSG00000002103.16",-0.0829734848,4.74508868,-1.8940886,0.0680402303,1,"Geno_at_37"
"Tmem141","ENSMUSG00000026939.12",0.0829705805,-0.311277282,0.761979439,0.452112247,1,"Geno_at_37"
"Gm17082","ENSMUSG00000090674.1",0.0829610913,0.0420762747,0.71925729,0.477633076,1,"Geno_at_37"
"Tesc","ENSMUSG00000029359.13",0.082955913,4.06728609,1.40418272,0.170689315,1,"Geno_at_37"
"Naprt","ENSMUSG00000022574.7",0.0829533514,0.697378337,0.650417074,0.520448774,1,"Geno_at_37"
"Gm50433","ENSMUSG00000117037.1",-0.0829530484,0.1106969,-0.587653385,0.561229703,1,"Geno_at_37"
"Rbm4","ENSMUSG00000094936.8",0.0829498388,3.07834404,1.05476824,0.300080406,1,"Geno_at_37"
"Gabrd","ENSMUSG00000029054.8",-0.0829383272,-0.531263905,-0.774428964,0.444830432,1,"Geno_at_37"
"Usp34","ENSMUSG00000056342.16",0.0829374736,8.03495461,2.67073302,0.0121824713,1,"Geno_at_37"
"Gm12592","ENSMUSG00000053263.3",-0.0829340648,0.709302813,-0.702292906,0.487992714,1,"Geno_at_37"
"Npas4","ENSMUSG00000045903.9",-0.0829340048,4.26164181,-1.70876725,0.0979801487,1,"Geno_at_37"
"Gm7240","ENSMUSG00000113626.1",0.0829298405,1.02094244,0.661666203,0.513312697,1,"Geno_at_37"
"Thap1","ENSMUSG00000037214.12",0.0829288817,4.09297692,1.41461553,0.16763384,1,"Geno_at_37"
"Lrrc8e","ENSMUSG00000046589.7",0.0829226621,-0.758171285,0.717774069,0.478533762,1,"Geno_at_37"
"9230111E07Rik","ENSMUSG00000087624.1",-0.0829005439,1.57380312,-0.759686055,0.453461353,1,"Geno_at_37"
"9430038I01Rik","ENSMUSG00000040139.14",-0.0829002514,2.80448275,-0.880712607,0.385581379,1,"Geno_at_37"
"5730507A11Rik","ENSMUSG00000107468.1",-0.0828436622,0.670070539,-0.568418732,0.574045837,1,"Geno_at_37"
"Gm31166","ENSMUSG00000109695.1",-0.0828236114,-0.255538489,-0.815984045,0.421039206,1,"Geno_at_37"
"Tnk2os","ENSMUSG00000075265.4",-0.0828208292,1.60961109,-0.735916814,0.467583818,1,"Geno_at_37"
"Sord","ENSMUSG00000027227.7",0.0827814165,2.57720949,0.948051062,0.350793572,1,"Geno_at_37"
"Gm15337","ENSMUSG00000085289.1",0.0827779038,-0.453163126,0.823286609,0.416940819,1,"Geno_at_37"
"Gm45594","ENSMUSG00000109790.1",-0.0827691124,-0.601231231,-0.77122389,0.446698352,1,"Geno_at_37"
"Heg1","ENSMUSG00000075254.12",0.0827376708,6.51337741,1.15903121,0.260826755,1,"Geno_at_37"
"Gm25835","ENSMUSG00000089542.1",-0.0827153275,1.28757884,-0.785138083,0.438623215,1,"Geno_at_37"
"Clec2d","ENSMUSG00000030157.5",0.0827122758,4.83969272,0.881524072,0.388900439,1,"Geno_at_37"
"Gm50324","ENSMUSG00000118325.1",-0.0827075805,-0.563659722,-0.751870154,0.458077036,1,"Geno_at_37"
"Tmem39b","ENSMUSG00000053730.15",-0.0827045565,4.07334479,-1.41021176,0.168918273,1,"Geno_at_37"
"Polr3gl","ENSMUSG00000028104.14",-0.0826734947,4.24417023,-1.51684254,0.139933844,1,"Geno_at_37"
"Sgip1","ENSMUSG00000028524.21",-0.0826731167,-0.246451593,-0.672822488,0.506288757,1,"Geno_at_37"
"Apba3","ENSMUSG00000004931.11",-0.0825953142,4.60870287,-1.52691709,0.137416708,1,"Geno_at_37"
"Tmem245","ENSMUSG00000055296.14",0.0825945907,6.17243969,2.40624395,0.0225866638,1,"Geno_at_37"
"Kcnmb4","ENSMUSG00000054934.10",-0.08258064,0.724346773,-0.663377836,0.512231607,1,"Geno_at_37"
"Prss50","ENSMUSG00000048752.7",0.0825609397,0.0353179226,0.642049155,0.52579178,1,"Geno_at_37"
"Vps37c","ENSMUSG00000048832.9",-0.0825392442,4.5482689,-1.39480334,0.173473557,1,"Geno_at_37"
"Gm16617","ENSMUSG00000097633.2",0.0825119262,-0.446823039,0.719637405,0.477402409,1,"Geno_at_37"
"Lmntd2","ENSMUSG00000025500.12",-0.0824978036,2.50859927,-1.0699965,0.293284344,1,"Geno_at_37"
"Gm14698","ENSMUSG00000071748.2",0.0824969456,3.36015547,1.0567113,0.299207162,1,"Geno_at_37"
"Tg","ENSMUSG00000053469.14",-0.0824893267,0.820601942,-0.503467054,0.618648346,1,"Geno_at_37"
"Gm47508","ENSMUSG00000110791.1",-0.0824834709,0.0313812613,-0.597570084,0.554679477,1,"Geno_at_37"
"Gm6580","ENSMUSG00000083169.1",-0.0824822088,1.0433449,-0.807070888,0.426075054,1,"Geno_at_37"
"Gm42531","ENSMUSG00000107178.1",0.0824633724,0.317101197,0.643183537,0.525065741,1,"Geno_at_37"
"Pax8","ENSMUSG00000026976.15",-0.0824545381,-0.63000637,-0.695338624,0.492276056,1,"Geno_at_37"
"Rsph10b","ENSMUSG00000075569.10",0.0824493437,0.0275156017,0.562745842,0.577853367,1,"Geno_at_37"
"Zfp960","ENSMUSG00000096696.1",0.082449008,-0.609075261,0.796010216,0.432375351,1,"Geno_at_37"
"Wdr55","ENSMUSG00000042660.8",0.0824448708,5.09340616,2.12201829,0.0423374093,1,"Geno_at_37"
"Trav15-1-dv6-1","ENSMUSG00000094016.2",-0.082433283,0.0614969081,-0.631505568,0.532565734,1,"Geno_at_37"
"Gm37035","ENSMUSG00000102564.1",0.08242388,-0.496170883,0.69289621,0.493785425,1,"Geno_at_37"
"Gm5741","ENSMUSG00000095845.3",-0.0824112071,-0.57562666,-0.699770672,0.489543783,1,"Geno_at_37"
"Gm37313","ENSMUSG00000104097.1",0.0824068453,-0.565189748,0.768508617,0.448284482,1,"Geno_at_37"
"Gm31024","ENSMUSG00000109015.1",-0.0823700897,1.30151253,-0.755568042,0.4558898,1,"Geno_at_37"
"Znrd1as","ENSMUSG00000036214.14",-0.0823553696,1.77317172,-0.786534094,0.437817932,1,"Geno_at_37"
"Corin","ENSMUSG00000005220.10",-0.0823060324,-0.567754063,-0.767836882,0.448677395,1,"Geno_at_37"
"Atad2b","ENSMUSG00000052812.5",0.0822939061,6.5618408,2.00922414,0.053725995,1,"Geno_at_37"
"Nup35","ENSMUSG00000026999.14",0.082258574,3.85533554,1.29175166,0.206456669,1,"Geno_at_37"
"Gm26464","ENSMUSG00000087719.1",-0.0822546226,-0.517189054,-0.818067968,0.419867126,1,"Geno_at_37"
"Gm4973","ENSMUSG00000108615.1",-0.0822532722,-0.0464185108,-0.691639044,0.494563346,1,"Geno_at_37"
"Gm44144","ENSMUSG00000107884.1",-0.0822401223,-0.0304465244,-0.741992829,0.463949555,1,"Geno_at_37"
"Prxl2b","ENSMUSG00000029059.9",0.0822378097,0.32550307,0.747389385,0.460735608,1,"Geno_at_37"
"Gm45088","ENSMUSG00000109090.1",-0.0822344667,-0.595638828,-0.677250099,0.503515954,1,"Geno_at_37"
"Gm8069","ENSMUSG00000105143.1",0.0822137054,0.844623912,0.792104903,0.43461335,1,"Geno_at_37"
"Dusp2","ENSMUSG00000027368.6",-0.0822120623,6.16203547,-0.493005282,0.628619001,1,"Geno_at_37"
"Ctsw","ENSMUSG00000024910.5",-0.0821952999,7.84140476,-1.23163641,0.233675135,1,"Geno_at_37"
"Cox4i2","ENSMUSG00000009876.13",-0.0821942497,0.832629564,-0.702167351,0.488069859,1,"Geno_at_37"
"Gm15886","ENSMUSG00000085754.7",0.0821749679,-0.473204421,0.735348694,0.467924476,1,"Geno_at_37"
"Samd4b","ENSMUSG00000109336.1",-0.0821747223,5.81901177,-2.54196337,0.0165145797,1,"Geno_at_37"
"Ccdc85c","ENSMUSG00000084883.2",0.0821531386,3.57585688,1.04446586,0.304740306,1,"Geno_at_37"
"Ecel1","ENSMUSG00000026247.13",-0.0821469509,-0.81868439,-0.866868642,0.392999566,1,"Geno_at_37"
"Syngr2","ENSMUSG00000048277.15",-0.0821359328,7.53484399,-2.01074505,0.0535560645,1,"Geno_at_37"
"Lgmn","ENSMUSG00000021190.14",-0.0821344521,3.17429556,-1.15382443,0.257820291,1,"Geno_at_37"
"Adad1","ENSMUSG00000027719.15",0.0821321179,-0.74981527,0.832825347,0.411624836,1,"Geno_at_37"
"Gm4977","ENSMUSG00000111613.1",-0.0821083727,-0.481985726,-0.692554689,0.493996687,1,"Geno_at_37"
"Skap1","ENSMUSG00000057058.16",-0.0821058012,6.64649839,-2.19014853,0.0365479667,1,"Geno_at_37"
"Hgfac","ENSMUSG00000029102.9",-0.0821054544,0.161860521,-0.552823753,0.584542764,1,"Geno_at_37"
"Gm11889","ENSMUSG00000082876.1",-0.0820878444,3.19624617,-1.24861869,0.221607794,1,"Geno_at_37"
"Gm31108","ENSMUSG00000108094.1",-0.0820737802,-0.64763505,-0.730205025,0.471015305,1,"Geno_at_37"
"Rhob","ENSMUSG00000054364.5",-0.0820659628,4.26596589,-1.48142502,0.149080159,1,"Geno_at_37"
"Tent4a","ENSMUSG00000034575.13",-0.0820414839,6.41994355,-1.23560364,0.230782178,1,"Geno_at_37"
"D230049E03Rik","ENSMUSG00000113196.1",0.0820312592,0.411004761,0.589221109,0.560191569,1,"Geno_at_37"
"Znhit6","ENSMUSG00000074182.8",0.0820132046,4.68236378,1.61752602,0.116392629,1,"Geno_at_37"
"Zfp105","ENSMUSG00000057895.11",0.082010351,-0.620068684,0.768859294,0.448079445,1,"Geno_at_37"
"Jph3","ENSMUSG00000025318.13",0.0819774933,-0.128066594,0.658037364,0.515608847,1,"Geno_at_37"
"Gm15675","ENSMUSG00000086825.1",-0.0819703424,2.68778856,-0.758086529,0.454623994,1,"Geno_at_37"
"Plcb3","ENSMUSG00000024960.9",0.0819415779,5.23954713,1.56243661,0.128833692,1,"Geno_at_37"
"n-R5s189","ENSMUSG00000084624.1",0.0819207656,-0.566736328,0.806226741,0.426553897,1,"Geno_at_37"
"Gm10865","ENSMUSG00000116505.1",0.08192015,-0.10654739,0.677394036,0.503425955,1,"Geno_at_37"
"D430018E03Rik","ENSMUSG00000097559.1",0.0818963601,0.869388976,0.719112843,0.477720749,1,"Geno_at_37"
"Ifih1","ENSMUSG00000026896.14",0.0818941273,4.02964762,0.688275207,0.499691084,1,"Geno_at_37"
"Zcchc14","ENSMUSG00000061410.6",0.0818788913,-0.296769824,0.699730035,0.489568796,1,"Geno_at_37"
"Gm5686","ENSMUSG00000117552.1",0.0818604027,-0.173003475,0.708914799,0.483933822,1,"Geno_at_37"
"Ctsa","ENSMUSG00000017760.16",-0.0818395054,6.27168215,-2.28588701,0.0296105294,1,"Geno_at_37"
"Gm35520","ENSMUSG00000110176.1",-0.0818384657,-0.788202909,-0.970852797,0.339502687,1,"Geno_at_37"
"Gm44750","ENSMUSG00000108750.1",0.0818224454,0.108335355,0.567184677,0.574873046,1,"Geno_at_37"
"Kcnk6","ENSMUSG00000046410.10",0.0818153341,5.7372156,1.49147955,0.147289892,1,"Geno_at_37"
"Mapkapk5","ENSMUSG00000029454.15",-0.0818123741,2.04545905,-0.973969068,0.337978819,1,"Geno_at_37"
"Gm47573","ENSMUSG00000112847.1",-0.0817840182,0.322370961,-0.583189053,0.564191302,1,"Geno_at_37"
"Wdr47","ENSMUSG00000040389.15",0.0817740809,4.15019212,1.40779006,0.169627905,1,"Geno_at_37"
"Gm43980","ENSMUSG00000107962.1",0.081745827,3.62546433,1.02434384,0.313986779,1,"Geno_at_37"
"Sgpp2","ENSMUSG00000032908.9",-0.0817311976,0.232667618,-0.587962412,0.56102499,1,"Geno_at_37"
"Mtmr10","ENSMUSG00000030522.14",0.081729989,2.79141678,1.0662529,0.294944886,1,"Geno_at_37"
"Gm5909","ENSMUSG00000082491.1",-0.0817290796,2.92939193,-1.25575749,0.219043846,1,"Geno_at_37"
"Shcbp1l","ENSMUSG00000042708.12",0.0817225198,0.273191568,0.534386286,0.597072804,1,"Geno_at_37"
"Zdhhc4","ENSMUSG00000001844.10",-0.0817082491,4.85661448,-1.97241887,0.0579849343,1,"Geno_at_37"
"5930420M18Rik","ENSMUSG00000107201.1",-0.0817075757,1.42521347,-0.694910346,0.492540536,1,"Geno_at_37"
"Gm37397","ENSMUSG00000104204.1",-0.0816844726,-0.0241813108,-0.632359719,0.532015242,1,"Geno_at_37"
"Egr3","ENSMUSG00000033730.4",-0.0816689016,6.6544722,-0.552215166,0.588330603,1,"Geno_at_37"
"Lgals4","ENSMUSG00000053964.17",-0.0816667866,2.73224301,-0.937214086,0.35624659,1,"Geno_at_37"
"Gm7407","ENSMUSG00000109255.1",0.0816653897,0.562678369,0.721480308,0.476284977,1,"Geno_at_37"
"Fam187b","ENSMUSG00000046826.7",-0.0816616904,-0.55538897,-0.707178834,0.484996017,1,"Geno_at_37"
"Atxn7l2","ENSMUSG00000048997.17",-0.0816328073,4.23707104,-1.63713968,0.112209782,1,"Geno_at_37"
"Sepsecs","ENSMUSG00000029173.12",-0.0816311135,4.7816769,-1.79665403,0.0826214844,1,"Geno_at_37"
"Snora20","ENSMUSG00000064637.1",0.0816266924,-0.569026237,0.810677639,0.424032838,1,"Geno_at_37"
"Cep63","ENSMUSG00000032534.18",0.081624071,5.38190932,2.17440827,0.0378187111,1,"Geno_at_37"
"Tbc1d9","ENSMUSG00000031709.15",0.0816172323,-0.827488512,0.835315428,0.410244091,1,"Geno_at_37"
"Gm45902","ENSMUSG00000051396.15",0.0815897813,3.60582963,1.08414835,0.28706667,1,"Geno_at_37"
"Gm43466","ENSMUSG00000105824.1",0.0815845874,0.0521057692,0.558909879,0.580435051,1,"Geno_at_37"
"Gm47640","ENSMUSG00000111681.1",0.0815587231,2.06038026,0.874362086,0.388973031,1,"Geno_at_37"
"Tmem8b","ENSMUSG00000078716.10",-0.0815583288,1.4924009,-0.807410956,0.425882244,1,"Geno_at_37"
"A230072C01Rik","ENSMUSG00000086877.7",0.081549162,1.91824276,0.851861669,0.40114293,1,"Geno_at_37"
"AA986860","ENSMUSG00000042510.7",-0.0815278707,-0.375889008,-0.640223583,0.526961334,1,"Geno_at_37"
"Gm16353","ENSMUSG00000089651.1",-0.081510796,0.190165761,-0.666873507,0.510027579,1,"Geno_at_37"
"1110020A21Rik","ENSMUSG00000097047.2",0.0815062884,-0.317367157,0.75255628,0.457670737,1,"Geno_at_37"
"Zbtb41","ENSMUSG00000033964.12",0.0815027989,5.61826788,2.02625855,0.0518495188,1,"Geno_at_37"
"Daam1","ENSMUSG00000034574.10",-0.0814913686,3.65663272,-1.26527888,0.215659115,1,"Geno_at_37"
"Gm6402","ENSMUSG00000117962.1",-0.0814868736,5.04280491,-1.46027291,0.154767534,1,"Geno_at_37"
"Gm35060","ENSMUSG00000109238.2",-0.0814772219,-0.507424294,-0.80093317,0.429564196,1,"Geno_at_37"
"Ska3","ENSMUSG00000021965.3",-0.0814540679,5.01835762,-1.69075292,0.101408365,1,"Geno_at_37"
"Vangl1","ENSMUSG00000027860.15",0.0814385382,-0.327992153,0.722042377,0.47594447,1,"Geno_at_37"
"AW146154","ENSMUSG00000074166.7",-0.0814375994,3.16265967,-1.11801261,0.272569788,1,"Geno_at_37"
"Gm47195","ENSMUSG00000114183.1",0.0813854725,-0.643181669,0.640634945,0.526697673,1,"Geno_at_37"
"Gm49760","ENSMUSG00000116815.1",0.081384403,2.30426587,0.676260893,0.504405631,1,"Geno_at_37"
"Gm48552","ENSMUSG00000114004.1",0.0813455669,-0.102456783,0.700475958,0.489109781,1,"Geno_at_37"
"Tceal8","ENSMUSG00000051579.10",-0.0813357369,0.234161939,-0.607042471,0.548459637,1,"Geno_at_37"
"Mfge8","ENSMUSG00000030605.15",-0.0813309375,4.99189937,-1.80158905,0.0818234662,1,"Geno_at_37"
"Ttc12","ENSMUSG00000040219.4",-0.0813257317,-0.480380354,-0.651925507,0.519488762,1,"Geno_at_37"
"Gm5854","ENSMUSG00000115584.1",0.0813249211,0.183989955,0.658584143,0.515262513,1,"Geno_at_37"
"Cxcl10","ENSMUSG00000034855.13",0.0813226184,1.05971562,0.360805406,0.722143664,1,"Geno_at_37"
"Gm44562","ENSMUSG00000109362.1",0.0813225972,-0.204627765,0.638148242,0.528292597,1,"Geno_at_37"
"1700022I11Rik","ENSMUSG00000028451.12",0.0812826428,-0.663714562,0.844510081,0.405170794,1,"Geno_at_37"
"Mettl15","ENSMUSG00000057234.9",-0.0812601293,2.49083869,-1.08117348,0.288365868,1,"Geno_at_37"
"Gm37255","ENSMUSG00000104449.1",-0.0812515082,0.149782768,-0.69569647,0.492055132,1,"Geno_at_37"
"Samd1","ENSMUSG00000079003.3",0.081249831,6.35669841,1.78181345,0.0850613409,1,"Geno_at_37"
"Gm34655","ENSMUSG00000110863.1",-0.0812276226,-0.141292857,-0.648369542,0.521753422,1,"Geno_at_37"
"Ifrd2","ENSMUSG00000010048.10",0.0812170526,5.82557654,2.15500028,0.0394398495,1,"Geno_at_37"
"Gm37469","ENSMUSG00000102154.1",0.0811744193,0.0264894106,0.545138636,0.58974991,1,"Geno_at_37"
"Dhtkd1","ENSMUSG00000025815.13",0.0811660963,-0.581370285,0.791622446,0.434890316,1,"Geno_at_37"
"Trim13","ENSMUSG00000035235.13",-0.0811528841,1.5844139,-0.760998956,0.452688734,1,"Geno_at_37"
"Fam83h","ENSMUSG00000046761.13",-0.0811377463,0.412245015,-0.646513565,0.522937541,1,"Geno_at_37"
"Myadm","ENSMUSG00000068566.12",0.0811331496,5.35948739,1.38214701,0.178096645,1,"Geno_at_37"
"Gm12107","ENSMUSG00000086335.1",0.0811330891,0.104895552,0.671451664,0.507148948,1,"Geno_at_37"
"Nsmf","ENSMUSG00000006476.19",-0.08112861,4.61245211,-1.69482895,0.100624007,1,"Geno_at_37"
"Piezo1","ENSMUSG00000014444.17",0.0811275752,7.14781291,1.65928051,0.109228996,1,"Geno_at_37"
"Gm42047","ENSMUSG00000110631.1",-0.0811009339,8.86901988,-0.193568606,0.848918925,1,"Geno_at_37"
"Abhd14a","ENSMUSG00000042210.17",-0.0811003016,3.65089214,-1.24556853,0.222710146,1,"Geno_at_37"
"Mir343","ENSMUSG00000076315.2",-0.0810816049,-0.355364206,-0.70346093,0.487275373,1,"Geno_at_37"
"Efcab7","ENSMUSG00000073791.12",-0.0810760139,1.49721326,-0.805146795,0.427166979,1,"Geno_at_37"
"Slc5a11","ENSMUSG00000030769.15",-0.0810117682,-0.593361218,-0.724157766,0.474664206,1,"Geno_at_37"
"Gm37226","ENSMUSG00000102533.1",0.0809921943,-0.389849785,0.597464449,0.554749044,1,"Geno_at_37"
"Zbtb26","ENSMUSG00000050714.9",0.08095929,3.71113894,0.968293642,0.341060498,1,"Geno_at_37"
"Gm48768","ENSMUSG00000112346.1",0.0809570875,1.21723711,0.796386762,0.432159937,1,"Geno_at_37"
"Tef","ENSMUSG00000022389.15",-0.080946986,4.56569062,-0.916166381,0.369791421,1,"Geno_at_37"
"Gm17058","ENSMUSG00000090406.1",-0.0809413551,-0.480973182,-0.681165865,0.501070737,1,"Geno_at_37"
"2810403D21Rik","ENSMUSG00000086629.8",-0.0809364077,2.06447922,-0.902874342,0.373894783,1,"Geno_at_37"
"Vcpkmt","ENSMUSG00000049882.10",0.0809352316,4.11703396,1.48715477,0.147568751,1,"Geno_at_37"
"Gm11489","ENSMUSG00000083894.1",0.0809215918,-0.818693199,0.886810136,0.382342775,1,"Geno_at_37"
"Tomt","ENSMUSG00000078630.8",-0.0809138245,0.412637874,-0.651063709,0.520037119,1,"Geno_at_37"
"Ikzf5","ENSMUSG00000040167.16",-0.0809123651,3.14350869,-1.2089733,0.236259091,1,"Geno_at_37"
"Glrb","ENSMUSG00000028020.16",-0.0808931289,0.276598723,-0.635947516,0.529706256,1,"Geno_at_37"
"Lncpint","ENSMUSG00000044471.12",0.0808590599,3.14283877,0.81847289,0.420007512,1,"Geno_at_37"
"Uba52-ps","ENSMUSG00000061390.6",0.0808510986,-0.454260414,0.822596222,0.41732722,1,"Geno_at_37"
"BC022960","ENSMUSG00000081137.3",0.080824805,0.480428095,0.513353693,0.61155434,1,"Geno_at_37"
"Timm23","ENSMUSG00000013701.13",-0.0808043256,3.65551958,-1.33102687,0.19336039,1,"Geno_at_37"
"Gm47207","ENSMUSG00000113147.1",0.080797609,-0.370321145,0.742382246,0.463717197,1,"Geno_at_37"
"Gm48996","ENSMUSG00000115252.1",-0.0807840565,-0.463153793,-0.72509863,0.474095421,1,"Geno_at_37"
"Borcs7","ENSMUSG00000062376.7",-0.0807786072,3.3396818,-1.2711118,0.213605237,1,"Geno_at_37"
"1700040D17Rik","ENSMUSG00000097515.2",-0.0807480828,-0.193214771,-0.648435309,0.521711489,1,"Geno_at_37"
"Adam33","ENSMUSG00000027318.17",0.0807401759,-0.912957491,0.97968446,0.335195994,1,"Geno_at_37"
"Gm7027","ENSMUSG00000067121.2",-0.0807320927,4.34701785,-1.47313258,0.151289527,1,"Geno_at_37"
"Rpa3","ENSMUSG00000012483.4",0.0807156723,4.81729683,1.53833298,0.134608928,1,"Geno_at_37"
"Gpr151","ENSMUSG00000042816.4",-0.0807153567,-0.366164809,-0.700115558,0.489331528,1,"Geno_at_37"
"Llph","ENSMUSG00000020224.15",-0.0806973486,4.70993969,-1.84097005,0.0756878585,1,"Geno_at_37"
"Fbxl20","ENSMUSG00000020883.18",-0.0806856374,7.77944195,-2.030684,0.0513715498,1,"Geno_at_37"
"Phldb3","ENSMUSG00000074277.4",-0.0806734859,3.95327084,-0.835530217,0.412075203,1,"Geno_at_37"
"Atp2a1","ENSMUSG00000030730.12",-0.0806545938,0.120097129,-0.608831423,0.547289037,1,"Geno_at_37"
"Btbd10","ENSMUSG00000038187.14",-0.0806530312,4.8528235,-1.57494079,0.125918345,1,"Geno_at_37"
"Gm43176","ENSMUSG00000106648.1",0.0806519606,-0.401399071,0.577652547,0.567888523,1,"Geno_at_37"
"Ripor2","ENSMUSG00000036006.20",-0.080644281,4.57342897,-1.11590083,0.274457743,1,"Geno_at_37"
"Dleu7","ENSMUSG00000048281.9",-0.0806350859,-0.595166679,-0.731490088,0.470242003,1,"Geno_at_37"
"Rnf166","ENSMUSG00000014470.4",-0.0805979147,4.94234222,-1.31522235,0.198891385,1,"Geno_at_37"
"4930544F09Rik","ENSMUSG00000115062.1",-0.0805738989,-0.536298496,-0.698013737,0.490625872,1,"Geno_at_37"
"Ifnk","ENSMUSG00000042993.6",-0.08057293,-0.482405229,-0.641978438,0.525837058,1,"Geno_at_37"
"Gm12928","ENSMUSG00000082381.1",0.0805397356,2.42758786,0.913285211,0.368485157,1,"Geno_at_37"
"Gm48840","ENSMUSG00000110899.1",-0.0805246023,-0.713045019,-0.850271139,0.402012217,1,"Geno_at_37"
"Gm29994","ENSMUSG00000102713.1",0.0805121989,-0.586764959,0.767701217,0.448756774,1,"Geno_at_37"
"A430088P11Rik","ENSMUSG00000116220.1",0.080494349,-0.650087572,0.747822376,0.460478307,1,"Geno_at_37"
"Cfap54","ENSMUSG00000020014.17",-0.080490978,2.02721688,-0.630185923,0.533654765,1,"Geno_at_37"
"Gm18180","ENSMUSG00000099342.1",-0.0804795857,0.0126149251,-0.616495668,0.542288699,1,"Geno_at_37"
"Gm16540","ENSMUSG00000090005.1",-0.0804752155,-0.233023864,-0.74287723,0.463421948,1,"Geno_at_37"
"Fam214a","ENSMUSG00000034858.16",-0.08046199,5.65282206,-1.25799754,0.220812869,1,"Geno_at_37"
"6330549D23Rik","ENSMUSG00000045327.7",0.0804503825,2.23080549,0.932805388,0.358480982,1,"Geno_at_37"
"Tmem159","ENSMUSG00000030917.13",-0.0804406059,0.877179805,-0.598120283,0.55431721,1,"Geno_at_37"
"Dock6","ENSMUSG00000032198.9",-0.080405927,3.23477652,-0.938176019,0.355760298,1,"Geno_at_37"
"1300017J02Rik","ENSMUSG00000033688.10",-0.0803979598,-0.670619585,-0.812598539,0.422947645,1,"Geno_at_37"
"Serf1","ENSMUSG00000021643.15",-0.0803834274,2.88591208,-1.16662713,0.252691082,1,"Geno_at_37"
"Gm38384","ENSMUSG00000102593.1",-0.0803696628,2.50337792,-0.897121615,0.376906029,1,"Geno_at_37"
"Dcaf4","ENSMUSG00000021222.9",-0.0803320843,3.8467378,-1.0876656,0.28553597,1,"Geno_at_37"
"Gm49480","ENSMUSG00000116183.1",0.0803261699,-0.6672279,0.739113507,0.465669706,1,"Geno_at_37"
"Nipa1","ENSMUSG00000047037.5",-0.0803118456,0.808661938,-0.629926369,0.53358431,1,"Geno_at_37"
"Cyth2","ENSMUSG00000003269.17",-0.0803071392,5.6081662,-2.08067615,0.0462357626,1,"Geno_at_37"
"Gm43379","ENSMUSG00000105449.1",0.0803066514,2.02484235,0.970646216,0.339603869,1,"Geno_at_37"
"Gm42560","ENSMUSG00000107246.1",-0.0802833966,-0.464192698,-0.675530366,0.504591939,1,"Geno_at_37"
"Gm20689","ENSMUSG00000093384.1",-0.0802798388,3.47786151,-1.4103664,0.168873038,1,"Geno_at_37"
"Klhl3","ENSMUSG00000014164.15",-0.0802783283,0.844385534,-0.652455307,0.519151809,1,"Geno_at_37"
"Chsy1","ENSMUSG00000032640.10",-0.0802650247,5.39647143,-1.21944626,0.23457612,1,"Geno_at_37"
"Gstt3","ENSMUSG00000001665.11",0.0802447765,2.15035433,0.830167273,0.413101928,1,"Geno_at_37"
"Hsd17b10","ENSMUSG00000025260.10",-0.0802354949,5.46240037,-2.12943448,0.0416698564,1,"Geno_at_37"
"Tmem140","ENSMUSG00000057137.9",0.0802287241,1.54086458,0.806354137,0.426481611,1,"Geno_at_37"
"Nf1","ENSMUSG00000020716.16",0.0802176864,5.1677492,1.84988253,0.0743553609,1,"Geno_at_37"
"Dnajb3","ENSMUSG00000081984.3",-0.0802144981,-0.0175633932,-0.581603438,0.565245086,1,"Geno_at_37"
"Olfr267","ENSMUSG00000043385.4",-0.0802143265,-0.729113205,-0.919423427,0.365319774,1,"Geno_at_37"
"Gm7335","ENSMUSG00000067189.5",0.0801969824,0.856402661,0.63096126,0.532916693,1,"Geno_at_37"
"Enpp4","ENSMUSG00000023961.16",0.0801847123,2.4701068,0.781478617,0.440738406,1,"Geno_at_37"
"Pcp4","ENSMUSG00000090223.2",0.0801820384,-0.220928008,0.683058226,0.499891419,1,"Geno_at_37"
"Gm18293","ENSMUSG00000117667.1",0.0801647732,0.013909164,0.676824879,0.503781883,1,"Geno_at_37"
"Tmem199","ENSMUSG00000051232.13",-0.0801308202,4.69444787,-1.74804026,0.0908428285,1,"Geno_at_37"
"Ppp1r10","ENSMUSG00000039220.16",0.0801212281,6.53978039,1.78068859,0.0852520263,1,"Geno_at_37"
"Gemin2","ENSMUSG00000060121.15",0.080118935,4.76575118,1.90881291,0.0660422662,1,"Geno_at_37"
"Cd63-ps","ENSMUSG00000085939.3",-0.0801174609,0.527067108,-0.625555367,0.536408975,1,"Geno_at_37"
"Cd3e","ENSMUSG00000032093.7",-0.0801153481,7.6598663,-2.34511226,0.0259384238,1,"Geno_at_37"
"Aig1","ENSMUSG00000019806.13",-0.0800969015,2.84691015,-0.970161992,0.339841119,1,"Geno_at_37"
"Gm5805","ENSMUSG00000061848.5",0.0800885435,6.91551957,1.28454558,0.213354034,1,"Geno_at_37"
"Alkbh8","ENSMUSG00000025899.14",0.0800640632,5.35046239,1.96139155,0.0593171241,1,"Geno_at_37"
"D630033A02Rik","ENSMUSG00000112237.1",0.0800626256,1.32451291,0.542005077,0.592080603,1,"Geno_at_37"
"Gm14508","ENSMUSG00000085376.1",-0.0800549344,0.771983938,-0.633204657,0.531470986,1,"Geno_at_37"
"Abhd17a","ENSMUSG00000003346.14",-0.0800224568,5.85283198,-1.76108821,0.0885709458,1,"Geno_at_37"
"Gm47856","ENSMUSG00000110772.1",-0.0800059104,-0.654098716,-0.697971959,0.490651619,1,"Geno_at_37"
"Nckap5los","ENSMUSG00000089968.1",0.0800030752,-0.478425885,0.772030898,0.446227585,1,"Geno_at_37"
"4933407L21Rik","ENSMUSG00000026224.11",-0.0799909116,-0.584593457,-0.584003498,0.563762876,1,"Geno_at_37"
"Ankra2","ENSMUSG00000021661.16",-0.0799877221,4.76042446,-1.79632045,0.0826756635,1,"Geno_at_37"
"2610306M01Rik","ENSMUSG00000100164.1",0.0799816197,0.974158019,0.627236373,0.535321725,1,"Geno_at_37"
"Tagap","ENSMUSG00000033450.8",0.0799810106,6.90529416,0.674073433,0.509727439,1,"Geno_at_37"
"Plagl1","ENSMUSG00000019817.18",0.0799770087,5.72644679,0.953441953,0.352759916,1,"Geno_at_37"
"Abca5","ENSMUSG00000018800.14",0.079927096,2.58715629,0.761926231,0.452143521,1,"Geno_at_37"
"Gm17060","ENSMUSG00000090624.1",-0.07992425,0.45312306,-0.656630354,0.516500638,1,"Geno_at_37"
"Fam234a","ENSMUSG00000024187.15",-0.0799209155,4.24428725,-1.28210369,0.209775176,1,"Geno_at_37"
"Bet1l","ENSMUSG00000025484.9",0.0799154669,4.1068906,1.50669493,0.142506808,1,"Geno_at_37"
"Usp37","ENSMUSG00000033364.13",0.07990615,6.43416753,2.11643985,0.04284579,1,"Geno_at_37"
"Zbtb20","ENSMUSG00000022708.16",-0.079895422,5.94550011,-1.43490468,0.163296312,1,"Geno_at_37"
"Fzd5","ENSMUSG00000045005.9",0.0798875433,3.0660255,0.989495118,0.330455458,1,"Geno_at_37"
"Ncf2","ENSMUSG00000026480.12",-0.0798803012,2.36656838,-0.922924815,0.363522181,1,"Geno_at_37"
"Engase","ENSMUSG00000033857.12",-0.0798793049,3.21560046,-0.835751035,0.410303979,1,"Geno_at_37"
"Gm7551","ENSMUSG00000068480.6",0.0798692778,-0.247036527,0.66671925,0.510124728,1,"Geno_at_37"
"Thap11","ENSMUSG00000036442.8",-0.0798630083,4.71601342,-1.69673251,0.100259446,1,"Geno_at_37"
"Oxnad1","ENSMUSG00000021906.14",0.0798525456,3.59287592,1.30429808,0.202201348,1,"Geno_at_37"
"Plxna1","ENSMUSG00000030084.11",0.0798446215,4.76800612,1.46731291,0.152855677,1,"Geno_at_37"
"Gm25492","ENSMUSG00000088008.1",0.0798429641,0.0696367903,0.633970813,0.530977733,1,"Geno_at_37"
"Gm27184","ENSMUSG00000098447.2",0.0798094485,-0.477233404,0.646962229,0.522651159,1,"Geno_at_37"
"Rps18-ps3","ENSMUSG00000057657.4",0.079806465,6.39998458,0.57861504,0.570787703,1,"Geno_at_37"
"Gm4247","ENSMUSG00000110124.1",0.0798055637,-0.318669688,0.65333528,0.518592409,1,"Geno_at_37"
"Gm5869","ENSMUSG00000104802.1",0.0798030988,5.03494989,1.64424763,0.110725017,1,"Geno_at_37"
"Txnrd3","ENSMUSG00000000811.13",-0.0797999896,3.3475275,-1.21509883,0.233949399,1,"Geno_at_37"
"1700086O06Rik","ENSMUSG00000097080.8",0.079797336,1.83187915,0.704406406,0.486695149,1,"Geno_at_37"
"Gm9844","ENSMUSG00000091955.2",-0.0797968791,6.01508252,-1.81806728,0.0792063079,1,"Geno_at_37"
"Dsel","ENSMUSG00000038702.6",0.0797929513,3.20652099,0.965895946,0.341936136,1,"Geno_at_37"
"Gm5191","ENSMUSG00000113412.1",0.0797859046,1.3951246,0.749637671,0.459400502,1,"Geno_at_37"
"Reep1","ENSMUSG00000052852.8",0.0797657482,2.19058507,0.834271417,0.410822641,1,"Geno_at_37"
"Gm17590","ENSMUSG00000106588.1",0.0797491212,0.67704212,0.646712489,0.522810557,1,"Geno_at_37"
"Gm26692","ENSMUSG00000097035.2",0.0797384634,-0.378109158,0.620397677,0.539752166,1,"Geno_at_37"
"Fcamr","ENSMUSG00000026415.11",0.0797318022,-0.609329368,0.662411935,0.512841529,1,"Geno_at_37"
"Gm24139","ENSMUSG00000084729.1",-0.0797180216,-0.573469775,-0.760867618,0.452765989,1,"Geno_at_37"
"Gm47652","ENSMUSG00000111481.1",-0.0797038756,0.737615711,-0.587444252,0.561368264,1,"Geno_at_37"
"Taf9b","ENSMUSG00000047242.14",0.0797011042,3.32674501,1.0079717,0.321651931,1,"Geno_at_37"
"Rpgrip1","ENSMUSG00000057132.16",-0.0797005159,2.97239504,-0.736896232,0.467627347,1,"Geno_at_37"
"Mgme1","ENSMUSG00000027424.11",0.0796296835,4.40016028,1.58945603,0.122602112,1,"Geno_at_37"
"C330013E15Rik","ENSMUSG00000097093.2",-0.0796278291,-0.1916662,-0.720298668,0.477001282,1,"Geno_at_37"
"Comt","ENSMUSG00000000326.13",-0.0796232399,5.9124021,-1.8249242,0.0781385245,1,"Geno_at_37"
"Gm37144","ENSMUSG00000102275.1",-0.0796077541,1.25575135,-0.604097577,0.550389453,1,"Geno_at_37"
"H1f8","ENSMUSG00000042279.13",0.0795895481,-0.235931929,0.749338815,0.459577841,1,"Geno_at_37"
"Gm37176","ENSMUSG00000103378.1",0.0795683312,-0.28428507,0.570923769,0.572368491,1,"Geno_at_37"
"Gm47177","ENSMUSG00000113138.1",-0.0795576916,-0.0394145007,-0.6079405,0.54787185,1,"Geno_at_37"
"Lsmem2","ENSMUSG00000103409.2",0.079551751,0.147908866,0.730663904,0.470739085,1,"Geno_at_37"
"Rock2","ENSMUSG00000020580.10",0.0795495145,7.3880612,2.44335144,0.0207500522,1,"Geno_at_37"
"1700008J07Rik","ENSMUSG00000101225.1",-0.0794874228,1.4775689,-0.772977475,0.44567578,1,"Geno_at_37"
"Atg10","ENSMUSG00000021619.6",0.0794760903,2.12040534,0.931943981,0.358918636,1,"Geno_at_37"
"S1pr2","ENSMUSG00000043895.6",0.0794710507,2.82845534,1.13995619,0.263461599,1,"Geno_at_37"
"Erp27","ENSMUSG00000030219.13",-0.079438115,0.486644748,-0.69883521,0.490119762,1,"Geno_at_37"
"Snord17","ENSMUSG00000077714.1",-0.0794294672,0.793436893,-0.596686695,0.555261379,1,"Geno_at_37"
"Spem1","ENSMUSG00000041165.6",0.0794196141,-0.848537279,0.98263425,0.333765828,1,"Geno_at_37"
"Trmt44","ENSMUSG00000029097.11",0.0794017705,3.7497758,1.24183722,0.224064281,1,"Geno_at_37"
"Zc3h3","ENSMUSG00000075600.3",0.0793930998,3.28323137,1.14704765,0.260565849,1,"Geno_at_37"
"Dcxr","ENSMUSG00000039450.11",-0.0793791003,1.71814651,-0.670663552,0.507643852,1,"Geno_at_37"
"Zmynd15","ENSMUSG00000040829.14",-0.0793697331,-0.324314406,-0.787136507,0.437470709,1,"Geno_at_37"
"Gstz1","ENSMUSG00000021033.11",-0.0793322609,4.29240413,-1.66153108,0.10718266,1,"Geno_at_37"
"2900093K20Rik","ENSMUSG00000099632.1",-0.0793053948,0.333146855,-0.759155032,0.453774073,1,"Geno_at_37"
"Syap1","ENSMUSG00000031357.3",0.0793014514,5.170384,1.72557515,0.0948698145,1,"Geno_at_37"
"Zfp84","ENSMUSG00000046185.10",0.079270981,4.79501103,1.92667841,0.0636864775,1,"Geno_at_37"
"E130317F20Rik","ENSMUSG00000091994.2",0.0792670335,1.23480609,0.592200295,0.558221474,1,"Geno_at_37"
"Irs2","ENSMUSG00000038894.7",0.0792615138,5.33057937,0.922005648,0.368100454,1,"Geno_at_37"
"Gm28198","ENSMUSG00000101845.1",0.0792543533,0.51777936,0.613258908,0.544397515,1,"Geno_at_37"
"Cage1","ENSMUSG00000044566.15",-0.0792531467,0.55921189,-0.704420343,0.486686599,1,"Geno_at_37"
"Ndufb2","ENSMUSG00000002416.13",-0.0792507983,3.0676912,-1.08028744,0.288753626,1,"Geno_at_37"
"Gm14029","ENSMUSG00000086652.1",0.0792450211,1.11756657,0.79084006,0.435339692,1,"Geno_at_37"
"Lrrc8a","ENSMUSG00000007476.18",-0.0792187932,3.96516106,-1.35858823,0.184559725,1,"Geno_at_37"
"Fam45a","ENSMUSG00000024993.15",-0.07921406,4.32917999,-1.46592307,0.153231614,1,"Geno_at_37"
"Gm23115","ENSMUSG00000089105.1",-0.0792096654,-0.0858626327,-0.655474415,0.517233925,1,"Geno_at_37"
"Glrp1","ENSMUSG00000062310.7",-0.0791935707,-0.767248294,-0.715312192,0.480030888,1,"Geno_at_37"
"Zfp26","ENSMUSG00000063108.15",0.0791918471,5.82180072,1.83976541,0.0758695261,1,"Geno_at_37"
"Gm7031","ENSMUSG00000092270.1",-0.0791914103,-0.710098108,-0.839203475,0.408093972,1,"Geno_at_37"
"Gm22475","ENSMUSG00000095747.1",-0.0791904303,-0.681586073,-0.716600339,0.4792472,1,"Geno_at_37"
"Car12","ENSMUSG00000032373.15",-0.0791806091,4.29082021,-1.20799987,0.236627688,1,"Geno_at_37"
"Gm6374","ENSMUSG00000079140.3",-0.0791575716,-0.337446797,-0.749072246,0.459736055,1,"Geno_at_37"
"Hes6","ENSMUSG00000067071.8",-0.0791255054,4.06322457,-1.37496439,0.179480124,1,"Geno_at_37"
"Asb3","ENSMUSG00000020305.13",0.0791132399,4.47444563,1.48617928,0.147825196,1,"Geno_at_37"
"Gm32401","ENSMUSG00000114585.1",-0.0791101392,-0.464014169,-0.711329124,0.482458763,1,"Geno_at_37"
"Npr1","ENSMUSG00000027931.12",-0.0790954876,-0.591620836,-0.775809113,0.444027524,1,"Geno_at_37"
"Nrp2","ENSMUSG00000025969.15",0.0790905134,4.67037094,1.38609999,0.176088919,1,"Geno_at_37"
"Rnf214","ENSMUSG00000042790.16",0.079041242,4.76953422,1.74580996,0.0912360543,1,"Geno_at_37"
"Reep4","ENSMUSG00000033589.4",-0.0790043197,6.05040969,-2.34515215,0.0259360963,1,"Geno_at_37"
"Sell","ENSMUSG00000026581.14",0.07900125,7.3004298,1.93738992,0.0623092989,1,"Geno_at_37"
"Ccdc163","ENSMUSG00000028689.14",-0.078992485,4.20939394,-1.54844618,0.132160664,1,"Geno_at_37"
"Gm48591","ENSMUSG00000112009.1",0.0789879293,-0.507773281,0.683847132,0.499400232,1,"Geno_at_37"
"Akirin2","ENSMUSG00000028291.7",-0.0789875005,5.8292886,-2.06364191,0.0479323281,1,"Geno_at_37"
"Gm14027","ENSMUSG00000090248.1",-0.0789864983,0.266952443,-0.64525924,0.523738625,1,"Geno_at_37"
"Gm12188","ENSMUSG00000082116.1",0.078980315,1.18830541,0.62663839,0.535708358,1,"Geno_at_37"
"Zfp455","ENSMUSG00000051037.15",0.0789595401,2.37621237,0.733769164,0.468872356,1,"Geno_at_37"
"Dnph1","ENSMUSG00000040658.7",-0.0789518184,4.83117352,-1.5545301,0.130705384,1,"Geno_at_37"
"Mmp14","ENSMUSG00000000957.11",0.0789387396,0.521389715,0.659536684,0.514659472,1,"Geno_at_37"
"Tmem231","ENSMUSG00000031951.8",0.0788948378,1.09836146,0.653031566,0.518785443,1,"Geno_at_37"
"H60b","ENSMUSG00000075297.10",-0.0788816037,0.386352799,-0.52528717,0.603303543,1,"Geno_at_37"
"Gm11604","ENSMUSG00000085897.2",0.0788566921,-0.387657529,0.651170357,0.519969242,1,"Geno_at_37"
"Tnk1","ENSMUSG00000001583.13",-0.0788312372,-0.66871319,-0.661862236,0.513188817,1,"Geno_at_37"
"Gm44445","ENSMUSG00000107647.1",0.0788257559,0.519195575,0.633945538,0.530994001,1,"Geno_at_37"
"AC150312.1","ENSMUSG00000118555.1",0.0788099829,-0.302194882,0.617519656,0.541622443,1,"Geno_at_37"
"Tmem181b-ps","ENSMUSG00000096780.7",-0.0787970736,3.32353641,-1.03923694,0.307124638,1,"Geno_at_37"
"Plekha7","ENSMUSG00000045659.18",-0.0787800455,3.35819285,-1.17213396,0.25050799,1,"Geno_at_37"
"Gm11488","ENSMUSG00000081871.1",-0.078769821,1.44498667,-0.776150572,0.443829013,1,"Geno_at_37"
"Gm43336","ENSMUSG00000105071.1",-0.0787206289,0.313802931,-0.586966843,0.561684635,1,"Geno_at_37"
"2610028D06Rik","ENSMUSG00000110997.1",0.0787140336,-0.269933866,0.546107519,0.589111346,1,"Geno_at_37"
"Gamt","ENSMUSG00000020150.13",-0.0787087167,0.0114388674,-0.63837362,0.528147938,1,"Geno_at_37"
"Trbv23","ENSMUSG00000076478.7",-0.0787069038,0.834408043,-0.617863754,0.541398652,1,"Geno_at_37"
"Atp5g1","ENSMUSG00000006057.15",-0.0786546962,4.4304895,-1.23409202,0.226894836,1,"Geno_at_37"
"Gm14150","ENSMUSG00000082809.3",0.0786350029,2.84438627,0.899587841,0.37561317,1,"Geno_at_37"
"Lrp4","ENSMUSG00000027253.15",0.0786343313,1.52733099,0.759899114,0.453335919,1,"Geno_at_37"
"Gm44981","ENSMUSG00000108574.1",0.0786261291,-0.0578740624,0.646605984,0.522878543,1,"Geno_at_37"
"Cdkl5","ENSMUSG00000031292.14",0.0786025196,4.26312935,1.2330007,0.227295812,1,"Geno_at_37"
"Mpc1","ENSMUSG00000023861.17",0.0785897395,3.08512494,1.15743936,0.256364389,1,"Geno_at_37"
"Tmem106b","ENSMUSG00000029571.14",-0.0785844062,6.23024379,-2.00366725,0.0543508944,1,"Geno_at_37"
"Atxn1l","ENSMUSG00000069895.4",0.0785645136,5.54221557,1.95087037,0.0606129773,1,"Geno_at_37"
"Ttpa","ENSMUSG00000073988.13",0.0785575918,-0.893212556,0.938395815,0.355649244,1,"Geno_at_37"
"Trpv3","ENSMUSG00000043029.2",0.0785513042,-0.260664993,0.569689785,0.573194448,1,"Geno_at_37"
"Gm26666","ENSMUSG00000097419.1",-0.0785122385,-0.354817304,-0.680626145,0.501407374,1,"Geno_at_37"
"Tert","ENSMUSG00000021611.9",-0.0785082292,3.04283305,-1.13871897,0.263969192,1,"Geno_at_37"
"1700028J19Rik","ENSMUSG00000038782.7",-0.0784977495,0.531340972,-0.525065332,0.603455832,1,"Geno_at_37"
"Slc35a4","ENSMUSG00000033272.12",-0.0784966073,6.84794963,-2.4493674,0.0204655192,1,"Geno_at_37"
"Gm6566","ENSMUSG00000113918.1",-0.0784903455,0.795430006,-0.569815689,0.573110147,1,"Geno_at_37"
"Gm11455","ENSMUSG00000085538.1",0.0784836597,-0.141576384,0.562140018,0.578260721,1,"Geno_at_37"
"Cfap300","ENSMUSG00000053070.5",-0.0784784456,0.348426078,-0.642055872,0.525787479,1,"Geno_at_37"
"Akt3","ENSMUSG00000019699.16",0.078473862,6.3841041,2.24559071,0.0323711672,1,"Geno_at_37"
"Myo9a","ENSMUSG00000039585.15",0.0784738005,6.0478235,2.10966301,0.0434706768,1,"Geno_at_37"
"Reps2","ENSMUSG00000040855.15",-0.0784516947,1.91611385,-0.549330973,0.587503631,1,"Geno_at_37"
"Sv2a","ENSMUSG00000038486.9",-0.0784410205,1.85647522,-0.650795836,0.520207628,1,"Geno_at_37"
"Gm16589","ENSMUSG00000074482.5",0.0784328272,4.8770539,1.71335646,0.0971225203,1,"Geno_at_37"
"Gm47820","ENSMUSG00000113072.1",0.0784308985,-0.22240071,0.655151837,0.517438658,1,"Geno_at_37"
"Rffl","ENSMUSG00000020696.18",-0.0784218999,4.68283722,-1.50509349,0.142916326,1,"Geno_at_37"
"Rpl7-ps9","ENSMUSG00000081281.1",-0.078419704,5.24120687,-1.43721296,0.161163881,1,"Geno_at_37"
"Gm10443","ENSMUSG00000072940.5",-0.0784037746,7.03713829,-1.48488614,0.150739823,1,"Geno_at_37"
"Bloc1s5","ENSMUSG00000038982.10",0.0783965618,3.27315753,1.06615982,0.294986261,1,"Geno_at_37"
"Gm26203","ENSMUSG00000064845.1",-0.0783725405,0.381374423,-0.585222821,0.562841137,1,"Geno_at_37"
"Terb1","ENSMUSG00000052616.10",0.0783586328,-0.585504622,0.759901852,0.453334307,1,"Geno_at_37"
"9330151L19Rik","ENSMUSG00000097061.2",-0.0783574825,2.92471321,-0.918224011,0.365936887,1,"Geno_at_37"
"D430020J02Rik","ENSMUSG00000112980.1",0.0783503396,3.97249534,1.27062309,0.213776747,1,"Geno_at_37"
"Lmna","ENSMUSG00000028063.15",-0.0783407176,1.46305612,-0.716769801,0.479144157,1,"Geno_at_37"
"Gm37488","ENSMUSG00000104125.1",0.078335202,1.21305669,0.62913726,0.53409367,1,"Geno_at_37"
"Gm7842","ENSMUSG00000112017.1",-0.0783287365,-0.592595675,-0.816731974,0.420618309,1,"Geno_at_37"
"Cmtm4","ENSMUSG00000096188.1",0.0783247382,5.1368417,1.73942017,0.0923706141,1,"Geno_at_37"
"Rbm3os","ENSMUSG00000055188.12",0.0783177122,0.723581845,0.593553946,0.557327495,1,"Geno_at_37"
"Gm10059","ENSMUSG00000059064.8",0.0782943754,-0.665920813,0.781463201,0.44074733,1,"Geno_at_37"
"Gm35657","ENSMUSG00000110747.1",0.0782927372,1.91470925,0.750689807,0.458776492,1,"Geno_at_37"
"Gm12185","ENSMUSG00000048852.13",-0.0782796573,3.76125292,-0.923859053,0.363506856,1,"Geno_at_37"
"Gm50455","ENSMUSG00000118071.1",-0.078277935,0.81156561,-0.712397561,0.48180681,1,"Geno_at_37"
"Lrrn4cl","ENSMUSG00000071656.7",0.0782563157,-0.5255028,0.667550096,0.509601591,1,"Geno_at_37"
"Aurkaip1","ENSMUSG00000065990.12",-0.0782542895,5.81481605,-2.35992364,0.0250872037,1,"Geno_at_37"
"Pkib","ENSMUSG00000019876.15",0.0782501263,2.05685522,0.412561946,0.684529572,1,"Geno_at_37"
"Prrt1","ENSMUSG00000015476.6",-0.0782397908,0.243646225,-0.703471194,0.487269072,1,"Geno_at_37"
"Tcea1-ps1","ENSMUSG00000067869.4",0.078239686,5.56909707,1.94377009,0.0615013656,1,"Geno_at_37"
"Gcm2","ENSMUSG00000021362.7",0.0782252713,-0.535622875,0.695950695,0.491898215,1,"Geno_at_37"
"Pced1b","ENSMUSG00000044250.8",-0.0782115871,5.98873101,-1.44636649,0.159761821,1,"Geno_at_37"
"Nr3c2","ENSMUSG00000031618.13",-0.0782061973,-0.592777493,-0.914726447,0.367740326,1,"Geno_at_37"
"Miip","ENSMUSG00000029022.18",-0.0782033493,5.79660384,-2.35623494,0.025296786,1,"Geno_at_37"
"Acap2","ENSMUSG00000049076.12",0.0782021902,6.17506604,2.52888532,0.0170263338,1,"Geno_at_37"
"Gm42648","ENSMUSG00000106682.1",0.0782002265,1.27026603,0.734503634,0.46843146,1,"Geno_at_37"
"Gng10","ENSMUSG00000038607.12",0.0781968832,0.226436986,0.648506306,0.521666223,1,"Geno_at_37"
"Myo7a","ENSMUSG00000030761.16",-0.0781779618,2.31307152,-0.899839924,0.375481184,1,"Geno_at_37"
"Srr","ENSMUSG00000001323.17",0.0781748833,2.80033508,1.03010434,0.311320094,1,"Geno_at_37"
"Enthd1","ENSMUSG00000050439.7",-0.0781684614,1.34127065,-0.661295664,0.513546899,1,"Geno_at_37"
"Cxcr4","ENSMUSG00000045382.6",0.0781603109,4.62064742,1.12283757,0.271287123,1,"Geno_at_37"
"Ncoa7","ENSMUSG00000039697.16",0.0781515189,5.60806532,1.51417185,0.140613823,1,"Geno_at_37"
"Gm7879","ENSMUSG00000033036.9",0.0781440977,2.92355482,1.07912175,0.289264334,1,"Geno_at_37"
"Gm15842","ENSMUSG00000083909.1",-0.0781357663,-0.295923232,-0.620941264,0.539399299,1,"Geno_at_37"
"Rab13","ENSMUSG00000027935.14",0.0781337709,-0.0366057685,0.578880697,0.56705691,1,"Geno_at_37"
"Rtn2","ENSMUSG00000030401.16",-0.0781313106,0.333170303,-0.591667582,0.55857349,1,"Geno_at_37"
"Ttyh2","ENSMUSG00000034714.9",-0.07812297,-0.259214469,-0.663284152,0.512290747,1,"Geno_at_37"
"Marchf8","ENSMUSG00000025702.15",0.078117888,4.0342515,1.46883676,0.15244434,1,"Geno_at_37"
"Gm17087","ENSMUSG00000099104.1",-0.0781153673,-0.496145856,-0.81416809,0.422062214,1,"Geno_at_37"
"Gm9755","ENSMUSG00000030735.6",0.0781031903,5.21872538,2.02220401,0.0522908564,1,"Geno_at_37"
"Armc7","ENSMUSG00000057219.11",-0.0780961155,4.65991658,-1.13371856,0.266766012,1,"Geno_at_37"
"Gm40304","ENSMUSG00000107111.1",0.0780680852,0.697356487,0.664225637,0.511696587,1,"Geno_at_37"
"Fbxo27","ENSMUSG00000037463.14",-0.0780551519,0.237664831,-0.708579801,0.484138695,1,"Geno_at_37"
"Gm41002","ENSMUSG00000113274.1",-0.0780438783,-0.691034863,-0.700877926,0.488862525,1,"Geno_at_37"
"Gm13142","ENSMUSG00000081405.1",-0.0780074723,1.01788374,-0.656693524,0.516460582,1,"Geno_at_37"
"Mrpl32","ENSMUSG00000015672.4",-0.0779954909,4.96743963,-1.52856953,0.137007368,1,"Geno_at_37"
"Gm49838","ENSMUSG00000117313.1",0.0779839977,-0.582730539,0.75903138,0.45384691,1,"Geno_at_37"
"Tnfaip6","ENSMUSG00000053475.5",-0.0779839476,-0.824944113,-0.920409808,0.364812782,1,"Geno_at_37"
"Pank1","ENSMUSG00000033610.16",-0.077928941,3.60418178,-1.27540711,0.21210229,1,"Geno_at_37"
"Trbv4","ENSMUSG00000107486.1",0.0779288605,0.397693948,0.632339511,0.532028262,1,"Geno_at_37"
"Cnnm4","ENSMUSG00000037408.10",0.0778896878,4.61674118,1.69576032,0.100445496,1,"Geno_at_37"
"Cdc34b","ENSMUSG00000020870.7",-0.0778754066,-0.21922865,-0.745618963,0.461788547,1,"Geno_at_37"
"Foxf1","ENSMUSG00000042812.5",0.0778682665,-0.944464376,1.02273103,0.314736214,1,"Geno_at_37"
"Prr18","ENSMUSG00000055945.8",-0.0778563183,0.0939476572,-0.720761288,0.47672077,1,"Geno_at_37"
"Pard6b","ENSMUSG00000044641.7",0.0778485367,2.63518576,0.949123388,0.350257032,1,"Geno_at_37"
"Smarca2","ENSMUSG00000024921.17",-0.0778299297,6.52318931,-1.64147176,0.111836673,1,"Geno_at_37"
"Cxcl3","ENSMUSG00000029379.10",-0.0778286169,-0.829655332,-0.900633075,0.375066101,1,"Geno_at_37"
"Qrich2","ENSMUSG00000070331.14",-0.077805863,-0.388337781,-0.588932115,0.560382865,1,"Geno_at_37"
"Zfp688","ENSMUSG00000045251.13",0.0777934631,3.57143411,1.13006359,0.26754007,1,"Geno_at_37"
"Tmppe","ENSMUSG00000079260.3",0.0777710459,4.22441769,1.46572907,0.153284148,1,"Geno_at_37"
"Gm48624","ENSMUSG00000113140.1",0.0777510359,0.426814396,0.61605257,0.542577134,1,"Geno_at_37"
"Ccdc174","ENSMUSG00000034083.16",-0.0777434146,5.25353724,-1.97038326,0.0582288679,1,"Geno_at_37"
"Snord91a","ENSMUSG00000077493.1",-0.0777345279,0.0904863487,-0.635326122,0.530105781,1,"Geno_at_37"
"Adh4","ENSMUSG00000037797.14",0.0777325416,-0.582434799,0.683336349,0.499718224,1,"Geno_at_37"
"Mrap2","ENSMUSG00000042761.14",-0.0777277573,-0.654901325,-0.767159839,0.449073621,1,"Geno_at_37"
"P3h3","ENSMUSG00000023191.9",0.0777168256,0.7995208,0.505601738,0.616919873,1,"Geno_at_37"
"Exoc6b","ENSMUSG00000033769.16",0.0776982759,4.73797599,1.42038147,0.165963783,1,"Geno_at_37"
"Vav2","ENSMUSG00000009621.18",0.0776944858,4.74875037,1.25203086,0.220406265,1,"Geno_at_37"
"Cd79a","ENSMUSG00000003379.7",0.0776894947,1.56144387,0.711632223,0.482273763,1,"Geno_at_37"
"Mir1964","ENSMUSG00000089139.1",0.0776514969,-0.654303347,0.756752611,0.455190457,1,"Geno_at_37"
"Gm37309","ENSMUSG00000103046.1",-0.0776512948,1.49864296,-0.64088038,0.526540396,1,"Geno_at_37"
"Cmtr1","ENSMUSG00000024019.18",0.077649013,2.34915448,0.984715764,0.332759128,1,"Geno_at_37"
"Got1","ENSMUSG00000025190.13",-0.0776398609,6.13335103,-1.93756313,0.0622872437,1,"Geno_at_37"
"S100a2","ENSMUSG00000094018.2",-0.077632473,-0.850806601,-0.973646977,0.338136109,1,"Geno_at_37"
"Gm34093","ENSMUSG00000114981.1",0.0776227189,-0.687435213,0.682548252,0.500209082,1,"Geno_at_37"
"Id1","ENSMUSG00000042745.9",-0.077613464,4.10686188,-1.00774756,0.322204456,1,"Geno_at_37"
"Gng2","ENSMUSG00000043004.13",-0.0775869251,7.21028389,-2.25735845,0.031541923,1,"Geno_at_37"
"Gm26810","ENSMUSG00000097817.2",0.0775737742,-0.473257585,0.690902157,0.495019644,1,"Geno_at_37"
"Gm36043","ENSMUSG00000117964.1",-0.0775697828,4.05174363,-0.541991416,0.594807494,1,"Geno_at_37"
"Glmp","ENSMUSG00000001418.13",-0.0775416294,5.66237418,-1.58039624,0.124663444,1,"Geno_at_37"
"Ccpg1","ENSMUSG00000034563.16",-0.0775242748,0.244765916,-0.640968314,0.526484053,1,"Geno_at_37"
"Gm43178","ENSMUSG00000106607.1",-0.0775214824,-0.13396467,-0.722460256,0.475691406,1,"Geno_at_37"
"Gpaa1","ENSMUSG00000022561.13",-0.0775192496,5.96783411,-1.90427997,0.0666518652,1,"Geno_at_37"
"Gm48314","ENSMUSG00000111017.1",0.0775179945,0.221978268,0.498180778,0.62204476,1,"Geno_at_37"
"Gm28551","ENSMUSG00000099913.1",-0.0775154499,-0.522631354,-0.740686852,0.464729304,1,"Geno_at_37"
"Dnah10","ENSMUSG00000038011.15",-0.0775145194,-0.517506672,-0.670870559,0.507513834,1,"Geno_at_37"
"Gm24726","ENSMUSG00000088857.1",0.0775049511,-0.257900718,0.584981804,0.563001057,1,"Geno_at_37"
"Neo1","ENSMUSG00000032340.8",0.0774935799,1.1467875,0.769697992,0.447589294,1,"Geno_at_37"
"Gm35585","ENSMUSG00000105550.1",-0.0774878443,0.592861381,-0.653371917,0.518569126,1,"Geno_at_37"
"Gm47750","ENSMUSG00000113611.1",-0.0774775977,0.204692377,-0.69942878,0.489754247,1,"Geno_at_37"
"Cebpd","ENSMUSG00000071637.5",-0.0774346524,0.755088179,-0.4896988,0.628071507,1,"Geno_at_37"
"Cd244a","ENSMUSG00000004709.14",-0.0774283314,0.210546691,-0.449114061,0.656951086,1,"Geno_at_37"
"Gm12070","ENSMUSG00000069939.8",-0.0774272058,1.42910293,-0.696857105,0.491338974,1,"Geno_at_37"
"Rnf157","ENSMUSG00000052949.14",-0.0774238877,4.03639382,-0.694540021,0.495479339,1,"Geno_at_37"
"Vkorc1","ENSMUSG00000096145.2",0.0773967903,0.23498832,0.70346647,0.487271973,1,"Geno_at_37"
"Gm15204","ENSMUSG00000082625.1",-0.0773831218,0.455034233,-0.596203778,0.555579617,1,"Geno_at_37"
"Zfp280b","ENSMUSG00000049764.8",0.0773819971,6.74626122,1.65511688,0.109079287,1,"Geno_at_37"
"Gm8641","ENSMUSG00000099631.1",0.0773694956,-0.698086414,0.719092389,0.477733164,1,"Geno_at_37"
"Col1a1","ENSMUSG00000001506.10",0.0773578855,-0.427673462,0.607639413,0.548068884,1,"Geno_at_37"
"Stab2","ENSMUSG00000035459.18",0.077347298,-0.518872237,0.681633259,0.500779313,1,"Geno_at_37"
"Lamp2","ENSMUSG00000016534.15",-0.0773179366,6.535896,-1.78900966,0.0838707043,1,"Geno_at_37"
"Zkscan7","ENSMUSG00000063488.6",0.0773043343,2.71882302,0.824107064,0.416481908,1,"Geno_at_37"
"Wdr63","ENSMUSG00000043020.13",0.0772940471,-0.292432586,0.625864415,0.536208999,1,"Geno_at_37"
"Emc4","ENSMUSG00000027131.3",0.07729243,5.50621826,1.8848631,0.0693185025,1,"Geno_at_37"
"Rpl10-ps3","ENSMUSG00000058443.5",0.0772906566,3.17113772,0.957927448,0.345872614,1,"Geno_at_37"
"Slc17a9","ENSMUSG00000023393.15",-0.0772881235,6.83762335,-1.48451394,0.150333514,1,"Geno_at_37"
"Trim47","ENSMUSG00000020773.11",0.0772681247,-0.784395086,0.727655844,0.472551487,1,"Geno_at_37"
"Tsen2","ENSMUSG00000042389.13",0.0772635244,3.7998759,1.23189882,0.22770121,1,"Geno_at_37"
"Gm21811","ENSMUSG00000096401.2",0.077255155,3.45540675,1.18281429,0.246313475,1,"Geno_at_37"
"Gm49503","ENSMUSG00000116009.1",-0.077252849,0.524729385,-0.61800767,0.541305068,1,"Geno_at_37"
"Nectin4","ENSMUSG00000006411.12",0.0772459065,-0.537507082,0.661619104,0.513342463,1,"Geno_at_37"
"Pou4f1","ENSMUSG00000048349.9",0.0772335932,0.670836098,0.633279064,0.531423072,1,"Geno_at_37"
"Akap17b","ENSMUSG00000059708.12",-0.0772259025,2.61347716,-0.919768862,0.36514217,1,"Geno_at_37"
"Gm9001","ENSMUSG00000080824.1",0.0771709143,0.875470544,0.657465766,0.515971036,1,"Geno_at_37"
"Bex2","ENSMUSG00000042750.7",0.0771512275,-0.372224964,0.820829201,0.41831721,1,"Geno_at_37"
"Apoc4","ENSMUSG00000074336.5",0.0771297094,-0.623069368,0.620519158,0.539673297,1,"Geno_at_37"
"Ndufs5-ps","ENSMUSG00000081824.5",0.0771280654,3.24145249,1.01185224,0.319823607,1,"Geno_at_37"
"Adgra2","ENSMUSG00000031486.15",-0.0771193546,-0.113982042,-0.561203305,0.578890844,1,"Geno_at_37"
"Gm9349","ENSMUSG00000117202.1",-0.0771045358,-0.423713963,-0.720396234,0.476942115,1,"Geno_at_37"
"Gng12","ENSMUSG00000036402.13",0.0770685792,4.53750697,1.27444806,0.212437168,1,"Geno_at_37"
"Gm5500","ENSMUSG00000117484.1",0.0770680519,2.02430117,0.894100981,0.37849345,1,"Geno_at_37"
"Peli2","ENSMUSG00000021846.9",-0.0770647196,6.07848877,-1.72869353,0.0943019918,1,"Geno_at_37"
"Ikbip","ENSMUSG00000019975.12",-0.0770611416,1.24253083,-0.765220018,0.450210017,1,"Geno_at_37"
"Kctd4","ENSMUSG00000046523.5",-0.0770565138,-0.185841587,-0.669159544,0.508589053,1,"Geno_at_37"
"Gm20069","ENSMUSG00000095174.1",-0.0770524063,-0.900097949,-1.05330102,0.300740981,1,"Geno_at_37"
"Gnptab","ENSMUSG00000035311.16",-0.0770335014,6.31746438,-1.90447826,0.0666250962,1,"Geno_at_37"
"Txnip","ENSMUSG00000038393.14",-0.0769815,7.86292536,-1.23508076,0.231741258,1,"Geno_at_37"
"Klf6","ENSMUSG00000000078.7",0.0769747155,7.74178872,0.570327901,0.57627188,1,"Geno_at_37"
"Cdkn1c","ENSMUSG00000037664.13",0.0769738615,0.413048527,0.719689522,0.477370787,1,"Geno_at_37"
"Synj2","ENSMUSG00000023805.17",-0.0769513526,4.98766706,-1.3316942,0.193143539,1,"Geno_at_37"
"Gm43148","ENSMUSG00000105377.1",-0.0769493098,-0.463542187,-0.656303394,0.516707993,1,"Geno_at_37"
"Myo1b","ENSMUSG00000018417.14",0.0769459049,0.418529115,0.579387729,0.566719289,1,"Geno_at_37"
"Gm15152","ENSMUSG00000081782.1",0.076929641,-0.526198863,0.617415082,0.541690464,1,"Geno_at_37"
"Gm49027","ENSMUSG00000114278.2",0.0769183525,0.689093292,0.473975702,0.639180799,1,"Geno_at_37"
"Sypl","ENSMUSG00000020570.15",-0.0768774902,6.11220051,-1.7718487,0.0867337406,1,"Geno_at_37"
"Gm20428","ENSMUSG00000092553.1",-0.0768366183,-0.598316804,-0.630018471,0.533524876,1,"Geno_at_37"
"Gm43533","ENSMUSG00000106822.1",0.0768322253,-0.499356312,0.645722097,0.523442941,1,"Geno_at_37"
"Fam13b","ENSMUSG00000036501.7",0.0768246627,5.80572892,1.97369602,0.057832345,1,"Geno_at_37"
"9330160F10Rik","ENSMUSG00000072809.2",0.0768019234,-0.0640102395,0.601906842,0.55182734,1,"Geno_at_37"
"Rmi1","ENSMUSG00000035367.9",0.0767975234,4.98133204,1.60728989,0.118626256,1,"Geno_at_37"
"Ribc1","ENSMUSG00000025257.5",0.0767972404,1.4752384,0.796875389,0.431880501,1,"Geno_at_37"
"Gm7353","ENSMUSG00000055452.6",-0.0767800984,3.12890955,-1.14086299,0.263090017,1,"Geno_at_37"
"Gm6311","ENSMUSG00000061833.6",-0.0767700329,-0.250659195,-0.70826121,0.484333581,1,"Geno_at_37"
"Gm44013","ENSMUSG00000107750.1",0.0767363894,1.79390779,0.684137775,0.49921934,1,"Geno_at_37"
"Timp1","ENSMUSG00000001131.11",-0.0767330429,2.66864123,-0.896159173,0.377411348,1,"Geno_at_37"
"Zdbf2","ENSMUSG00000027520.16",0.0767329408,-0.676149006,0.793645081,0.433729888,1,"Geno_at_37"
"Helz2","ENSMUSG00000027580.17",0.0767150258,6.32792908,1.84498471,0.0750851148,1,"Geno_at_37"
"Gm42559","ENSMUSG00000107227.1",0.0767145994,1.43815778,0.711016928,0.482649358,1,"Geno_at_37"
"Iqck","ENSMUSG00000073856.11",0.0767128845,-0.0731887146,0.580487476,0.565987339,1,"Geno_at_37"
"Smoc1","ENSMUSG00000021136.13",-0.0767038599,0.827125418,-0.241602924,0.812015736,1,"Geno_at_37"
"Gns","ENSMUSG00000034707.7",-0.0766828782,5.05428409,-1.29616073,0.205178247,1,"Geno_at_37"
"Gm7580","ENSMUSG00000085161.1",0.0766774585,-0.585083406,0.746461456,0.461287308,1,"Geno_at_37"
"Gm45719","ENSMUSG00000108940.1",-0.0766656625,-0.231574362,-0.51539172,0.610211614,1,"Geno_at_37"
"Tex52","ENSMUSG00000079304.5",-0.0766625112,-0.573310732,-0.776052267,0.443886158,1,"Geno_at_37"
"Zfp276","ENSMUSG00000001065.15",0.0766607676,4.58019547,1.4906202,0.146660623,1,"Geno_at_37"
"Wdr38","ENSMUSG00000035295.10",-0.0766256411,-0.157486554,-0.694312775,0.492909696,1,"Geno_at_37"
"Aph1c","ENSMUSG00000053040.13",0.0766140708,-0.180855416,0.687555257,0.497095097,1,"Geno_at_37"
"Slc44a3","ENSMUSG00000039865.8",-0.0766128051,-0.867918802,-0.958038952,0.345817322,1,"Geno_at_37"
"Scx","ENSMUSG00000034161.8",-0.0766078892,0.584224955,-0.579485117,0.566654452,1,"Geno_at_37"
"Bcar1","ENSMUSG00000031955.10",-0.0765978011,2.75441321,-0.769261715,0.447844222,1,"Geno_at_37"
"A730081D07Rik","ENSMUSG00000086693.1",-0.0765939022,-0.196741416,-0.758850703,0.45395335,1,"Geno_at_37"
"Lysmd2","ENSMUSG00000032184.5",-0.0765908168,1.70633598,-0.639682968,0.527307948,1,"Geno_at_37"
"Wsb1","ENSMUSG00000017677.11",0.0765894141,6.96811881,2.00754076,0.0539146307,1,"Geno_at_37"
"Mfsd3","ENSMUSG00000019080.8",0.0765884396,2.59342013,0.925160813,0.362377281,1,"Geno_at_37"
"Zfp128","ENSMUSG00000060397.6",0.0765884291,1.69416388,0.636194259,0.529547658,1,"Geno_at_37"
"Gm48230","ENSMUSG00000112391.1",-0.076583082,-0.181342342,-0.550191529,0.586323727,1,"Geno_at_37"
"Rnf181","ENSMUSG00000055850.12",-0.0765469939,5.91881529,-2.31944016,0.027476189,1,"Geno_at_37"
"Sft2d1","ENSMUSG00000073468.12",-0.0765283585,4.608933,-1.63927988,0.111760994,1,"Geno_at_37"
"Gm16083","ENSMUSG00000085526.1",-0.0765261726,-0.646636176,-0.641089785,0.526406227,1,"Geno_at_37"
"Paqr4","ENSMUSG00000023909.4",0.0765215486,3.26454887,0.991887878,0.329306221,1,"Geno_at_37"
"Snrpg","ENSMUSG00000057278.8",-0.0765094099,3.8678202,-1.38299827,0.177028424,1,"Geno_at_37"
"Il17a","ENSMUSG00000025929.4",-0.0765056744,-0.497863898,-0.578001579,0.567642536,1,"Geno_at_37"
"Gm12905","ENSMUSG00000085875.3",-0.0765027596,0.990760037,-0.628322991,0.534619539,1,"Geno_at_37"
"Pigx","ENSMUSG00000023791.17",-0.0764985802,5.15855759,-1.74595126,0.0912111003,1,"Geno_at_37"
"Olfr1393","ENSMUSG00000059864.2",0.0764979062,-0.676081702,0.701735242,0.488335414,1,"Geno_at_37"
"Gm45222","ENSMUSG00000109498.1",-0.0764812013,2.25460821,-0.405781521,0.689543548,1,"Geno_at_37"
"Psma5-ps","ENSMUSG00000050490.7",0.0764809633,5.79708709,2.0326829,0.0511569342,1,"Geno_at_37"
"Gm12000","ENSMUSG00000073145.6",0.0764673432,1.77171586,0.750257743,0.459032683,1,"Geno_at_37"
"Gm28100","ENSMUSG00000100108.1",0.0764510748,-0.0669242305,0.556279405,0.582208693,1,"Geno_at_37"
"A630014C17Rik","ENSMUSG00000086395.1",0.0764385194,0.525662785,0.585267734,0.562811339,1,"Geno_at_37"
"Atp5d","ENSMUSG00000003072.15",-0.0764229949,7.25549398,-2.03798353,0.0505916362,1,"Geno_at_37"
"Cdhr3","ENSMUSG00000035860.9",0.076422624,4.93313532,0.847455653,0.407015122,1,"Geno_at_37"
"Gm37642","ENSMUSG00000103197.1",0.0764070285,-0.265889531,0.484522049,0.631912137,1,"Geno_at_37"
"5830454E08Rik","ENSMUSG00000052658.5",0.0763951418,-0.0782748901,0.557917172,0.581104088,1,"Geno_at_37"
"Gm3507","ENSMUSG00000116550.1",-0.0763932434,-0.526431862,-0.727269756,0.472784404,1,"Geno_at_37"
"Ulk3","ENSMUSG00000032308.9",-0.0763861589,4.26188412,-1.0344555,0.309767812,1,"Geno_at_37"
"Zfp58","ENSMUSG00000071291.10",-0.0763856492,2.65739567,-0.87797915,0.387038915,1,"Geno_at_37"
"Ino80dos","ENSMUSG00000084799.7",0.0763534442,1.93869122,0.842835603,0.406091767,1,"Geno_at_37"
"Mtor","ENSMUSG00000028991.15",0.0763478776,6.3064625,2.34870927,0.0257293214,1,"Geno_at_37"
"1810026B05Rik","ENSMUSG00000101970.8",-0.0763355266,6.36224263,-0.920224158,0.369878875,1,"Geno_at_37"
"D130017N08Rik","ENSMUSG00000097287.3",0.0763253842,2.16997839,0.730002686,0.471137133,1,"Geno_at_37"
"Gm20696","ENSMUSG00000030068.4",-0.0763249237,1.11931275,-0.434872451,0.667470494,1,"Geno_at_37"
"Eid1","ENSMUSG00000091337.3",-0.0763214947,4.93068108,-1.70087576,0.0994697756,1,"Geno_at_37"
"Coa3","ENSMUSG00000017188.3",-0.0763010881,4.55637376,-1.57181765,0.126641395,1,"Geno_at_37"
"Mrpl34","ENSMUSG00000034880.7",-0.0762944429,4.44888728,-1.35424719,0.185924828,1,"Geno_at_37"
"Gm13146","ENSMUSG00000095054.1",0.0762899303,-0.419078029,0.607681435,0.548041382,1,"Geno_at_37"
"Cd53","ENSMUSG00000040747.9",0.0762776756,7.44917384,0.656608009,0.520618206,1,"Geno_at_37"
"Gm36486","ENSMUSG00000117575.1",0.0762678374,0.113711294,0.574553807,0.569942208,1,"Geno_at_37"
"Slfn10-ps","ENSMUSG00000072621.13",-0.0762672435,4.3174981,-1.28035468,0.210381088,1,"Geno_at_37"
"Zfp729a","ENSMUSG00000021510.11",0.0762630164,4.99122792,1.59594683,0.12114257,1,"Geno_at_37"
"Mknk1","ENSMUSG00000028708.16",0.0762626544,4.98472067,1.79069774,0.0835934683,1,"Geno_at_37"
"Klf11","ENSMUSG00000020653.12",-0.0762313711,4.0982647,-0.587345823,0.564389445,1,"Geno_at_37"
"9430091E24Rik","ENSMUSG00000084808.7",0.0762202496,2.84406427,1.04277901,0.305508075,1,"Geno_at_37"
"Gm33666","ENSMUSG00000116182.1",-0.0761931671,2.26956514,-0.801352251,0.429325405,1,"Geno_at_37"
"Cenpp","ENSMUSG00000021391.10",0.0761917899,3.78223942,1.08820302,0.285302595,1,"Geno_at_37"
"Plcd3","ENSMUSG00000020937.14",-0.0761857751,-0.316969563,-0.645076776,0.523855212,1,"Geno_at_37"
"Nfkb1","ENSMUSG00000028163.17",0.0761752337,9.50038851,2.22407299,0.0339383785,1,"Geno_at_37"
"Gm39383","ENSMUSG00000111839.1",-0.0761667589,-0.953631162,-1.08086754,0.288499714,1,"Geno_at_37"
"H2-Q2","ENSMUSG00000091705.8",0.0761651029,0.123385883,0.454957025,0.652721124,1,"Geno_at_37"
"Atg9b","ENSMUSG00000038295.14",-0.0761064488,4.27559744,-1.288057,0.207722717,1,"Geno_at_37"
"Setd1b","ENSMUSG00000038384.16",-0.076067801,6.49459077,-2.05163292,0.049161216,1,"Geno_at_37"
"Pygb","ENSMUSG00000033059.7",0.0760608601,6.62553573,2.11299661,0.0431622835,1,"Geno_at_37"
"Tpd52-ps","ENSMUSG00000094594.2",-0.0760560353,2.26965355,-0.698270738,0.490467502,1,"Geno_at_37"
"Krtcap2","ENSMUSG00000042747.12",-0.0760362465,6.17940531,-1.53222539,0.136653168,1,"Geno_at_37"
"Homer3","ENSMUSG00000003573.15",-0.0760257762,3.41424227,-1.08073328,0.288558469,1,"Geno_at_37"
"Tex9","ENSMUSG00000090626.9",0.0760071334,3.63156599,1.13294517,0.266347384,1,"Geno_at_37"
"Galm","ENSMUSG00000035473.10",-0.0760002869,5.36387702,-1.94331968,0.0615581014,1,"Geno_at_37"
"Kcna2","ENSMUSG00000040724.5",0.0759850665,-0.96750033,1.03645342,0.308399179,1,"Geno_at_37"
"Cdk2ap2","ENSMUSG00000024856.10",-0.075973365,5.71910864,-1.92312754,0.0641488094,1,"Geno_at_37"
"4930478L05Rik","ENSMUSG00000116628.1",0.0759731912,0.018539101,0.516432433,0.6093963,1,"Geno_at_37"
"Tbc1d22bos","ENSMUSG00000089900.2",0.0759528055,0.0600067431,0.593418347,0.557417015,1,"Geno_at_37"
"Gm6505","ENSMUSG00000070522.4",-0.0759231495,1.33720845,-0.642370726,0.52558591,1,"Geno_at_37"
"Selplg","ENSMUSG00000048163.13",-0.0759179951,8.29815953,-1.85927303,0.0735147541,1,"Geno_at_37"
"Gm26789","ENSMUSG00000096991.1",0.0759169433,1.56282903,0.684741585,0.498843654,1,"Geno_at_37"
"Bspry","ENSMUSG00000028392.15",0.0759159024,2.19023252,0.638523241,0.528109479,1,"Geno_at_37"
"Rpl23a","ENSMUSG00000058546.8",0.0759134946,2.11663389,0.836241388,0.409731387,1,"Geno_at_37"
"Snn","ENSMUSG00000037972.7",-0.0758931346,4.74443797,-0.567465569,0.5779622,1,"Geno_at_37"
"Myrf","ENSMUSG00000036098.15",-0.0758846727,-0.134998951,-0.66496218,0.511232028,1,"Geno_at_37"
"Rxra","ENSMUSG00000015846.15",0.0758811256,5.17204014,1.50516617,0.142897722,1,"Geno_at_37"
"Ppl","ENSMUSG00000039457.4",0.0758606543,0.462424816,0.590794581,0.559150612,1,"Geno_at_37"
"A130048G24Rik","ENSMUSG00000102642.1",0.0758473913,-0.466236348,0.708995996,0.483884172,1,"Geno_at_37"
"Ocel1","ENSMUSG00000002396.8",0.0758468309,3.30941271,1.14974077,0.259472218,1,"Geno_at_37"
"Gm6978","ENSMUSG00000118133.1",0.0758328828,1.47922837,0.732442741,0.469669209,1,"Geno_at_37"
"Gm42435","ENSMUSG00000105534.1",0.075814052,-0.160933353,0.561331105,0.578804853,1,"Geno_at_37"
"Abca1","ENSMUSG00000015243.4",-0.0758134536,5.61469483,-1.83681984,0.0763153116,1,"Geno_at_37"
"Dmac1","ENSMUSG00000028398.8",-0.0758089434,4.4669529,-1.45069044,0.157400476,1,"Geno_at_37"
"Cenpo","ENSMUSG00000020652.17",-0.0758032516,4.75540528,-1.69249645,0.10107223,1,"Geno_at_37"
"Klhdc4","ENSMUSG00000040263.16",0.0758016648,6.12405518,1.81008188,0.0804655207,1,"Geno_at_37"
"Sgcb","ENSMUSG00000029156.11",-0.0757698967,4.30186744,-1.41454173,0.167655303,1,"Geno_at_37"
"Gm18362","ENSMUSG00000114177.1",0.0757496146,-0.551753266,0.665118497,0.511133464,1,"Geno_at_37"
"Gm5207","ENSMUSG00000115243.1",0.0757412857,-0.320417379,0.775795572,0.444035397,1,"Geno_at_37"
"Gm45479","ENSMUSG00000109751.1",0.0757336678,-0.351923905,0.672355939,0.506581425,1,"Geno_at_37"
"Gm50410","ENSMUSG00000117745.1",0.0757141825,-0.86161194,0.857730339,0.397945752,1,"Geno_at_37"
"Commd1","ENSMUSG00000051355.18",0.0756918717,4.02102084,1.25658145,0.218749362,1,"Geno_at_37"
"Gm8806","ENSMUSG00000083367.1",0.0756827296,4.88956907,1.40212739,0.171296404,1,"Geno_at_37"
"Gm6475","ENSMUSG00000116838.1",-0.0756808494,2.02437366,-0.906647158,0.371928435,1,"Geno_at_37"
"Banp","ENSMUSG00000025316.16",0.0756782647,4.68406559,0.564607297,0.579844957,1,"Geno_at_37"
"Apom","ENSMUSG00000024391.7",-0.0756781626,0.143734879,-0.636068114,0.529628737,1,"Geno_at_37"
"Wdr86","ENSMUSG00000055235.11",-0.0756693817,-0.282740573,-0.543669627,0.590747809,1,"Geno_at_37"
"A930024E05Rik","ENSMUSG00000056735.5",0.0756374317,1.99905452,0.749358369,0.459566236,1,"Geno_at_37"
"Tas1r1","ENSMUSG00000028950.3",0.075618095,-0.701589228,0.802459652,0.428694801,1,"Geno_at_37"
"Mycbp2","ENSMUSG00000033004.16",0.0756147401,7.45655249,2.34327453,0.0260458502,1,"Geno_at_37"
"Rasgef1a","ENSMUSG00000030134.11",-0.0756141084,3.45847277,-1.05353229,0.300636793,1,"Geno_at_37"
"Mir301","ENSMUSG00000065589.1",-0.07560669,-0.0640839243,-0.632260719,0.532079031,1,"Geno_at_37"
"Gm6822","ENSMUSG00000061863.6",0.0755997095,-0.570876974,0.719068074,0.477747923,1,"Geno_at_37"
"Akap6","ENSMUSG00000061603.8",-0.0755952266,-0.411812286,-0.68704745,0.49741042,1,"Geno_at_37"
"Plcg1","ENSMUSG00000016933.17",-0.0755933192,8.13631577,-2.02272678,0.0522337677,1,"Geno_at_37"
"Rab42","ENSMUSG00000089687.2",-0.0755886389,-0.291644448,-0.552574899,0.584711025,1,"Geno_at_37"
"Gm16086","ENSMUSG00000085120.1",-0.0755718072,0.0919262472,-0.514572407,0.610679793,1,"Geno_at_37"
"Casp4","ENSMUSG00000033538.13",0.0755711431,1.90738673,0.67741042,0.503415711,1,"Geno_at_37"
"Lag3","ENSMUSG00000030124.2",-0.0755311176,4.52126957,-0.925679058,0.364040498,1,"Geno_at_37"
"Jph4","ENSMUSG00000022208.12",-0.0755265008,-0.696632446,-0.766148825,0.449665685,1,"Geno_at_37"
"Gm43549","ENSMUSG00000106334.1",0.0754939143,-0.734775434,0.677765808,0.503193539,1,"Geno_at_37"
"Herc2","ENSMUSG00000030451.16",0.0754478416,7.15401045,1.70927597,0.0982970279,1,"Geno_at_37"
"Gm18113","ENSMUSG00000113318.1",-0.0754454309,-0.374670923,-0.662468694,0.512805678,1,"Geno_at_37"
"H2aw","ENSMUSG00000078851.4",-0.0754445485,0.302801677,-0.580944803,0.5656831,1,"Geno_at_37"
"Fam131b","ENSMUSG00000029861.17",-0.0754332005,0.546776741,-0.592843043,0.557796899,1,"Geno_at_37"
"Cox7b","ENSMUSG00000031231.4",-0.0754326429,6.60751845,-1.58729824,0.123702694,1,"Geno_at_37"
"4930568A12Rik","ENSMUSG00000101223.6",-0.0754285215,-0.179642051,-0.638729262,0.52791971,1,"Geno_at_37"
"Gm10155","ENSMUSG00000066180.5",-0.0754187237,-0.165442902,-0.707778365,0.484629028,1,"Geno_at_37"
"Ptges2","ENSMUSG00000026820.5",-0.0754136455,3.83257541,-1.32840555,0.194214015,1,"Geno_at_37"
"Lipe","ENSMUSG00000003123.15",-0.075386845,5.40507376,-1.49576456,0.145320816,1,"Geno_at_37"
"Gpr141","ENSMUSG00000053101.3",-0.0753801993,-0.688951111,-0.74778206,0.460502261,1,"Geno_at_37"
"Zfp125","ENSMUSG00000069755.5",0.0753775145,3.17593211,1.01870398,0.316612879,1,"Geno_at_37"
"Gm12216","ENSMUSG00000081769.9",-0.0753416369,2.04069654,-0.726874376,0.473022994,1,"Geno_at_37"
"Tmem39a","ENSMUSG00000002845.14",0.0753316558,5.08707171,1.90276237,0.0668570409,1,"Geno_at_37"
"Sc5d","ENSMUSG00000032018.14",-0.0753083411,7.67863086,-1.25243612,0.22495106,1,"Geno_at_37"
"Gm30214","ENSMUSG00000104598.1",-0.0753072769,-0.0490235477,-0.564351045,0.576774719,1,"Geno_at_37"
"Pigh","ENSMUSG00000021120.11",0.0753071033,3.60945254,1.15847083,0.255950071,1,"Geno_at_37"
"Armh3","ENSMUSG00000039901.10",0.075306963,3.98933492,1.31912682,0.197258976,1,"Geno_at_37"
"Ebp","ENSMUSG00000031168.14",-0.0752916585,6.01864569,-1.97200076,0.0580349649,1,"Geno_at_37"
"Phxr4","ENSMUSG00000031802.9",-0.0752845159,-0.466518786,-0.699420699,0.489759222,1,"Geno_at_37"
"Mir7-1","ENSMUSG00000065434.1",-0.0752771404,0.918519471,-0.674595503,0.505177389,1,"Geno_at_37"
"Gm14794","ENSMUSG00000081673.1",-0.0752638978,2.46454076,-0.866396704,0.393254044,1,"Geno_at_37"
"Gm37552","ENSMUSG00000102941.1",0.0752605703,-0.583943279,0.742366303,0.463726709,1,"Geno_at_37"
"Mif","ENSMUSG00000033307.7",-0.075258138,8.0545252,-1.60236945,0.121796977,1,"Geno_at_37"
"Gm5391","ENSMUSG00000083912.1",0.0752580887,0.0537274387,0.570221527,0.572838457,1,"Geno_at_37"
"Gm3791","ENSMUSG00000113423.1",-0.0752530634,-0.393150669,-0.600222431,0.552934219,1,"Geno_at_37"
"Yipf3","ENSMUSG00000071074.9",-0.0752452373,6.2107375,-2.11896365,0.0426151206,1,"Geno_at_37"
"L3mbtl2","ENSMUSG00000022394.14",0.0752328889,5.48252879,1.98269862,0.0567666697,1,"Geno_at_37"
"9630013K17Rik","ENSMUSG00000086359.1",-0.0752221306,0.366528412,-0.655338009,0.517320493,1,"Geno_at_37"
"4930540M05Rik","ENSMUSG00000097831.1",0.0752149495,-0.831836353,0.801326024,0.429340346,1,"Geno_at_37"
"Tmem35b","ENSMUSG00000070737.10",-0.0752018962,2.35515057,-0.939110425,0.355288343,1,"Geno_at_37"
"Ttc37","ENSMUSG00000033991.9",0.0751982246,5.75590008,1.85047013,0.0742682208,1,"Geno_at_37"
"Lzts2","ENSMUSG00000035342.14",-0.0751903486,5.29749239,-0.759371176,0.457669244,1,"Geno_at_37"
"Gm13414","ENSMUSG00000087635.3",0.0751777178,3.46937763,1.02485152,0.313751126,1,"Geno_at_37"
"Tradd","ENSMUSG00000031887.13",0.0751712849,4.67638059,1.65473674,0.108563789,1,"Geno_at_37"
"Gm28529","ENSMUSG00000101320.1",0.0751708848,0.762853685,0.613857746,0.544007037,1,"Geno_at_37"
"Gm21885","ENSMUSG00000094091.3",-0.0751693994,0.254065212,-0.574956781,0.569673183,1,"Geno_at_37"
"Dffa","ENSMUSG00000028974.13",-0.0751652325,4.89310372,-1.79659665,0.0826308009,1,"Geno_at_37"
"Gm24371","ENSMUSG00000084611.1",0.0751648143,0.08888664,0.495588437,0.623850943,1,"Geno_at_37"
"Rab26os","ENSMUSG00000093565.1",-0.0751376318,2.75879594,-0.710142682,0.483354975,1,"Geno_at_37"
"Mipol1","ENSMUSG00000047022.18",0.0750949957,1.88135938,0.668815337,0.508805507,1,"Geno_at_37"
"Rasgrp2","ENSMUSG00000032946.16",0.0750855719,3.62085509,0.945798955,0.351922199,1,"Geno_at_37"
"Tdp2","ENSMUSG00000035958.3",0.0750598203,6.22742275,2.04581226,0.0497667859,1,"Geno_at_37"
"Fam241a","ENSMUSG00000050549.8",-0.0750556728,4.96775667,-1.56235163,0.128853693,1,"Geno_at_37"
"Pcdhgb4","ENSMUSG00000103585.1",0.0750239269,-0.602218924,0.651729744,0.519613297,1,"Geno_at_37"
"Hspb6","ENSMUSG00000036854.14",-0.0750141143,2.73101535,-1.05311461,0.300824981,1,"Geno_at_37"
"Gm45250","ENSMUSG00000110317.1",0.0749969774,2.42379067,0.989085889,0.330652282,1,"Geno_at_37"
"Gm43423","ENSMUSG00000105033.1",0.0749906348,-0.664638777,0.796154455,0.432292827,1,"Geno_at_37"
"Dnm3","ENSMUSG00000040265.16",-0.074979052,1.73500146,-0.652084378,0.519387708,1,"Geno_at_37"
"Gm43359","ENSMUSG00000105434.1",0.0749742817,1.31440969,0.488908978,0.628809163,1,"Geno_at_37"
"Faxc","ENSMUSG00000028246.13",0.0749731904,-0.912040051,0.954560306,0.34754509,1,"Geno_at_37"
"Il17re","ENSMUSG00000043088.16",-0.0749710172,-0.376176597,-0.492906479,0.626013263,1,"Geno_at_37"
"Gm6900","ENSMUSG00000093826.1",-0.0749671419,4.29230769,-0.301314946,0.767004524,1,"Geno_at_37"
"Dnajc30","ENSMUSG00000061118.8",0.0749662813,2.95457542,1.14141826,0.26286267,1,"Geno_at_37"
"Txlnb","ENSMUSG00000039891.6",0.0749647973,-0.766690425,0.818977507,0.419356199,1,"Geno_at_37"
"1700017B05Rik","ENSMUSG00000032300.7",-0.0749423813,5.66276951,-1.74030538,0.0922127312,1,"Geno_at_37"
"Pcdhga11","ENSMUSG00000102742.1",0.0749389296,-0.649681529,0.820444841,0.418532745,1,"Geno_at_37"
"Gm37423","ENSMUSG00000104436.1",-0.074935805,0.251492616,-0.596665413,0.555275402,1,"Geno_at_37"
"Srrd","ENSMUSG00000029346.12",0.0749324382,3.00512582,1.04337277,0.305237671,1,"Geno_at_37"
"Spatc1","ENSMUSG00000049653.5",-0.0749118811,0.085583675,-0.470065515,0.641881912,1,"Geno_at_37"
"Lipa","ENSMUSG00000024781.16",-0.0748975077,4.48605819,-1.48945627,0.146965131,1,"Geno_at_37"
"9930111J21Rik2","ENSMUSG00000069892.9",-0.0748920241,5.57036462,-0.775810148,0.448265522,1,"Geno_at_37"
"Hsd17b7","ENSMUSG00000026675.12",-0.0748914174,5.95207465,-1.06869398,0.297697073,1,"Geno_at_37"
"Gm4875","ENSMUSG00000082791.3",0.0748850882,2.34168666,0.856365729,0.398687731,1,"Geno_at_37"
"Cd3d","ENSMUSG00000032094.8",-0.0748827056,7.5258169,-2.14382021,0.0404016097,1,"Geno_at_37"
"Ptprr","ENSMUSG00000020151.16",0.07487721,-0.201487595,0.604917098,0.549852061,1,"Geno_at_37"
"Gm48734","ENSMUSG00000113078.1",-0.0748561251,-0.138778465,-0.616932865,0.542004185,1,"Geno_at_37"
"Gm9816","ENSMUSG00000085783.3",0.0748337688,5.77837366,2.32787879,0.0269618216,1,"Geno_at_37"
"Micall2","ENSMUSG00000036718.17",-0.0748196285,0.837811831,-0.632836679,0.531707978,1,"Geno_at_37"
"Ccr8","ENSMUSG00000042262.5",-0.0748022322,7.54786499,-0.907600953,0.376814825,1,"Geno_at_37"
"Cldn20","ENSMUSG00000091530.2",0.0748004401,-0.552057106,0.719124954,0.477713397,1,"Geno_at_37"
"Dynlt1c","ENSMUSG00000000579.14",-0.0747977472,0.960322684,-0.697412423,0.490996529,1,"Geno_at_37"
"Gm26403","ENSMUSG00000089125.1",-0.0747976014,0.0578375835,-0.534927206,0.596703373,1,"Geno_at_37"
"Gm27415","ENSMUSG00000098403.1",0.0747975297,-0.54831873,0.600321671,0.552868974,1,"Geno_at_37"
"Mir1198","ENSMUSG00000080645.1",0.0747949894,-0.304576792,0.640601293,0.526719239,1,"Geno_at_37"
"5430403G16Rik","ENSMUSG00000072763.2",0.0747889846,1.8882884,0.826793802,0.414981313,1,"Geno_at_37"
"Agfg2","ENSMUSG00000029722.15",-0.0747767176,4.56174447,-1.54630663,0.132675572,1,"Geno_at_37"
"Adap2","ENSMUSG00000020709.15",-0.0747626171,-0.674562872,-0.782395265,0.440208002,1,"Geno_at_37"
"Elp5","ENSMUSG00000018565.17",-0.0747568228,5.84020319,-1.92422116,0.0640061072,1,"Geno_at_37"
"Gm43588","ENSMUSG00000107370.1",-0.0747493949,-0.256672524,-0.550883199,0.585855486,1,"Geno_at_37"
"Gm45854","ENSMUSG00000110598.1",0.0747493896,1.91728355,0.7210471,0.476547514,1,"Geno_at_37"
"Usp49","ENSMUSG00000090115.7",0.0747329421,4.70439608,1.52173596,0.138706597,1,"Geno_at_37"
"Slc38a9","ENSMUSG00000047789.5",-0.0747196798,4.94166185,-1.17123925,0.251559239,1,"Geno_at_37"
"Myo19","ENSMUSG00000020527.14",-0.0747147671,4.60503325,-1.22844062,0.228977049,1,"Geno_at_37"
"Cep95","ENSMUSG00000018372.13",-0.0747113436,4.87931175,-1.71304761,0.097180039,1,"Geno_at_37"
"Il7r","ENSMUSG00000003882.5",0.0747101859,3.51058832,0.72122112,0.477763992,1,"Geno_at_37"
"Gm5526","ENSMUSG00000084817.3",-0.0747062754,5.18098267,-1.45520364,0.156155987,1,"Geno_at_37"
"Gm38056","ENSMUSG00000102145.1",0.0746953029,0.39206517,0.427216021,0.672662139,1,"Geno_at_37"
"Amt","ENSMUSG00000032607.12",0.0746940323,1.38134977,0.611162087,0.545765921,1,"Geno_at_37"
"Kremen1","ENSMUSG00000020393.16",-0.0746728223,5.16598353,-1.22622807,0.230535063,1,"Geno_at_37"
"Mfsd11","ENSMUSG00000020818.16",0.0746527767,3.97523115,1.46854379,0.152523355,1,"Geno_at_37"
"Gm23184","ENSMUSG00000084543.1",-0.0746504951,-0.329977925,-0.682627245,0.50015987,1,"Geno_at_37"
"Mpzl2","ENSMUSG00000032092.5",0.074634734,0.548861601,0.583720592,0.563838269,1,"Geno_at_37"
"Gm30531","ENSMUSG00000117013.1",0.0746250542,1.72969024,0.698654292,0.4902312,1,"Geno_at_37"
"Sgtb","ENSMUSG00000042743.13",0.0746241454,0.360984447,0.557485091,0.581395408,1,"Geno_at_37"
"Mir669n","ENSMUSG00000089261.1",-0.0746218548,-0.675265298,-0.684471191,0.499011872,1,"Geno_at_37"
"Islr2","ENSMUSG00000051243.14",0.0746035832,-0.772331053,0.757115747,0.454976197,1,"Geno_at_37"
"4833408A19Rik","ENSMUSG00000118132.1",-0.0745983301,-0.461074105,-0.683016266,0.499917552,1,"Geno_at_37"
"Gm47258","ENSMUSG00000114016.1",-0.0745948832,0.370720338,-0.612659835,0.544788293,1,"Geno_at_37"
"3110053B16Rik","ENSMUSG00000085642.8",0.0745834363,1.89881493e-05,0.533498526,0.597679353,1,"Geno_at_37"
"Tinf2","ENSMUSG00000007589.9",0.0745813292,5.37329003,1.96162456,0.0592887011,1,"Geno_at_37"
"Gm38109","ENSMUSG00000103075.1",-0.0745555752,-0.598601597,-0.610605141,0.546129691,1,"Geno_at_37"
"Gm18537","ENSMUSG00000108484.1",0.0745531248,2.26283947,0.804767705,0.427382315,1,"Geno_at_37"
"Sult6b1","ENSMUSG00000038045.14",0.0745509316,0.620999781,0.590514791,0.55933564,1,"Geno_at_37"
"1500015A07Rik","ENSMUSG00000098702.1",-0.0745402669,2.35207708,-0.794847756,0.433040782,1,"Geno_at_37"
"Lyl1","ENSMUSG00000034041.5",-0.0745343183,1.1021724,-0.589241336,0.560178181,1,"Geno_at_37"
"Hcfc1r1","ENSMUSG00000023904.10",-0.0745313059,3.72503936,-1.22486369,0.230302314,1,"Geno_at_37"
"Neurl2","ENSMUSG00000039873.4",-0.0745196244,-0.0488537799,-0.602564601,0.551395417,1,"Geno_at_37"
"Gm7511","ENSMUSG00000113137.1",0.0745168945,1.61905847,0.767061848,0.449130985,1,"Geno_at_37"
"Gm7436","ENSMUSG00000101464.1",-0.0745094954,-0.228568323,-0.549374933,0.586876773,1,"Geno_at_37"
"C130026I21Rik","ENSMUSG00000052477.15",-0.0744963889,1.02956354,-0.665512101,0.510885328,1,"Geno_at_37"
"Aqp10-ps","ENSMUSG00000105082.2",0.0744828536,-0.15405032,0.623752472,0.537576356,1,"Geno_at_37"
"P2ry2","ENSMUSG00000032860.5",-0.0744688366,0.405371695,-0.450476256,0.655831934,1,"Geno_at_37"
"Gm2065","ENSMUSG00000102882.1",0.0744532193,-0.823482254,0.805689898,0.426858594,1,"Geno_at_37"
"Gm26359","ENSMUSG00000089498.1",0.0744400644,-0.319995488,0.621695082,0.538910162,1,"Geno_at_37"
"Casr","ENSMUSG00000051980.13",-0.0744373776,-0.761114419,-0.664022614,0.511824681,1,"Geno_at_37"
"Gm37592","ENSMUSG00000104231.1",-0.0744282624,0.959114166,-0.652406172,0.519183054,1,"Geno_at_37"
"Itgb5","ENSMUSG00000022817.15",-0.074424497,3.09312912,-1.08630558,0.286127159,1,"Geno_at_37"
"Col9a3","ENSMUSG00000027570.15",-0.0744136272,0.734616079,-0.514277245,0.610883582,1,"Geno_at_37"
"Pex7","ENSMUSG00000020003.16",-0.074402788,4.14186552,-1.62095516,0.115652167,1,"Geno_at_37"
"Gm5617","ENSMUSG00000042293.8",0.0744002984,1.60675903,0.658079718,0.515582015,1,"Geno_at_37"
"Dtl","ENSMUSG00000037474.13",0.0743968518,7.25253128,1.42375303,0.167659602,1,"Geno_at_37"
"Gsdmd","ENSMUSG00000022575.5",-0.0743964028,4.79048937,-1.4106012,0.168804375,1,"Geno_at_37"
"Gm4705","ENSMUSG00000093686.1",0.0743680847,-0.577742265,0.735817978,0.467643072,1,"Geno_at_37"
"Gm7367","ENSMUSG00000047370.5",-0.0743613937,4.46270194,-1.35767967,0.184844789,1,"Geno_at_37"
"Mfsd2b","ENSMUSG00000037336.14",-0.0743402913,1.60317686,-0.675350121,0.504704787,1,"Geno_at_37"
"Shkbp1","ENSMUSG00000089832.8",-0.0743361662,4.71467732,-1.51999263,0.139142813,1,"Geno_at_37"
"A430103D13Rik","ENSMUSG00000112096.1",0.0743355798,1.5768567,0.629968063,0.533557404,1,"Geno_at_37"
"Zscan30","ENSMUSG00000024274.10",-0.0743329803,2.19318874,-0.813758819,0.422292986,1,"Geno_at_37"
"Ermard","ENSMUSG00000036552.19",-0.074325422,3.49151536,-1.34130062,0.190042684,1,"Geno_at_37"
"Gm16380","ENSMUSG00000059830.3",0.0743140842,-0.289453408,0.723674451,0.47495654,1,"Geno_at_37"
"Fem1b","ENSMUSG00000032244.9",0.0743106069,6.71642755,2.22648722,0.033759207,1,"Geno_at_37"
"Ptpn18","ENSMUSG00000026126.15",-0.0742981064,3.83808171,-1.31660227,0.198093774,1,"Geno_at_37"
"Srxn1","ENSMUSG00000032802.8",0.0742942195,3.43341401,0.663455758,0.51376442,1,"Geno_at_37"
"Gm15927","ENSMUSG00000085039.2",0.0742920991,0.711830101,0.541894616,0.591954664,1,"Geno_at_37"
"Nr2c2ap","ENSMUSG00000071078.6",-0.0742747233,1.39420259,-0.674656506,0.505139175,1,"Geno_at_37"
"Cyp11a1","ENSMUSG00000032323.13",-0.0742502523,5.29446265,-0.634002676,0.534669368,1,"Geno_at_37"
"Gm14834","ENSMUSG00000082630.1",-0.0742396142,-0.174533912,-0.611993998,0.545222793,1,"Geno_at_37"
"A430005L14Rik","ENSMUSG00000047613.10",-0.0742305126,4.36662516,-1.31060352,0.200088285,1,"Geno_at_37"
"Arid3a","ENSMUSG00000019564.12",0.0742291001,5.21147396,0.894693672,0.381676495,1,"Geno_at_37"
"Bak1","ENSMUSG00000057789.14",-0.0742237693,5.55637341,-2.12869277,0.0417361967,1,"Geno_at_37"
"Gm5470","ENSMUSG00000116215.1",-0.0742081168,1.71301937,-0.806626557,0.426327061,1,"Geno_at_37"
"Itgb1bp2","ENSMUSG00000031312.5",0.074205589,1.2099962,0.623371719,0.537823067,1,"Geno_at_37"
"A230005M16Rik","ENSMUSG00000087612.1",0.0741896201,-0.401249138,0.685770909,0.498203582,1,"Geno_at_37"
"Tgfb1i1","ENSMUSG00000030782.17",-0.0741792459,1.14933375,-0.512243466,0.612288631,1,"Geno_at_37"
"Ada","ENSMUSG00000017697.3",0.0741745198,2.09386427,0.706167795,0.485615258,1,"Geno_at_37"
"Stat4","ENSMUSG00000062939.11",-0.074155011,2.18094256,-0.618685197,0.540948262,1,"Geno_at_37"
"Poc5","ENSMUSG00000021671.9",-0.0741450543,5.01578428,-1.49225943,0.146232625,1,"Geno_at_37"
"Olfr99","ENSMUSG00000061972.3",-0.0741410147,-0.0927884152,-0.564761715,0.576498923,1,"Geno_at_37"
"Nucb2","ENSMUSG00000030659.14",-0.0741317131,5.8409092,-1.71653753,0.0965317521,1,"Geno_at_37"
"Map7","ENSMUSG00000019996.17",0.0741295151,5.47700372,1.31510663,0.199209357,1,"Geno_at_37"
"Lrp10","ENSMUSG00000022175.9",-0.0741262993,7.59312494,-2.18036421,0.0373333004,1,"Geno_at_37"
"Tmeff2","ENSMUSG00000026109.14",-0.074114336,3.85650591,-0.982622856,0.333771345,1,"Geno_at_37"
"Gm8451","ENSMUSG00000099471.1",-0.0741104137,2.17805717,-0.874905121,0.388682266,1,"Geno_at_37"
"Slc46a1","ENSMUSG00000020829.9",-0.0740808781,2.70685943,-0.754754015,0.456370752,1,"Geno_at_37"
"Hspe1-ps5","ENSMUSG00000084213.1",-0.0740800217,-0.377833647,-0.537811485,0.594735352,1,"Geno_at_37"
"Dram1","ENSMUSG00000020057.2",-0.074075044,2.33277388,-0.706896457,0.485168922,1,"Geno_at_37"
"A630076J17Rik","ENSMUSG00000094613.2",-0.0740576205,0.782223341,-0.730564447,0.470798945,1,"Geno_at_37"
"Gm5551","ENSMUSG00000106390.1",-0.0740411162,1.13927251,-0.661803554,0.513225899,1,"Geno_at_37"
"Il23r","ENSMUSG00000049093.9",0.0740396564,-0.750065036,0.717969773,0.478414864,1,"Geno_at_37"
"Katna1","ENSMUSG00000019794.13",-0.0740375813,5.7829404,-2.03302263,0.0511205364,1,"Geno_at_37"
"Rnu73b","ENSMUSG00000064390.1",0.0740351412,2.02214661,0.723363513,0.475144666,1,"Geno_at_37"
"Tmem238","ENSMUSG00000030431.8",0.0740195687,2.74850735,0.788972048,0.436413755,1,"Geno_at_37"
"5830448L01Rik","ENSMUSG00000115007.1",-0.0740133426,1.00077188,-0.628378867,0.534583445,1,"Geno_at_37"
"Gm17638","ENSMUSG00000097057.1",-0.0739945335,1.10787401,-0.628476969,0.534520076,1,"Geno_at_37"
"Tead3","ENSMUSG00000002249.21",0.0739840143,2.30905298,0.794912483,0.433003714,1,"Geno_at_37"
"Gm8099","ENSMUSG00000105787.1",0.0739709377,0.493688376,0.562319705,0.578139885,1,"Geno_at_37"
"Ighj4","ENSMUSG00000076618.1",0.0739543633,-0.670824696,0.617898045,0.541376353,1,"Geno_at_37"
"C2cd2l","ENSMUSG00000032120.11",-0.0739398248,4.96652097,-1.38137737,0.177520951,1,"Geno_at_37"
"Vps37d","ENSMUSG00000043614.13",0.0739329905,-0.409368133,0.608682999,0.547386109,1,"Geno_at_37"
"D230025D16Rik","ENSMUSG00000031889.9",-0.0739291362,5.08511949,-1.63591295,0.112467696,1,"Geno_at_37"
"mt-Cytb","ENSMUSG00000064370.1",-0.0739215655,11.7426009,-1.87897458,0.0731081372,1,"Geno_at_37"
"Zbed4","ENSMUSG00000034333.15",0.0739192661,4.88469044,1.60762112,0.118553429,1,"Geno_at_37"
"Dnajc1","ENSMUSG00000026740.12",0.0739130618,5.86605856,2.08557398,0.0457578901,1,"Geno_at_37"
"Tmod1","ENSMUSG00000028328.13",0.0738336909,0.537250937,0.607875256,0.547914543,1,"Geno_at_37"
"Aebp1","ENSMUSG00000020473.13",0.0738239697,1.24679363,0.611932795,0.545262741,1,"Geno_at_37"
"Prr14","ENSMUSG00000030822.15",-0.0738149943,5.90780268,-2.03318027,0.0511036554,1,"Geno_at_37"
"Gm36981","ENSMUSG00000103261.1",0.0738130265,-0.262588182,0.657860722,0.51572076,1,"Geno_at_37"
"Klra4","ENSMUSG00000079852.4",0.0738122829,-0.932323923,1.0251599,0.313608046,1,"Geno_at_37"
"Tmem255a","ENSMUSG00000036502.14",0.0738089234,-0.76146888,0.677370665,0.503440567,1,"Geno_at_37"
"Plekhg1","ENSMUSG00000040624.18",-0.073808812,-0.70365465,-0.82790201,0.414363337,1,"Geno_at_37"
"Polr2h","ENSMUSG00000021018.8",-0.073807301,4.47163234,-1.52015278,0.139102693,1,"Geno_at_37"
"Gm37195","ENSMUSG00000103611.1",0.0737943315,-0.545928172,0.607681798,0.548041144,1,"Geno_at_37"
"Tbcc","ENSMUSG00000036430.8",0.0737877511,3.75765926,1.17648373,0.248793405,1,"Geno_at_37"
"Gm49662","ENSMUSG00000116961.1",0.0737794015,-0.87955199,0.904814635,0.372882681,1,"Geno_at_37"
"A330023F24Rik","ENSMUSG00000096929.7",-0.0737773109,0.670726668,-0.614355895,0.543682326,1,"Geno_at_37"
"Gm19325","ENSMUSG00000101365.1",0.0737698805,0.0538064356,0.520452148,0.606626852,1,"Geno_at_37"
"Arhgef9","ENSMUSG00000025656.17",0.0737463474,3.18399241,0.92299198,0.363487756,1,"Geno_at_37"
"Slc6a8","ENSMUSG00000019558.14",-0.073718369,2.54657774,-0.994764047,0.327928413,1,"Geno_at_37"
"Cd276","ENSMUSG00000035914.11",0.0737175529,-0.565314068,0.736474153,0.467249766,1,"Geno_at_37"
"Kptn","ENSMUSG00000006021.5",-0.0737040542,3.52315183,-1.03082714,0.310986602,1,"Geno_at_37"
"Guf1","ENSMUSG00000029208.16",0.0737019719,5.26167895,1.67664138,0.104163506,1,"Geno_at_37"
"Gm48985","ENSMUSG00000115223.1",-0.0736891858,-0.144934954,-0.569939373,0.57302734,1,"Geno_at_37"
"Hook3","ENSMUSG00000037234.17",0.0736818057,6.22569924,1.8673741,0.0717987203,1,"Geno_at_37"
"Ccl25","ENSMUSG00000023235.14",0.0736709917,3.53553866,1.08558275,0.28644172,1,"Geno_at_37"
"Gm20535","ENSMUSG00000092373.1",-0.0736628663,-0.458117309,-0.609517049,0.546840743,1,"Geno_at_37"
"Ms4a6d","ENSMUSG00000024679.10",0.0736617435,-0.52800887,0.64290979,0.525240898,1,"Geno_at_37"
"Rubcn","ENSMUSG00000035629.19",0.0736610168,5.18678926,1.73365727,0.0934040578,1,"Geno_at_37"
"Batf","ENSMUSG00000034266.6",-0.0736602808,4.09682701,-1.19222047,0.242662419,1,"Geno_at_37"
"Gm15452","ENSMUSG00000084353.1",-0.073659393,3.74866746,-1.11254318,0.274874874,1,"Geno_at_37"
"Ank1","ENSMUSG00000031543.18",-0.0736517705,-0.0981020077,-0.575657082,0.569205813,1,"Geno_at_37"
"Rnf217","ENSMUSG00000063760.9",0.073639093,-0.885724137,0.803330161,0.428199493,1,"Geno_at_37"
"Ndel1","ENSMUSG00000018736.14",-0.0736279955,6.02079039,-1.73764031,0.0926887573,1,"Geno_at_37"
"Rundc3b","ENSMUSG00000040570.14",0.0736240214,2.44128689,0.838333182,0.408574637,1,"Geno_at_37"
"Gm4984","ENSMUSG00000079871.4",0.0736231365,-0.258081159,0.602039575,0.551740166,1,"Geno_at_37"
"Arsa","ENSMUSG00000022620.14",-0.073621649,3.61491447,-1.15165159,0.258698292,1,"Geno_at_37"
"Gm50189","ENSMUSG00000118104.1",0.0736102445,-0.504977925,0.66916282,0.508586993,1,"Geno_at_37"
"Cpne2","ENSMUSG00000034361.10",0.0735931902,2.7616102,0.742752618,0.463496266,1,"Geno_at_37"
"Rab40c","ENSMUSG00000025730.14",-0.073590044,4.32282302,-1.49323287,0.145978938,1,"Geno_at_37"
"Efnb1","ENSMUSG00000031217.8",0.0735779288,1.81335599,0.651287759,0.519894527,1,"Geno_at_37"
"Gm29237","ENSMUSG00000101872.1",-0.0735777138,0.97554903,-0.559681955,0.579914971,1,"Geno_at_37"
"Gm39041","ENSMUSG00000108460.1",-0.0735596126,-0.110742399,-0.559031625,0.580353026,1,"Geno_at_37"
"Sacs","ENSMUSG00000048279.19",0.0735575133,7.63311311,2.36840516,0.0246112858,1,"Geno_at_37"
"Hcn1","ENSMUSG00000021730.8",-0.0735550053,0.32010644,-0.474613621,0.638551651,1,"Geno_at_37"
"Bcas3os1","ENSMUSG00000086199.7",0.0735463223,-0.359925356,0.549822638,0.586573529,1,"Geno_at_37"
"Ckmt1","ENSMUSG00000000308.14",0.0735070549,0.0455840466,0.699531622,0.489690934,1,"Geno_at_37"
"C3","ENSMUSG00000024164.15",-0.073504578,3.65074346,-0.845374727,0.405095678,1,"Geno_at_37"
"Gm43650","ENSMUSG00000105418.1",0.0735045176,-0.685678014,0.757449997,0.454779033,1,"Geno_at_37"
"Trbc2","ENSMUSG00000076498.2",-0.0735015781,7.97523197,-2.37532005,0.024229375,1,"Geno_at_37"
"Tlr1","ENSMUSG00000044827.10",-0.0734958287,5.68650497,-1.10898513,0.279178997,1,"Geno_at_37"
"C230035I16Rik","ENSMUSG00000085024.1",-0.0734650231,1.66270914,-0.326360218,0.747903821,1,"Geno_at_37"
"Bnip5","ENSMUSG00000048905.5",0.0734620091,0.80633695,0.662456549,0.512813349,1,"Geno_at_37"
"Gm44226","ENSMUSG00000108298.1",-0.0734586475,1.08728859,-0.535360049,0.596407834,1,"Geno_at_37"
"Samd4","ENSMUSG00000021838.17",-0.0734417878,1.78789096,-0.607023825,0.548471845,1,"Geno_at_37"
"mt-Nd1","ENSMUSG00000064341.1",-0.0733908247,11.1136581,-2.23794648,0.0331137633,1,"Geno_at_37"
"Nelfa","ENSMUSG00000029111.7",-0.0733783431,5.83789174,-1.95235929,0.0604281064,1,"Geno_at_37"
"Gm44041","ENSMUSG00000107604.1",0.0733336456,0.0418745783,0.648122185,0.521911152,1,"Geno_at_37"
"Rpl31-ps6","ENSMUSG00000082532.1",0.0733289923,-0.649710809,0.749489417,0.45948847,1,"Geno_at_37"
"Eif2ak3","ENSMUSG00000031668.14",-0.0733274581,5.88260018,-1.3768039,0.179708632,1,"Geno_at_37"
"Gm7162","ENSMUSG00000089817.1",-0.0733194454,1.92934129,-0.731879684,0.470007704,1,"Geno_at_37"
"Gm43310","ENSMUSG00000105111.1",-0.0733157157,-0.568216759,-0.705294833,0.486150293,1,"Geno_at_37"
"Cstdc4","ENSMUSG00000079597.2",0.0733127932,-0.384372672,0.542323725,0.591662797,1,"Geno_at_37"
"Gm10729","ENSMUSG00000074603.3",-0.0733069762,-0.547782732,-0.669964002,0.508083367,1,"Geno_at_37"
"Prr36","ENSMUSG00000064125.14",0.0733050979,0.556544294,0.57030413,0.572783166,1,"Geno_at_37"
"Auts2","ENSMUSG00000029673.17",-0.073292249,0.0323289635,-0.67983621,0.501900303,1,"Geno_at_37"
"Zfp119b","ENSMUSG00000062101.12",0.0732799537,3.07068095,0.909958379,0.370208231,1,"Geno_at_37"
"Ankrd6","ENSMUSG00000040183.13",0.0732336432,2.36845131,0.835872395,0.409935651,1,"Geno_at_37"
"Psd","ENSMUSG00000037126.16",0.0732229613,5.72792947,0.804900156,0.431594778,1,"Geno_at_37"
"Tmem262","ENSMUSG00000047733.10",0.0732228684,-0.650077867,0.752673895,0.457601112,1,"Geno_at_37"
"Accs","ENSMUSG00000040272.14",-0.073175668,4.26373953,-0.950722452,0.35018892,1,"Geno_at_37"
"Gm4332","ENSMUSG00000106037.1",-0.073156934,8.35751821,-2.0690663,0.0473861978,1,"Geno_at_37"
"Gm42430","ENSMUSG00000106530.2",-0.0731403869,-0.488699988,-0.79214911,0.434587977,1,"Geno_at_37"
"Ccnd2","ENSMUSG00000000184.12",0.0731269308,9.59100845,1.28242389,0.215371219,1,"Geno_at_37"
"Gcc1","ENSMUSG00000029708.9",0.0730814997,4.86778906,1.72251436,0.0954299474,1,"Geno_at_37"
"Gm14388","ENSMUSG00000084230.1",-0.0730653057,3.93823482,-1.42099433,0.165787051,1,"Geno_at_37"
"Snx8","ENSMUSG00000029560.12",-0.0730501829,3.35060576,-0.89255955,0.379305177,1,"Geno_at_37"
"St6galnac6","ENSMUSG00000026811.18",-0.073031182,5.26802717,-1.58787546,0.122959702,1,"Geno_at_37"
"Gm45425","ENSMUSG00000109731.1",-0.0729983546,-0.800799056,-0.811882604,0.423351905,1,"Geno_at_37"
"Gm47648","ENSMUSG00000113995.1",0.0729931941,-0.142101467,0.470863909,0.64136957,1,"Geno_at_37"
"Lmtk2","ENSMUSG00000038970.7",0.0729925051,5.90138991,1.71424237,0.0969576903,1,"Geno_at_37"
"Ccdc142os","ENSMUSG00000087578.1",0.0729665167,0.281880473,0.470337046,0.641567679,1,"Geno_at_37"
"Phyh","ENSMUSG00000026664.7",-0.0729620985,3.99986714,-1.26247212,0.21665274,1,"Geno_at_37"
"B230206L02Rik","ENSMUSG00000086003.7",-0.0729563804,-0.801206217,-0.778317974,0.442570214,1,"Geno_at_37"
"Smyd3","ENSMUSG00000055067.15",-0.0729470328,6.23696217,-0.985272443,0.336912517,1,"Geno_at_37"
"Gm43737","ENSMUSG00000105692.1",-0.072904982,2.98318308,-0.94362362,0.353014645,1,"Geno_at_37"
"Ppt1","ENSMUSG00000028657.14",-0.0729014504,6.39720331,-1.56238347,0.129025023,1,"Geno_at_37"
"Fastkd3","ENSMUSG00000021532.11",0.0728985204,4.98784661,1.6731472,0.104855284,1,"Geno_at_37"
"Gm37568","ENSMUSG00000102554.1",0.0728663086,-0.201873835,0.669148498,0.508595998,1,"Geno_at_37"
"Oprd1","ENSMUSG00000050511.1",0.0728564809,-0.872342861,0.85297237,0.400536593,1,"Geno_at_37"
"Nod2","ENSMUSG00000055994.15",0.0728475307,0.0496655251,0.621125089,0.539279997,1,"Geno_at_37"
"L3mbtl1","ENSMUSG00000035576.13",0.0728377742,-0.617508105,0.626440805,0.535836141,1,"Geno_at_37"
"Gm8989","ENSMUSG00000095457.3",0.0728263085,-0.211478558,0.503552683,0.618309569,1,"Geno_at_37"
"Zbtb42","ENSMUSG00000037638.5",0.0728102428,2.83023429,0.870901694,0.390829151,1,"Geno_at_37"
"Cap2","ENSMUSG00000021373.16",-0.0728071716,-0.675377017,-0.750845481,0.458684205,1,"Geno_at_37"
"C130083M11Rik","ENSMUSG00000106464.1",-0.0728035561,1.58845662,-0.759433383,0.453610136,1,"Geno_at_37"
"Tvp23b","ENSMUSG00000014177.10",0.0727706669,4.7771566,1.52681476,0.137442087,1,"Geno_at_37"
"Gm9574","ENSMUSG00000073980.5",0.0727577781,-0.114299241,0.605757153,0.549301486,1,"Geno_at_37"
"Tspan32os","ENSMUSG00000052281.14",-0.0727445733,1.56468716,-0.747879146,0.460444578,1,"Geno_at_37"
"Fbrs","ENSMUSG00000042423.9",-0.0727336812,7.28234337,-1.8629197,0.0724425052,1,"Geno_at_37"
"Ing4","ENSMUSG00000030330.15",-0.0727033279,2.82792568,-0.765353146,0.450131973,1,"Geno_at_37"
"Gm4987","ENSMUSG00000063816.3",-0.0726863339,-0.403235293,-0.749406856,0.459537462,1,"Geno_at_37"
"Gm11295","ENSMUSG00000084038.2",0.0726424272,-0.378260982,0.521513488,0.605896612,1,"Geno_at_37"
"Adgre1","ENSMUSG00000004730.15",-0.0726046173,-0.64022064,-0.649458175,0.521059546,1,"Geno_at_37"
"Bin3","ENSMUSG00000022089.9",-0.0725854047,5.4327295,-1.8774733,0.070357328,1,"Geno_at_37"
"Ly6a","ENSMUSG00000075602.10",0.0725778647,4.37528863,0.407719766,0.688783721,1,"Geno_at_37"
"Zfp524","ENSMUSG00000051184.7",-0.0725713989,2.26275767,-0.810954427,0.423876363,1,"Geno_at_37"
"Gm37738","ENSMUSG00000104503.1",0.0725519428,1.37291518,0.599863893,0.553169973,1,"Geno_at_37"
"Rnf167","ENSMUSG00000040746.15",-0.0725479136,5.70597147,-1.98521918,0.0564713954,1,"Geno_at_37"
"Zfp9","ENSMUSG00000072623.6",-0.0725455807,-0.373133387,-0.578015959,0.567632954,1,"Geno_at_37"
"Rmc1","ENSMUSG00000024410.15",-0.0725147587,5.55862325,-1.81776371,0.0792538675,1,"Geno_at_37"
"Gm4948","ENSMUSG00000117257.1",0.0725069092,4.58581113,1.42797822,0.163783565,1,"Geno_at_37"
"Rps23","ENSMUSG00000049517.8",-0.0725026318,4.56372422,-1.61997485,0.11586345,1,"Geno_at_37"
"Tnnt3","ENSMUSG00000061723.18",-0.0725017496,1.01566741,-0.532373119,0.598448693,1,"Geno_at_37"
"Rps12-ps9","ENSMUSG00000069862.6",-0.0724870759,0.780231895,-0.593523871,0.55734735,1,"Geno_at_37"
"Mast1","ENSMUSG00000053693.16",0.0724812306,1.11141105,0.665798674,0.510704707,1,"Geno_at_37"
"Wbp1","ENSMUSG00000030035.14",-0.0724646337,4.13173665,-1.1509066,0.258999831,1,"Geno_at_37"
"Alox5","ENSMUSG00000025701.12",-0.0724619518,-0.868831835,-0.888270164,0.381569914,1,"Geno_at_37"
"Tnfaip8l1","ENSMUSG00000044469.8",-0.072458543,4.16723007,-1.17586672,0.24903609,1,"Geno_at_37"
"Myl6","ENSMUSG00000090841.2",-0.0724540343,6.76330914,-1.87588837,0.0705818709,1,"Geno_at_37"
"Lrrc3b","ENSMUSG00000045201.6",-0.0724539538,-0.940457804,-0.984632642,0.33279929,1,"Geno_at_37"
"Gm5457","ENSMUSG00000021741.4",0.0724413087,1.61388665,0.68140744,0.500920102,1,"Geno_at_37"
"Gm27010","ENSMUSG00000098183.1",0.0724110262,2.13587196,0.726209434,0.473424408,1,"Geno_at_37"
"Glrx2","ENSMUSG00000018196.18",0.0723929719,4.81747073,1.61182966,0.117631308,1,"Geno_at_37"
"Rps2-ps9","ENSMUSG00000080731.2",0.0723766978,-0.108166691,0.654345616,0.517950541,1,"Geno_at_37"
"Ppp1r35","ENSMUSG00000029725.10",0.0723656374,3.95904565,1.12058726,0.271489529,1,"Geno_at_37"
"Slc9a9","ENSMUSG00000031129.9",-0.0723570386,1.83581201,-0.71603148,0.479593194,1,"Geno_at_37"
"Gpr62","ENSMUSG00000091735.2",0.0723514257,-0.717292576,0.79546645,0.432686543,1,"Geno_at_37"
"Mboat2","ENSMUSG00000020646.17",0.0723205752,1.51127783,0.442714657,0.661870366,1,"Geno_at_37"
"H2-DMb1","ENSMUSG00000079547.4",-0.0723121495,0.300284773,-0.562076461,0.578303465,1,"Geno_at_37"
"Ptms","ENSMUSG00000030122.12",-0.0723097889,6.90392815,-1.12151071,0.275461031,1,"Geno_at_37"
"5530601H04Rik","ENSMUSG00000087174.7",-0.0722989221,4.4154923,-1.26724331,0.214965739,1,"Geno_at_37"
"Car11","ENSMUSG00000003273.14",-0.0722862346,2.41177058,-0.578261889,0.567985878,1,"Geno_at_37"
"Tspo","ENSMUSG00000041736.7",-0.072285898,5.96371876,-1.53754815,0.134800456,1,"Geno_at_37"
"BC004004","ENSMUSG00000052712.17",-0.0722801186,5.6061286,-1.8440105,0.0752309983,1,"Geno_at_37"
"Gm11956","ENSMUSG00000084012.1",-0.0722712919,-0.476628187,-0.586996747,0.561664815,1,"Geno_at_37"
"Arhgef11","ENSMUSG00000041977.18",0.0722548998,5.34554761,1.41697833,0.166947878,1,"Geno_at_37"
"Wdr27","ENSMUSG00000046991.12",-0.0722261019,-0.327444127,-0.682106484,0.500484351,1,"Geno_at_37"
"Gm5828","ENSMUSG00000091020.3",0.0722187253,0.830542155,0.647035243,0.522604562,1,"Geno_at_37"
"Pla1a","ENSMUSG00000002847.7",0.0722152621,2.13216761,0.606279547,0.548972593,1,"Geno_at_37"
"A630072M18Rik","ENSMUSG00000101013.1",-0.0722033158,-0.530902647,-0.69337167,0.493491395,1,"Geno_at_37"
"Fermt3","ENSMUSG00000024965.9",-0.0721877216,7.83331328,-2.34616332,0.0258771642,1,"Geno_at_37"
"Lrp2bp","ENSMUSG00000031637.13",0.0721718882,1.27335199,0.673308371,0.505984059,1,"Geno_at_37"
"Gm10221","ENSMUSG00000067719.5",-0.0721637658,5.23272825,-1.56870909,0.127364443,1,"Geno_at_37"
"Grhl2","ENSMUSG00000022286.16",-0.0721583943,0.0563721637,-0.465145649,0.645277193,1,"Geno_at_37"
"Ap1s2","ENSMUSG00000031367.15",-0.0721395082,6.90744259,-1.07856984,0.294073964,1,"Geno_at_37"
"Gm15789","ENSMUSG00000082057.1",-0.0721187986,-0.39490103,-0.584755842,0.563151007,1,"Geno_at_37"
"Tnfsf4","ENSMUSG00000026700.4",-0.0720878356,3.66375989,-0.899046895,0.375896501,1,"Geno_at_37"
"Ppp1r3g","ENSMUSG00000050423.11",0.0720805709,-0.917510916,0.831029495,0.41262243,1,"Geno_at_37"
"Cd160","ENSMUSG00000038304.14",-0.0720796057,1.6276551,-0.736160346,0.467437835,1,"Geno_at_37"
"Gm24091","ENSMUSG00000093793.1",-0.072076334,0.173566751,-0.5249872,0.603509474,1,"Geno_at_37"
"Snora69","ENSMUSG00000065642.1",0.0720743444,0.394365713,0.576045046,0.568946975,1,"Geno_at_37"
"4933427G23Rik","ENSMUSG00000086697.2",-0.0720598885,-0.484822718,-0.50572035,0.616957795,1,"Geno_at_37"
"Gm37115","ENSMUSG00000103572.1",0.0720416792,-0.103405768,0.494886516,0.624340407,1,"Geno_at_37"
"Tpm3-rs7","ENSMUSG00000058126.7",0.0720266253,8.1570568,2.04547543,0.0498020292,1,"Geno_at_37"
"Ralb","ENSMUSG00000004451.14",0.0720176655,3.56946962,1.10815055,0.276736249,1,"Geno_at_37"
"Acot1","ENSMUSG00000072949.6",-0.0720134714,0.799072288,-0.680923078,0.501222154,1,"Geno_at_37"
"Rasl10a","ENSMUSG00000034209.4",0.0719999736,-0.75561686,0.738240201,0.466192169,1,"Geno_at_37"
"Smg9","ENSMUSG00000002210.11",-0.0719963146,5.22382683,-1.71893094,0.0960892595,1,"Geno_at_37"
"Trgj2","ENSMUSG00000105830.1",0.0719802718,-0.236644944,0.644065776,0.524501453,1,"Geno_at_37"
"Gm10524","ENSMUSG00000097141.2",-0.071954731,1.74952173,-0.736198471,0.467414984,1,"Geno_at_37"
"Stambpl1","ENSMUSG00000024776.18",-0.0719394134,6.09716833,-1.85952928,0.0729358405,1,"Geno_at_37"
"Wdr31","ENSMUSG00000028391.16",0.0719368177,0.68384272,0.579396855,0.566713213,1,"Geno_at_37"
"Cfap157","ENSMUSG00000038987.8",0.071929237,0.824829986,0.606482039,0.548826622,1,"Geno_at_37"
"Gm44045","ENSMUSG00000107461.1",0.0719218709,-0.519789056,0.63169362,0.53244451,1,"Geno_at_37"
"Gm45188","ENSMUSG00000109282.1",-0.0719134514,0.636671007,-0.541401817,0.592289936,1,"Geno_at_37"
"Gm45774","ENSMUSG00000110588.1",0.0719117677,-0.475364323,0.56094055,0.579067658,1,"Geno_at_37"
"9130023H24Rik","ENSMUSG00000062944.4",0.071898876,2.32639883,0.659060373,0.51496097,1,"Geno_at_37"
"Scand1","ENSMUSG00000046229.10",-0.0718916873,4.24075692,-1.25689499,0.21863738,1,"Geno_at_37"
"Bahcc1","ENSMUSG00000039741.15",0.0718894268,-0.73969248,0.69307272,0.493676258,1,"Geno_at_37"
"Sik1","ENSMUSG00000024042.7",0.0718689372,4.31208838,0.649914942,0.523615615,1,"Geno_at_37"
"Rida","ENSMUSG00000022323.11",0.0718609598,3.43824736,0.981154656,0.334482672,1,"Geno_at_37"
"P2rx7","ENSMUSG00000029468.17",-0.0718525222,4.73186227,-1.26628387,0.215304178,1,"Geno_at_37"
"Birc6","ENSMUSG00000024073.16",0.0718459309,8.5257195,2.58107154,0.0150677696,1,"Geno_at_37"
"1110065P20Rik","ENSMUSG00000078570.10",0.0718392134,2.54880061,0.955995137,0.346831742,1,"Geno_at_37"
"Zscan2","ENSMUSG00000038797.13",-0.0718302591,3.05293347,-0.788858292,0.436479213,1,"Geno_at_37"
"Gm43463","ENSMUSG00000106184.1",0.0718259219,-0.436958307,0.652181212,0.519326119,1,"Geno_at_37"
"Milr1","ENSMUSG00000040528.15",-0.0718192133,3.62277189,-1.09221463,0.283564853,1,"Geno_at_37"
"Ctsk","ENSMUSG00000028111.4",-0.0717996244,-0.268893135,-0.611986583,0.545227633,1,"Geno_at_37"
"Gm43747","ENSMUSG00000107165.1",0.071782104,0.763033693,0.509916702,0.613897931,1,"Geno_at_37"
"Rps10-ps4","ENSMUSG00000083988.1",0.0717756618,-0.471034913,0.638705439,0.527934997,1,"Geno_at_37"
"Gramd1c","ENSMUSG00000036292.14",0.0717689777,1.4323465,0.630251953,0.533374225,1,"Geno_at_37"
"Myo1e","ENSMUSG00000032220.10",-0.0717591259,5.97580692,-0.64603203,0.527140741,1,"Geno_at_37"
"Gm30124","ENSMUSG00000116627.1",0.0717404811,-0.544157095,0.667844018,0.509416595,1,"Geno_at_37"
"Unc5b","ENSMUSG00000020099.8",0.0717380232,-0.172411403,0.517592174,0.608596671,1,"Geno_at_37"
"Fbxl4","ENSMUSG00000040410.14",-0.0717314873,2.9127638,-0.967525839,0.341134687,1,"Geno_at_37"
"Eno2","ENSMUSG00000004267.16",-0.0717262545,3.60847359,-1.06625434,0.294944246,1,"Geno_at_37"
"Gm10369","ENSMUSG00000072573.2",0.0717258391,0.0454290121,0.449943786,0.656168375,1,"Geno_at_37"
"Gm6619","ENSMUSG00000095577.2",-0.0717243215,-0.629723342,-0.731117246,0.470466289,1,"Geno_at_37"
"Scd3","ENSMUSG00000025202.8",0.0717183921,-0.579462209,0.653305369,0.518611418,1,"Geno_at_37"
"Soat2","ENSMUSG00000023045.13",-0.0717093829,1.71157307,-0.617087195,0.541903771,1,"Geno_at_37"
"Mrpl4","ENSMUSG00000003299.10",-0.0717087961,5.65891948,-1.85286163,0.0739144732,1,"Geno_at_37"
"Itpkc","ENSMUSG00000003752.9",0.0717055595,3.0750462,0.919142277,0.365464368,1,"Geno_at_37"
"1810012K16Rik","ENSMUSG00000099825.1",-0.0717051773,-0.207445085,-0.601081576,0.552369505,1,"Geno_at_37"
"Cntf","ENSMUSG00000079415.2",0.0717003624,-0.345683766,0.52052543,0.606576418,1,"Geno_at_37"
"Nipsnap1","ENSMUSG00000034285.15",-0.0716903613,4.59616101,-1.53461514,0.135518183,1,"Geno_at_37"
"Gm7054","ENSMUSG00000114217.1",-0.0716867327,1.5333677,-0.649441733,0.521070022,1,"Geno_at_37"
"Zfp683","ENSMUSG00000049410.8",-0.0716812063,-0.400463221,-0.52877058,0.6009146,1,"Geno_at_37"
"Vamp1","ENSMUSG00000030337.16",-0.0716751181,5.02636006,-0.927027571,0.363999233,1,"Geno_at_37"
"Gm17251","ENSMUSG00000090952.2",-0.0716717391,1.22634893,-0.68866767,0.496404736,1,"Geno_at_37"
"Arhgef4","ENSMUSG00000037509.21",-0.071662254,3.10971692,-0.961156918,0.344273594,1,"Geno_at_37"
"Foxp1","ENSMUSG00000030067.17",-0.0716535641,8.55113001,-1.90917781,0.0659934045,1,"Geno_at_37"
"Cdca3","ENSMUSG00000023505.13",-0.0716497478,6.43685962,-2.32484295,0.0271458536,1,"Geno_at_37"
"5830462O15Rik","ENSMUSG00000110972.1",0.0716460003,-0.389989842,0.646252579,0.523104167,1,"Geno_at_37"
"Atp1b2","ENSMUSG00000041329.13",0.0716453154,0.253034561,0.637513747,0.528699964,1,"Geno_at_37"
"Kcnip3","ENSMUSG00000079056.12",-0.0716364746,1.21228383,-0.605521041,0.549456205,1,"Geno_at_37"
"Slc5a3","ENSMUSG00000089774.2",0.0716345035,6.95323245,2.01307649,0.053296489,1,"Geno_at_37"
"Gm43482","ENSMUSG00000106757.1",0.0716326718,1.19242753,0.473871463,0.639243734,1,"Geno_at_37"
"Rin2","ENSMUSG00000001768.16",-0.0716167643,2.26953583,-0.764314241,0.450741231,1,"Geno_at_37"
"Dennd2c","ENSMUSG00000007379.15",-0.0716030367,3.36710208,-1.10860431,0.276543552,1,"Geno_at_37"
"Ldlr","ENSMUSG00000032193.9",-0.0715619463,6.91646884,-0.847456774,0.408438774,1,"Geno_at_37"
"H2bc11","ENSMUSG00000069300.3",0.0715599834,2.14660319,0.657844207,0.515731224,1,"Geno_at_37"
"Papln","ENSMUSG00000021223.13",0.0715290709,4.08134273,1.19359977,0.24213042,1,"Geno_at_37"
"9230116L04Rik","ENSMUSG00000112489.1",0.071510271,0.0222308366,0.614918658,0.543315619,1,"Geno_at_37"
"Gm37154","ENSMUSG00000102929.1",0.0714761012,0.678686325,0.611179209,0.54575474,1,"Geno_at_37"
"Slc3a2","ENSMUSG00000010095.13",-0.0714669711,7.24364919,-1.95119301,0.0605728746,1,"Geno_at_37"
"Ripply3","ENSMUSG00000022941.8",-0.0714645813,-0.842467569,-0.816654622,0.420661827,1,"Geno_at_37"
"Pmm1","ENSMUSG00000022474.15",0.0714323269,3.37255107,0.965392724,0.342183836,1,"Geno_at_37"
"1110006O24Rik","ENSMUSG00000107121.1",-0.0714284749,0.355250175,-0.494200785,0.624818751,1,"Geno_at_37"
"Gm1976","ENSMUSG00000066057.7",0.0714237034,3.65502286,1.08204576,0.287984492,1,"Geno_at_37"
"Gm11518","ENSMUSG00000081604.5",-0.0714219377,2.46334141,-0.832065484,0.412046756,1,"Geno_at_37"
"Gm15946","ENSMUSG00000089695.2",0.0714206933,-0.219787516,0.549024788,0.587113989,1,"Geno_at_37"
"Gm14200","ENSMUSG00000081800.3",-0.0714078123,0.751901653,-0.617538541,0.541610159,1,"Geno_at_37"
"1700019D03Rik","ENSMUSG00000043629.12",0.0714077872,3.20606288,1.13760718,0.264425932,1,"Geno_at_37"
"Pdp1","ENSMUSG00000049225.14",-0.0714018025,4.58567185,-1.2734495,0.212786267,1,"Geno_at_37"
"C430002N11Rik","ENSMUSG00000101581.6",0.0713933355,-0.91088298,0.877488592,0.387300864,1,"Geno_at_37"
"Cdyl2","ENSMUSG00000031758.10",-0.071379075,3.03101437,-0.809010023,0.424976327,1,"Geno_at_37"
"Thap7","ENSMUSG00000022760.17",-0.0713776556,4.51181745,-1.38218181,0.177276378,1,"Geno_at_37"
"Bora","ENSMUSG00000022070.7",-0.0713526053,5.87510825,-2.05161977,0.0491625765,1,"Geno_at_37"
"Sdccag8","ENSMUSG00000026504.17",0.0713508627,4.19188582,1.23578246,0.226274771,1,"Geno_at_37"
"Tgfbrap1","ENSMUSG00000070939.9",0.0713486959,5.75647958,1.76041099,0.0886876655,1,"Geno_at_37"
"Gm49134","ENSMUSG00000115098.1",0.0713483286,-0.564867935,0.565095422,0.57627486,1,"Geno_at_37"
"Rab11b-ps2","ENSMUSG00000095690.2",0.0713388666,4.74341533,1.51713305,0.139860742,1,"Geno_at_37"
"Dock10","ENSMUSG00000038608.15",0.0713221187,7.35035388,2.2807846,0.0299479171,1,"Geno_at_37"
"C230066G23Rik","ENSMUSG00000085771.1",-0.0713187243,1.31606788,-0.629425955,0.533907291,1,"Geno_at_37"
"Mrgpre","ENSMUSG00000048965.9",-0.0713184132,1.49408244,-0.479970734,0.635079098,1,"Geno_at_37"
"Wdr54","ENSMUSG00000030032.12",-0.0712905871,1.30200572,-0.601787211,0.551905916,1,"Geno_at_37"
"Pcsk1","ENSMUSG00000021587.5",-0.0712810465,-0.460117091,-0.773705268,0.445251792,1,"Geno_at_37"
"Traj49","ENSMUSG00000076882.3",-0.0712729147,-0.50854106,-0.711316222,0.482466638,1,"Geno_at_37"
"Septin4","ENSMUSG00000020486.19",-0.0712701347,-0.16878386,-0.603609887,0.550709381,1,"Geno_at_37"
"Fam220a","ENSMUSG00000083012.9",-0.0712657058,-0.333273829,-0.589359857,0.560099738,1,"Geno_at_37"
"Nynrin","ENSMUSG00000075592.10",-0.0712632473,1.61898668,-0.472908365,0.640213633,1,"Geno_at_37"
"Gm37183","ENSMUSG00000102764.1",0.0712439458,-0.350987566,0.664177514,0.511726948,1,"Geno_at_37"
"Cd84","ENSMUSG00000038147.13",-0.071230549,5.27548937,-1.41307345,0.168082734,1,"Geno_at_37"
"Gm42777","ENSMUSG00000104676.1",-0.0711943181,-0.105869688,-0.538020489,0.594592864,1,"Geno_at_37"
"Gm5312","ENSMUSG00000108107.2",0.0711882039,-0.00378256406,0.617087203,0.541903765,1,"Geno_at_37"
"Gm27353","ENSMUSG00000098589.2",-0.0711389015,-0.641982448,-0.728297433,0.472164582,1,"Geno_at_37"
"Trim41","ENSMUSG00000040365.14",-0.0711329773,5.38381461,-1.51145344,0.141295555,1,"Geno_at_37"
"Chchd5","ENSMUSG00000037938.4",-0.0711273314,3.66557094,-1.18865926,0.244039988,1,"Geno_at_37"
"Tuba3a","ENSMUSG00000067702.5",-0.0711240461,1.16259996,-0.493449639,0.625342917,1,"Geno_at_37"
"Rmdn1","ENSMUSG00000028229.11",-0.0711236131,2.78999942,-1.00816617,0.321560132,1,"Geno_at_37"
"Gm37368","ENSMUSG00000102509.1",0.0711137817,-0.501873003,0.584232749,0.563498215,1,"Geno_at_37"
"Gm5182","ENSMUSG00000111942.1",0.0711106508,5.75140919,1.34706504,0.188694281,1,"Geno_at_37"
"Elfn2","ENSMUSG00000043460.7",0.0711077032,-0.581294524,0.63920185,0.527616517,1,"Geno_at_37"
"Zfp667","ENSMUSG00000054893.15",-0.0711063321,3.16062867,-0.961144793,0.344279589,1,"Geno_at_37"
"Gm7450","ENSMUSG00000116940.1",0.0711052646,-0.306969719,0.662009004,0.51309608,1,"Geno_at_37"
"Gm26982","ENSMUSG00000097994.1",-0.0711037664,3.351771,-0.743991971,0.463209679,1,"Geno_at_37"
"Iba57","ENSMUSG00000049287.5",0.071093444,3.60314355,1.0553905,0.299800558,1,"Geno_at_37"
"Gm7993","ENSMUSG00000107092.1",0.0710875379,5.56895505,1.69885841,0.0998536135,1,"Geno_at_37"
"Lgals1","ENSMUSG00000068220.6",-0.0710713616,8.17638486,-1.33404823,0.196222862,1,"Geno_at_37"
"Ptger2","ENSMUSG00000037759.6",0.0710682893,5.01177125,0.812397688,0.426278641,1,"Geno_at_37"
"Hey2","ENSMUSG00000019789.9",-0.0710671356,-0.298362311,-0.548441783,0.587509067,1,"Geno_at_37"
"Arl5a","ENSMUSG00000036093.7",0.0710442543,6.97105033,2.26429358,0.0310622359,1,"Geno_at_37"
"Gm6951","ENSMUSG00000118217.1",-0.0710250803,-0.162689187,-0.591608861,0.5586123,1,"Geno_at_37"
"Ube2k","ENSMUSG00000029203.16",0.0710228025,6.80309056,1.89042744,0.0685450569,1,"Geno_at_37"
"Sag","ENSMUSG00000056055.13",0.0709892883,1.62845206,0.688502584,0.496507154,1,"Geno_at_37"
"Gm13651","ENSMUSG00000081611.1",0.0709803888,3.09556076,1.01400607,0.31881192,1,"Geno_at_37"
"Jtb","ENSMUSG00000027937.15",-0.0709620191,5.3291128,-1.57411022,0.126110303,1,"Geno_at_37"
"Bbs5","ENSMUSG00000063145.10",-0.0709457875,1.87238433,-0.822518706,0.417370618,1,"Geno_at_37"
"Gm6054","ENSMUSG00000057157.3",-0.0709298445,-0.431260651,-0.606306914,0.548941325,1,"Geno_at_37"
"Gm9711","ENSMUSG00000108874.1",-0.0709113881,-0.606842875,-0.638084754,0.528333351,1,"Geno_at_37"
"Wfs1","ENSMUSG00000039474.13",-0.0709028918,2.80845004,-0.878447691,0.386788828,1,"Geno_at_37"
"Napepld","ENSMUSG00000044968.16",0.0709015818,2.24133834,0.898965241,0.375939281,1,"Geno_at_37"
"C1qtnf4","ENSMUSG00000040794.5",0.070900731,-0.246076025,0.629642216,0.533767697,1,"Geno_at_37"
"Lancl1","ENSMUSG00000026000.16",-0.0708525726,4.76061033,-1.3890986,0.175184366,1,"Geno_at_37"
"Rpl13","ENSMUSG00000000740.12",-0.0708492043,5.45444747,-1.65204227,0.109115595,1,"Geno_at_37"
"Malat1","ENSMUSG00000092341.3",0.0708347831,10.0875648,1.342529,0.195013777,1,"Geno_at_37"
"Zfp92","ENSMUSG00000031374.13",-0.070828087,-0.802537797,-0.834090614,0.410922887,1,"Geno_at_37"
"Gm22355","ENSMUSG00000093476.1",0.0708193085,-0.614956888,0.68690951,0.497496093,1,"Geno_at_37"
"Scpep1os","ENSMUSG00000087338.2",-0.070814711,-0.0116117067,-0.572093625,0.571586007,1,"Geno_at_37"
"Ypel1","ENSMUSG00000022773.19",-0.0708115272,2.42109029,-0.776729613,0.443492504,1,"Geno_at_37"
"Apbb3","ENSMUSG00000117679.1",0.0708038728,4.67156909,1.47102898,0.151854146,1,"Geno_at_37"
"AC241534.1","ENSMUSG00000118449.1",0.070799793,-0.277005461,0.579399232,0.56671163,1,"Geno_at_37"
"Cnnm1","ENSMUSG00000025189.9",0.070778214,-0.799391148,0.726779343,0.473080352,1,"Geno_at_37"
"Asb5","ENSMUSG00000031519.4",0.0707729916,-0.636612055,0.701312605,0.488595227,1,"Geno_at_37"
"Cacna1a","ENSMUSG00000034656.18",-0.0707323298,4.32580461,-0.999415031,0.325914847,1,"Geno_at_37"
"Lamp3","ENSMUSG00000041247.8",-0.0707178628,1.26336024,-0.597848617,0.554496067,1,"Geno_at_37"
"Rps2-ps8","ENSMUSG00000118161.1",0.0707106525,0.901182335,0.563344556,0.577450933,1,"Geno_at_37"
"Atp6v1e1","ENSMUSG00000019210.10",-0.0706927733,6.48754206,-1.8613717,0.0726673962,1,"Geno_at_37"
"Gm5047","ENSMUSG00000117585.1",0.0706843385,-0.401008455,0.694213574,0.492970994,1,"Geno_at_37"
"Slx1b","ENSMUSG00000059772.12",-0.0706778262,3.40825578,-0.999798231,0.325526301,1,"Geno_at_37"
"Nicn1","ENSMUSG00000032606.7",0.0706542549,2.68032918,0.769306174,0.447818239,1,"Geno_at_37"
"Il24","ENSMUSG00000026420.16",-0.0706443575,0.573821982,-0.326411653,0.7473473,1,"Geno_at_37"
"Coq7","ENSMUSG00000030652.11",-0.0706310709,3.9289243,-1.05133844,0.301626171,1,"Geno_at_37"
"Hmgb1-ps3","ENSMUSG00000081455.1",0.0706267484,0.49257231,0.498719552,0.621669676,1,"Geno_at_37"
"Gmpr2","ENSMUSG00000002326.6",-0.0706207886,3.90200444,-1.25947695,0.21771688,1,"Geno_at_37"
"Fxyd5","ENSMUSG00000009687.14",-0.0706201264,8.50598204,-2.02338125,0.0521623742,1,"Geno_at_37"
"Gm46430","ENSMUSG00000113204.1",0.0705962556,4.16768577,1.14790872,0.260215818,1,"Geno_at_37"
"Gm3699","ENSMUSG00000094955.2",-0.0705884371,-0.47949289,-0.607657394,0.548057116,1,"Geno_at_37"
"Dnajb4","ENSMUSG00000028035.13",-0.0705828699,3.55523624,-0.880928167,0.385466588,1,"Geno_at_37"
"Gm43578","ENSMUSG00000106836.1",-0.0705686889,-0.416999325,-0.680243022,0.501646414,1,"Geno_at_37"
"0610038B21Rik","ENSMUSG00000097882.2",-0.0705577145,0.105637111,-0.545360831,0.589599043,1,"Geno_at_37"
"Gm45632","ENSMUSG00000110077.1",-0.0705544853,-0.334607147,-0.564653812,0.576571381,1,"Geno_at_37"
"Rpl39-ps","ENSMUSG00000036305.7",-0.0705434447,7.65201242,-1.51976348,0.14069813,1,"Geno_at_37"
"Fst","ENSMUSG00000021765.9",0.0705302832,1.31614028,0.646411622,0.523002623,1,"Geno_at_37"
"Abhd11os","ENSMUSG00000085042.8",0.0705228748,0.0734054662,0.602040048,0.551739855,1,"Geno_at_37"
"Fam110b","ENSMUSG00000049119.14",0.0705093381,0.256519497,0.632641467,0.531833725,1,"Geno_at_37"
"Mcm8","ENSMUSG00000027353.14",0.0704786054,4.63546114,1.39500287,0.173413958,1,"Geno_at_37"
"Phf23","ENSMUSG00000018572.10",-0.0704395747,6.34182411,-1.59403527,0.121570917,1,"Geno_at_37"
"Gm22770","ENSMUSG00000088993.1",0.070438522,-0.192257248,0.511693641,0.612668739,1,"Geno_at_37"
"Dnmt3aos","ENSMUSG00000073242.4",0.0704350747,0.172529301,0.480846547,0.634167167,1,"Geno_at_37"
"Gm37968","ENSMUSG00000102570.1",-0.0704224359,0.69959008,-0.632955306,0.531631571,1,"Geno_at_37"
"Pigb","ENSMUSG00000079469.10",0.0704197377,4.02625251,1.1798522,0.247471568,1,"Geno_at_37"
"Gm17812","ENSMUSG00000108125.1",-0.0704136483,-0.604959675,-0.667518411,0.509621536,1,"Geno_at_37"
"Ldb3","ENSMUSG00000021798.14",-0.0703887008,-0.866164203,-0.811336307,0.423660537,1,"Geno_at_37"
"Dtwd2","ENSMUSG00000024505.16",0.0703854076,2.96582488,0.864697182,0.394171327,1,"Geno_at_37"
"Gm41386","ENSMUSG00000116190.1",0.070385348,-0.14580981,0.618644444,0.540891097,1,"Geno_at_37"
"Maf1","ENSMUSG00000022553.16",-0.0703735924,6.77057553,-1.87151634,0.0712044772,1,"Geno_at_37"
"Gm49874","ENSMUSG00000117028.1",-0.0703553817,1.86419986,-0.659288409,0.514816615,1,"Geno_at_37"
"Zfp420","ENSMUSG00000058402.14",0.0703443124,2.93117518,0.863047287,0.395063126,1,"Geno_at_37"
"Pif1","ENSMUSG00000041064.14",-0.0703326926,4.49217454,-1.28455354,0.208928704,1,"Geno_at_37"
"Gm11962","ENSMUSG00000085232.3",-0.0703172288,0.251970506,-0.507479502,0.615585713,1,"Geno_at_37"
"Gm50347","ENSMUSG00000118160.1",-0.0703117179,-0.611764849,-0.590609475,0.559273021,1,"Geno_at_37"
"Ccdc91","ENSMUSG00000030301.17",0.0703065997,3.89152818,1.27164565,0.213418003,1,"Geno_at_37"
"Bmt2","ENSMUSG00000042742.7",0.0703054948,4.66652614,1.58679441,0.123204775,1,"Geno_at_37"
"Pfkfb2","ENSMUSG00000026409.14",0.0702838509,2.50145486,0.727310677,0.472759714,1,"Geno_at_37"
"Gm7496","ENSMUSG00000102254.1",0.0702719393,-0.122538595,0.577038282,0.568284587,1,"Geno_at_37"
"Gm16409","ENSMUSG00000075581.5",-0.0702466452,-0.551896091,-0.721339422,0.476370348,1,"Geno_at_37"
"2610001J05Rik","ENSMUSG00000052419.7",-0.0702388557,4.10474152,-1.05048434,0.30201197,1,"Geno_at_37"
"Aup1","ENSMUSG00000068328.9",-0.0702308775,6.86734159,-2.06894139,0.0473987114,1,"Geno_at_37"
"Rnft2","ENSMUSG00000032850.16",-0.0702193423,0.974364693,-0.687619837,0.497055004,1,"Geno_at_37"
"Dzip1","ENSMUSG00000042156.16",-0.0702192082,0.638198581,-0.499306965,0.621260848,1,"Geno_at_37"
"Gm13523","ENSMUSG00000087496.1",0.0702122075,-0.411806281,0.653069462,0.518761356,1,"Geno_at_37"
"Selenos","ENSMUSG00000075701.9",-0.0702098853,5.17785761,-1.52010549,0.139114539,1,"Geno_at_37"
"Prps1l3","ENSMUSG00000079104.4",0.0701883714,6.34004239,2.19272037,0.0363440095,1,"Geno_at_37"
"F2rl3","ENSMUSG00000050147.9",0.0701797947,2.12290751,0.763447949,0.451249636,1,"Geno_at_37"
"Gm10154","ENSMUSG00000066116.3",0.0701767875,-0.522728124,0.675001219,0.504923267,1,"Geno_at_37"
"Gm6440","ENSMUSG00000116694.1",0.0701727832,3.46931657,0.2469558,0.808041195,1,"Geno_at_37"
"Guca1b","ENSMUSG00000023979.14",0.0701700573,1.34854886,0.634324125,0.530750352,1,"Geno_at_37"
"Apoe","ENSMUSG00000002985.16",0.0701358964,3.42201818,0.824528357,0.416246385,1,"Geno_at_37"
"Maml3","ENSMUSG00000061143.15",0.0701297745,3.13116896,0.874337293,0.38898631,1,"Geno_at_37"
"Dse","ENSMUSG00000039497.8",0.070123087,3.36566903,1.08963766,0.284680275,1,"Geno_at_37"
"Gm12319","ENSMUSG00000087523.1",-0.0701077998,1.63362162,-0.759598957,0.453512637,1,"Geno_at_37"
"Gm20691","ENSMUSG00000093505.1",0.0700841774,0.0494777123,0.674941282,0.504960804,1,"Geno_at_37"
"Gm8624","ENSMUSG00000083705.2",-0.0700809363,-0.584553919,-0.77499779,0.444499409,1,"Geno_at_37"
"Gm10029","ENSMUSG00000068324.5",0.0700764356,3.90006976,1.06592083,0.295092504,1,"Geno_at_37"
"L1cam","ENSMUSG00000031391.18",0.0700735348,2.65525879,0.806428357,0.426439501,1,"Geno_at_37"
"Ctla2b","ENSMUSG00000074874.10",-0.0700634565,1.3717949,-0.721076296,0.476529817,1,"Geno_at_37"
"6030460B20Rik","ENSMUSG00000103822.1",0.0700591202,-0.440705167,0.549134506,0.587039652,1,"Geno_at_37"
"Mkrn3","ENSMUSG00000070527.3",0.0700408093,-0.589011888,0.614027769,0.543896199,1,"Geno_at_37"
"Osbpl10","ENSMUSG00000040875.12",0.0700342141,-0.628801371,0.635649419,0.529897897,1,"Geno_at_37"
"Crtc3","ENSMUSG00000030527.15",-0.0700287666,6.01865368,-1.60204535,0.119784286,1,"Geno_at_37"
"Vamp4","ENSMUSG00000026696.15",-0.0700280873,5.51922776,-1.69426167,0.100732864,1,"Geno_at_37"
"Ndufa2","ENSMUSG00000014294.4",-0.069979285,5.34646233,-1.54888828,0.132054469,1,"Geno_at_37"
"D630029K05Rik","ENSMUSG00000031294.9",0.0699784874,-0.512657858,0.700579307,0.489046202,1,"Geno_at_37"
"Mrpl43","ENSMUSG00000025208.9",0.0699759257,4.04867236,1.24902252,0.221462153,1,"Geno_at_37"
"Csrnp2","ENSMUSG00000044636.6",0.0699648327,2.87129489,0.927848003,0.361004502,1,"Geno_at_37"
"Gm12470","ENSMUSG00000081516.1",0.0699488653,0.368182622,0.635921072,0.529723255,1,"Geno_at_37"
"Fcf1","ENSMUSG00000021243.14",-0.0699473079,4.95998453,-1.51946787,0.139274337,1,"Geno_at_37"
"Gm37474","ENSMUSG00000102153.1",0.0699360379,-0.0213158329,0.482218126,0.633204148,1,"Geno_at_37"
"Gm47753","ENSMUSG00000114718.1",0.0699355752,-0.388586043,0.514877157,0.610469417,1,"Geno_at_37"
"Dennd1c","ENSMUSG00000002668.8",-0.0699306075,6.59990648,-1.67424019,0.104638483,1,"Geno_at_37"
"Wnt9b","ENSMUSG00000018486.2",0.0699200071,-0.578797439,0.600877558,0.552503579,1,"Geno_at_37"
"Ip6k2","ENSMUSG00000032599.12",-0.0699160023,5.50343568,-1.58104193,0.124515597,1,"Geno_at_37"
"Lcmt1","ENSMUSG00000030763.7",-0.069915776,4.53111363,-1.56700832,0.127761467,1,"Geno_at_37"
"Gm25047","ENSMUSG00000084616.1",-0.0699154061,1.68946078,-0.701202336,0.488663027,1,"Geno_at_37"
"Armc8","ENSMUSG00000032468.11",-0.0698905091,5.36740728,-1.80425803,0.0813946233,1,"Geno_at_37"
"Maskbp3","ENSMUSG00000117942.1",0.0698798342,1.9756049,0.707180438,0.484995035,1,"Geno_at_37"
"Dbt","ENSMUSG00000000340.10",-0.0698794408,4.51884326,-1.26900348,0.214345894,1,"Geno_at_37"
"Gm50047","ENSMUSG00000117275.1",-0.0698397884,-0.683576838,-0.738050244,0.466305857,1,"Geno_at_37"
"Adcy9","ENSMUSG00000005580.11",0.0698179896,3.21747137,0.92625733,0.361816699,1,"Geno_at_37"
"9530018F02Rik","ENSMUSG00000112150.1",-0.069812996,-0.169288238,-0.577473203,0.567994661,1,"Geno_at_37"
"Hace1","ENSMUSG00000038822.15",0.0698103447,5.81518847,1.69542125,0.100510454,1,"Geno_at_37"
"Gm9208","ENSMUSG00000080939.1",0.0698006805,-0.608599431,0.611273579,0.545693115,1,"Geno_at_37"
"Gm12940","ENSMUSG00000085334.7",-0.0697932193,5.19083447,-1.57322544,0.126315052,1,"Geno_at_37"
"Dcst2","ENSMUSG00000109293.1",0.0697636403,-0.389918979,0.522515958,0.605207258,1,"Geno_at_37"
"Apmap","ENSMUSG00000033096.7",-0.0697525144,4.91702503,-1.76015193,0.0887323501,1,"Geno_at_37"
"Rbm18","ENSMUSG00000026889.12",-0.0697489353,5.70378228,-1.33153729,0.193498081,1,"Geno_at_37"
"Gm15502","ENSMUSG00000083813.1",0.0697469253,-0.53155653,0.587149319,0.5615637,1,"Geno_at_37"
"Copz2","ENSMUSG00000018672.15",-0.0697278151,-0.715542861,-0.673193288,0.506056218,1,"Geno_at_37"
"Xpnpep2","ENSMUSG00000037005.16",-0.069725616,-0.156604258,-0.612261941,0.545047922,1,"Geno_at_37"
"AF357399","ENSMUSG00000077711.1",0.0697223867,1.52754858,0.76316593,0.451415219,1,"Geno_at_37"
"Itgae","ENSMUSG00000005947.11",-0.0697191726,4.16289016,-0.363014346,0.721262128,1,"Geno_at_37"
"Gm22146","ENSMUSG00000117084.1",0.069702719,-0.567045045,0.616427029,0.542333375,1,"Geno_at_37"
"Wiz","ENSMUSG00000024050.18",-0.0696987458,6.73581488,-2.45900549,0.0200171195,1,"Geno_at_37"
"Gm4482","ENSMUSG00000107066.2",0.0696942385,3.04651413,0.928433542,0.360705829,1,"Geno_at_37"
"A130010J15Rik","ENSMUSG00000079144.7",0.0696801714,3.69651945,1.10954107,0.276146043,1,"Geno_at_37"
"Gm29282","ENSMUSG00000101880.1",0.0696592508,-0.305306967,0.563120701,0.577601383,1,"Geno_at_37"
"Gm44686","ENSMUSG00000108563.1",0.0696538951,2.99573821,0.701818466,0.488423498,1,"Geno_at_37"
"Spc24","ENSMUSG00000074476.6",0.0696491139,5.63280996,1.73653946,0.0928859907,1,"Geno_at_37"
"Gbp5","ENSMUSG00000105504.4",0.0696466709,7.47567433,0.896286929,0.382403099,1,"Geno_at_37"
"Plin3","ENSMUSG00000024197.10",0.0696434563,4.79381538,1.36104376,0.183791006,1,"Geno_at_37"
"Gm27252","ENSMUSG00000098708.7",0.0696349589,-0.141409227,0.559312031,0.580164128,1,"Geno_at_37"
"Fam161b","ENSMUSG00000021234.9",0.0696233595,1.12782895,0.631565099,0.532527357,1,"Geno_at_37"
"Dhh","ENSMUSG00000023000.5",0.0695997862,-0.852414957,0.783959883,0.439303551,1,"Geno_at_37"
"Hectd2","ENSMUSG00000041180.13",0.0695954065,4.42555142,1.00760531,0.322042608,1,"Geno_at_37"
"Snx20","ENSMUSG00000031662.8",-0.0695828907,5.43547499,-1.47244988,0.151472583,1,"Geno_at_37"
"Gm15283","ENSMUSG00000087700.2",-0.0695699914,1.43468892,-0.638277878,0.528209387,1,"Geno_at_37"
"4833422C13Rik","ENSMUSG00000074782.3",-0.0695691517,0.794753008,-0.540430588,0.592950972,1,"Geno_at_37"
"H3c10","ENSMUSG00000101355.1",0.0695605888,0.308950163,0.446361744,0.658590271,1,"Geno_at_37"
"Hells","ENSMUSG00000025001.11",0.0695531814,7.68443698,1.610069,0.118666083,1,"Geno_at_37"
"Trgv1","ENSMUSG00000076755.2",0.0695527159,-0.731331909,0.739337787,0.465535584,1,"Geno_at_37"
"Zfp473","ENSMUSG00000048012.19",-0.0695367974,2.78764444,-0.93079325,0.359503837,1,"Geno_at_37"
"Pfkl","ENSMUSG00000020277.10",-0.0695224041,7.55450938,-1.10266865,0.283712863,1,"Geno_at_37"
"Gm12961","ENSMUSG00000082686.1",0.0695218164,-0.367795261,0.601103635,0.55235501,1,"Geno_at_37"
"Triobp","ENSMUSG00000033088.19",0.0695097334,5.94106074,1.85086928,0.0742090787,1,"Geno_at_37"
"Aldoc","ENSMUSG00000017390.15",-0.0695091038,5.60131258,-0.390453459,0.701282772,1,"Geno_at_37"
"Spaca6","ENSMUSG00000080316.11",-0.0694807294,3.69443938,-1.00759756,0.321828585,1,"Geno_at_37"
"Gm11576","ENSMUSG00000084400.1",-0.0694464146,-0.815447474,-0.767357115,0.448958148,1,"Geno_at_37"
"Tmem97","ENSMUSG00000037278.9",-0.069432539,6.05123674,-1.68380975,0.102756234,1,"Geno_at_37"
"Zadh2","ENSMUSG00000049090.3",-0.0694321321,5.53896145,-1.63824439,0.111977944,1,"Geno_at_37"
"Clock","ENSMUSG00000029238.11",0.0694313153,5.50093758,1.77407703,0.0863573526,1,"Geno_at_37"
"Esm1","ENSMUSG00000042379.8",0.0693901906,-0.933384031,0.820645843,0.418420022,1,"Geno_at_37"
"Rubcnl","ENSMUSG00000034959.8",0.0693897254,-0.874452466,0.864737952,0.394149307,1,"Geno_at_37"
"Tspan31","ENSMUSG00000006736.9",-0.0693842805,5.07571223,-1.72270948,0.0953941569,1,"Geno_at_37"
"Ubxn6","ENSMUSG00000019578.11",-0.0693823065,3.36972249,-1.00163409,0.3246533,1,"Geno_at_37"
"1700016L21Rik","ENSMUSG00000101483.1",0.0693791656,1.27515373,0.517188541,0.608874916,1,"Geno_at_37"
"Zfp329","ENSMUSG00000057894.10",0.0693777016,4.88071886,1.22192885,0.231393954,1,"Geno_at_37"
"Fbxl16","ENSMUSG00000025738.8",-0.0693737353,-0.935382449,-0.907026967,0.371730858,1,"Geno_at_37"
"Zfp41","ENSMUSG00000047003.15",0.0693708868,4.16902901,1.226234,0.229793932,1,"Geno_at_37"
"Ppm1j","ENSMUSG00000002228.7",-0.0693702941,5.29450877,-1.28569332,0.208535776,1,"Geno_at_37"
"Nlrp3","ENSMUSG00000032691.14",0.0693547256,-0.809089003,0.730800786,0.470656707,1,"Geno_at_37"
"Nfic","ENSMUSG00000055053.18",-0.069351546,5.28862145,-1.41533198,0.167425608,1,"Geno_at_37"
"Med9","ENSMUSG00000061650.6",-0.0693482137,4.50000156,-1.48715656,0.14756828,1,"Geno_at_37"
"Gm16023","ENSMUSG00000086682.1",0.0693428476,1.53419093,0.619182667,0.540541324,1,"Geno_at_37"
"8030451A03Rik","ENSMUSG00000073821.11",-0.069335097,-0.780007636,-0.800517699,0.42980101,1,"Geno_at_37"
"Prss2","ENSMUSG00000057163.3",0.0693256685,-0.669607824,0.684993955,0.498686679,1,"Geno_at_37"
"4930520M14Rik","ENSMUSG00000106127.1",0.0693161791,-0.17942749,0.596181969,0.555593991,1,"Geno_at_37"
"Gm5112","ENSMUSG00000107868.1",-0.0693107219,0.471342638,-0.507264949,0.615734395,1,"Geno_at_37"
"Pttg1","ENSMUSG00000020415.16",-0.0693099897,3.39318785,-1.06160527,0.297015632,1,"Geno_at_37"
"Rrad","ENSMUSG00000031880.7",0.0693092254,3.96232108,1.07419929,0.291427987,1,"Geno_at_37"
"1700012B07Rik","ENSMUSG00000020617.13",-0.0692875057,-0.891196221,-0.822012603,0.417654038,1,"Geno_at_37"
"Mrps35","ENSMUSG00000040112.9",-0.0692711576,4.93600543,-1.59243452,0.121930576,1,"Geno_at_37"
"Cdkn2c","ENSMUSG00000028551.14",0.069268493,5.59102907,1.41009954,0.168951105,1,"Geno_at_37"
"Cep78","ENSMUSG00000041491.8",0.0692607966,3.69068961,1.00466206,0.323216929,1,"Geno_at_37"
"Zfp286","ENSMUSG00000047342.17",-0.0692497161,0.55083411,-0.564695334,0.576543498,1,"Geno_at_37"
"Gm6210","ENSMUSG00000107951.1",0.0692464511,0.589293725,0.532834494,0.598133235,1,"Geno_at_37"
"Myo10","ENSMUSG00000022272.17",0.0692454667,6.89808098,1.63445256,0.112775374,1,"Geno_at_37"
"Snx21","ENSMUSG00000050373.13",-0.0692313404,2.85916479,-0.806069502,0.426643128,1,"Geno_at_37"
"Gm38309","ENSMUSG00000102704.1",-0.0692283181,1.51120082,-0.633982332,0.530970319,1,"Geno_at_37"
"Dll1","ENSMUSG00000014773.13",0.0692152978,-0.922042925,0.930015243,0.359899847,1,"Geno_at_37"
"a","ENSMUSG00000027596.10",0.069212571,2.48780547,0.673447063,0.505897104,1,"Geno_at_37"
"Mrps28","ENSMUSG00000040269.5",-0.0692115117,3.74257085,-1.25964029,0.217658746,1,"Geno_at_37"
"Gm49867","ENSMUSG00000117114.1",0.0692074066,0.280770641,0.598460179,0.554093474,1,"Geno_at_37"
"Pdia5","ENSMUSG00000022844.8",-0.0691746455,1.48577974,-0.690213446,0.495446323,1,"Geno_at_37"
"Rab39","ENSMUSG00000055069.3",-0.0691596764,-0.713008806,-0.614548909,0.54355654,1,"Geno_at_37"
"Prr7","ENSMUSG00000034686.8",-0.069159076,1.4846264,-0.640376138,0.526863546,1,"Geno_at_37"
"Gm21297","ENSMUSG00000112975.1",0.0691474492,-0.727428764,0.726200549,0.473429773,1,"Geno_at_37"
"Gm15932","ENSMUSG00000086341.2",-0.0691290953,0.0343120026,-0.664394109,0.511590307,1,"Geno_at_37"
"Dact1","ENSMUSG00000044548.11",0.0691280935,0.0952638769,0.516436101,0.60939377,1,"Geno_at_37"
"Gm9520","ENSMUSG00000109664.1",0.0691188568,-0.380776304,0.701791892,0.488300595,1,"Geno_at_37"
"Cep112","ENSMUSG00000020728.17",0.0690623937,-0.287051206,0.51306416,0.611721469,1,"Geno_at_37"
"Cnga1","ENSMUSG00000067220.12",-0.0690527977,0.121680023,-0.605926666,0.549190421,1,"Geno_at_37"
"Uprt","ENSMUSG00000073016.3",0.0690353091,2.89758766,0.808072242,0.425507463,1,"Geno_at_37"
"Gm28177","ENSMUSG00000101628.1",0.0690350649,-0.621502708,0.689148402,0.496106561,1,"Geno_at_37"
"Tspan5","ENSMUSG00000028152.10",-0.0690193646,5.18013246,-1.87306824,0.0709829368,1,"Geno_at_37"
"Cd79b","ENSMUSG00000040592.11",-0.0690137318,-0.0530583837,-0.505319326,0.617083443,1,"Geno_at_37"
"Tagln3","ENSMUSG00000022658.10",0.0689889294,-0.260970359,0.495241694,0.624092712,1,"Geno_at_37"
"Gm45548","ENSMUSG00000109656.1",0.0689743135,-0.735231225,0.665497545,0.510894503,1,"Geno_at_37"
"Gm16199","ENSMUSG00000089936.1",0.0689478288,0.643439793,0.599859635,0.553172774,1,"Geno_at_37"
"Crybb3","ENSMUSG00000029352.14",0.0689411319,-0.36289369,0.552560691,0.584720632,1,"Geno_at_37"
"Carf","ENSMUSG00000026017.13",0.0689400021,3.38889815,0.965736395,0.342014658,1,"Geno_at_37"
"Zdhhc2","ENSMUSG00000039470.15",0.0689291619,5.5519783,1.38239415,0.177211867,1,"Geno_at_37"
"Gm6483","ENSMUSG00000087153.8",0.0689286127,2.27294798,0.902037263,0.374331974,1,"Geno_at_37"
"Gm47438","ENSMUSG00000111947.1",0.0689274878,-0.244757801,0.754561452,0.456484568,1,"Geno_at_37"
"Zfp503","ENSMUSG00000039081.10",-0.0689260177,-0.252003306,-0.557729582,0.581230557,1,"Geno_at_37"
"Gm26811","ENSMUSG00000097816.1",-0.0689186686,-0.392822309,-0.576470728,0.56866304,1,"Geno_at_37"
"Dop1b","ENSMUSG00000022946.10",0.0689145083,4.71247312,1.20080485,0.239365408,1,"Geno_at_37"
"Dok2","ENSMUSG00000022102.13",-0.0688864344,5.80826409,-1.77544773,0.086126517,1,"Geno_at_37"
"Farp1","ENSMUSG00000025555.14",0.0688816358,4.91813421,1.1715618,0.250734165,1,"Geno_at_37"
"Stam","ENSMUSG00000026718.17",-0.0688797664,4.74043987,-1.40138237,0.171516881,1,"Geno_at_37"
"Dkk3","ENSMUSG00000030772.6",-0.068876234,-0.076417581,-0.598809939,0.553863293,1,"Geno_at_37"
"9130221H12Rik","ENSMUSG00000090330.2",-0.0688705904,2.08353981,-0.797669225,0.431426758,1,"Geno_at_37"
"Tctex1d4","ENSMUSG00000047671.8",-0.068860958,0.575798978,-0.516924919,0.609056677,1,"Geno_at_37"
"1700023B13Rik","ENSMUSG00000117050.1",0.0688362824,0.794346332,0.4978708,0.622260609,1,"Geno_at_37"
"5830432E09Rik","ENSMUSG00000097471.8",-0.0688351727,0.0607038757,-0.592119786,0.558274667,1,"Geno_at_37"
"Gm4617","ENSMUSG00000096544.2",-0.0688081918,8.39814501,-1.44987688,0.160212587,1,"Geno_at_37"
"Mmp19","ENSMUSG00000025355.7",0.0688072595,-0.560189986,0.608076574,0.547782814,1,"Geno_at_37"
"Csl","ENSMUSG00000046934.5",0.0688033206,-0.190899634,0.602492221,0.551442938,1,"Geno_at_37"
"Fn3k","ENSMUSG00000025175.12",0.0688010699,-0.489093073,0.597540908,0.554698691,1,"Geno_at_37"
"Spice1","ENSMUSG00000043065.12",0.0687842951,4.466961,1.20282046,0.238596107,1,"Geno_at_37"
"Svip","ENSMUSG00000074093.4",0.0687632292,0.959052444,0.590114954,0.559600109,1,"Geno_at_37"
"Ubb","ENSMUSG00000019505.7",-0.0687526181,8.55485117,-2.10297739,0.0440950675,1,"Geno_at_37"
"Tmem41b-ps","ENSMUSG00000096647.2",-0.0687508389,2.64903737,-1.00331484,0.323855471,1,"Geno_at_37"
"Ly75","ENSMUSG00000026980.15",0.0687496018,5.81086795,1.31619216,0.198711656,1,"Geno_at_37"
"Gm16151","ENSMUSG00000085280.1",-0.0687463356,0.0658690232,-0.633652662,0.53118253,1,"Geno_at_37"
"BC028528","ENSMUSG00000038543.13",-0.068733667,-0.652777422,-0.563120282,0.577601665,1,"Geno_at_37"
"Gm4540","ENSMUSG00000092072.3",-0.0687307033,4.43323151,-1.37032295,0.180908601,1,"Geno_at_37"
"Tmed3","ENSMUSG00000032353.9",-0.0687036194,4.83801486,-1.66171273,0.107145936,1,"Geno_at_37"
"Ldhb","ENSMUSG00000030246.12",-0.0686990615,3.21318569,-1.01436666,0.318642757,1,"Geno_at_37"
"Gm35028","ENSMUSG00000111078.1",0.0686617562,-0.852585136,0.784266893,0.43912621,1,"Geno_at_37"
"1700001P01Rik","ENSMUSG00000018543.8",-0.0686180523,-0.371361115,-0.537114417,0.595210695,1,"Geno_at_37"
"Mtx1","ENSMUSG00000064068.15",-0.0686172799,4.92937556,-1.60249926,0.119683692,1,"Geno_at_37"
"Rfxank","ENSMUSG00000036120.10",-0.0686082799,3.51172936,-1.01278894,0.319383352,1,"Geno_at_37"
"Tgif2-ps2","ENSMUSG00000045842.9",0.0686056354,-0.259362522,0.575476167,0.569326534,1,"Geno_at_37"
"Dnajc4","ENSMUSG00000024963.12",-0.0686054517,3.55116573,-1.26746593,0.21488727,1,"Geno_at_37"
"Gm3788","ENSMUSG00000094392.1",-0.0686024731,5.35051168,-1.23393058,0.227179699,1,"Geno_at_37"
"Chrnb1","ENSMUSG00000041189.9",-0.0686010156,2.33279969,-0.766787993,0.449291325,1,"Geno_at_37"
"Psmb10","ENSMUSG00000031897.9",-0.0685962672,5.63394276,-1.22812457,0.229873011,1,"Geno_at_37"
"B3galnt2","ENSMUSG00000039242.10",0.0685691059,5.36036658,1.48800294,0.147346067,1,"Geno_at_37"
"Ddit3","ENSMUSG00000025408.15",-0.0685571452,4.65937273,-1.22067092,0.231863038,1,"Geno_at_37"
"Gm830","ENSMUSG00000084939.2",-0.0685433921,-0.561090068,-0.573642407,0.570550894,1,"Geno_at_37"
"Cfap36","ENSMUSG00000020462.14",-0.0685087933,4.58983068,-1.34101834,0.190133248,1,"Geno_at_37"
"Heatr4","ENSMUSG00000090843.2",-0.0684868293,-0.645992867,-0.643426093,0.524910568,1,"Geno_at_37"
"Gm38120","ENSMUSG00000103085.1",-0.0684854273,1.38228016,-0.486865085,0.629982016,1,"Geno_at_37"
"Gm35035","ENSMUSG00000112082.1",0.068469722,-0.499223092,0.674232175,0.505405021,1,"Geno_at_37"
"Rhbdl1","ENSMUSG00000025735.13",0.0684466994,1.59741057,0.656857471,0.51635663,1,"Geno_at_37"
"Gm44695","ENSMUSG00000108560.1",-0.0684169769,0.00195986327,-0.465803112,0.644772012,1,"Geno_at_37"
"Zfp991","ENSMUSG00000067916.9",0.068373371,3.43327738,0.818027645,0.419889786,1,"Geno_at_37"
"Synj1","ENSMUSG00000022973.18",0.0683545208,5.83170613,1.70928471,0.0978831292,1,"Geno_at_37"
"Atp6v0d1","ENSMUSG00000013160.7",-0.0683025271,5.7933011,-2.06959965,0.0473327985,1,"Geno_at_37"
"Slit3","ENSMUSG00000056427.10",0.0682982282,-0.926287606,0.882162515,0.384809691,1,"Geno_at_37"
"Kif13b","ENSMUSG00000060012.9",0.0682973397,5.75879255,1.75239299,0.0900795221,1,"Geno_at_37"
"Cd151","ENSMUSG00000025510.14",-0.0682739588,3.13714395,-0.910120145,0.370124325,1,"Geno_at_37"
"Gm46218","ENSMUSG00000110830.1",0.068267719,-0.242597539,0.521706567,0.605763812,1,"Geno_at_37"
"Nt5c2","ENSMUSG00000025041.17",-0.0682614356,5.84796063,-2.0773899,0.0465588671,1,"Geno_at_37"
"Slc26a2","ENSMUSG00000034320.14",-0.0682549087,5.64415637,-1.85352487,0.073816625,1,"Geno_at_37"
"Abcb11","ENSMUSG00000027048.15",-0.0682524408,1.16459585,-0.576495509,0.568646514,1,"Geno_at_37"
"Zswim1","ENSMUSG00000017764.2",-0.0682484278,2.91762536,-1.02336137,0.314443163,1,"Geno_at_37"
"Tspan2","ENSMUSG00000027858.13",-0.0682261117,3.83997796,-0.799260219,0.431089932,1,"Geno_at_37"
"Gm27006","ENSMUSG00000098101.1",-0.0682236315,-0.295143869,-0.531289783,0.59918972,1,"Geno_at_37"
"Smim38","ENSMUSG00000109305.1",-0.068212805,-0.264103851,-0.539446442,0.593621162,1,"Geno_at_37"
"Gm47580","ENSMUSG00000112317.1",-0.0682100734,0.0618746807,-0.538089966,0.594545502,1,"Geno_at_37"
"Taf1","ENSMUSG00000031314.18",0.0682003005,7.59177052,2.37708011,0.0241330318,1,"Geno_at_37"
"Ube2e3","ENSMUSG00000027011.14",-0.0681987274,5.37925901,-1.56830543,0.127458581,1,"Geno_at_37"
"Snord73a","ENSMUSG00000064984.1",-0.068191866,0.287002953,-0.47301128,0.639680959,1,"Geno_at_37"
"Kctd17","ENSMUSG00000033287.16",-0.0681720872,4.51050214,-1.07427427,0.291394944,1,"Geno_at_37"
"Oas1b","ENSMUSG00000029605.16",0.0681627322,3.35356637,0.784591641,0.438938671,1,"Geno_at_37"
"Sdhaf1","ENSMUSG00000074211.4",-0.0681419941,3.35227411,-1.03337629,0.309812433,1,"Geno_at_37"
"Bmp2","ENSMUSG00000027358.6",-0.0681178881,-0.79488495,-0.643154724,0.525084175,1,"Geno_at_37"
"Gm48586","ENSMUSG00000113195.1",-0.0681105499,-0.238263086,-0.556979638,0.581736289,1,"Geno_at_37"
"Mir1931","ENSMUSG00000089214.1",-0.0681032001,-0.499265698,-0.611497385,0.545546982,1,"Geno_at_37"
"Rpl35a","ENSMUSG00000060636.14",-0.0681030476,7.20989573,-1.43038358,0.164406788,1,"Geno_at_37"
"Gm26672","ENSMUSG00000097330.2",-0.0680674321,-0.753993735,-0.712804272,0.48155877,1,"Geno_at_37"
"Gm48374","ENSMUSG00000113589.1",0.0680667142,-0.206694798,0.621481262,0.539048882,1,"Geno_at_37"
"Camk2n2","ENSMUSG00000051146.2",-0.0680569807,0.733549604,-0.536518829,0.59561698,1,"Geno_at_37"
"Timm50","ENSMUSG00000003438.17",-0.0680554295,6.269884,-1.6740823,0.104669779,1,"Geno_at_37"
"Chn2","ENSMUSG00000004633.17",0.0680371665,1.76132541,0.706410526,0.485466549,1,"Geno_at_37"
"Gm42986","ENSMUSG00000107118.1",-0.0680234961,1.60623546,-0.592960762,0.557719156,1,"Geno_at_37"
"Hnrnpa3","ENSMUSG00000059005.13",0.0680221763,7.32913045,1.74095021,0.0920978639,1,"Geno_at_37"
"Gm7368","ENSMUSG00000110867.1",-0.0680175814,-0.425505189,-0.639389494,0.527496159,1,"Geno_at_37"
"Dio2","ENSMUSG00000007682.6",-0.0680158618,0.634555778,-0.564398595,0.576742783,1,"Geno_at_37"
"Calca","ENSMUSG00000030669.13",-0.0680124984,3.42356685,-0.591287322,0.560356398,1,"Geno_at_37"
"Gm49751","ENSMUSG00000111913.1",-0.0680115751,-0.795236519,-0.714947316,0.480253005,1,"Geno_at_37"
"Mpv17","ENSMUSG00000107283.3",0.0679979595,3.254141,1.01772783,0.317068943,1,"Geno_at_37"
"Myo1g","ENSMUSG00000020437.12",0.0679968494,8.02618686,2.28066118,0.0299561206,1,"Geno_at_37"
"Gm37262","ENSMUSG00000103525.1",0.0679931032,-0.341971737,0.485117474,0.631170594,1,"Geno_at_37"
"Muc1","ENSMUSG00000042784.9",0.0679795649,2.23765953,0.582009423,0.565004762,1,"Geno_at_37"
"Lrrc42","ENSMUSG00000028617.10",-0.0679639598,5.4461233,-1.90153563,0.0670232923,1,"Geno_at_37"
"Ska2","ENSMUSG00000020492.11",0.0679607523,4.89140809,1.40266266,0.171138138,1,"Geno_at_37"
"Rpl18a","ENSMUSG00000045128.9",-0.067954852,8.62701208,-2.34842141,0.0257459987,1,"Geno_at_37"
"Slc35a3","ENSMUSG00000027957.13",0.0679545451,6.65882695,1.41433332,0.168516714,1,"Geno_at_37"
"Gm46610","ENSMUSG00000116614.1",-0.0679465563,2.25473376,-0.684451544,0.499024096,1,"Geno_at_37"
"Cysltr1","ENSMUSG00000052821.3",-0.0679379007,3.40761487,-0.580443628,0.567604011,1,"Geno_at_37"
"Gm5835","ENSMUSG00000101795.2",-0.0679372553,7.13506379,-1.36108016,0.185576161,1,"Geno_at_37"
"Ube2w","ENSMUSG00000025939.19",0.0679317948,4.87903838,1.38150162,0.177483158,1,"Geno_at_37"
"Apol7e","ENSMUSG00000071716.5",0.0679144783,0.474420258,0.63730802,0.528832084,1,"Geno_at_37"
"Appl2","ENSMUSG00000020263.14",-0.0679144322,3.73114998,-0.997423814,0.326657775,1,"Geno_at_37"
"Cblb","ENSMUSG00000022637.11",0.0678866679,5.8101833,1.57496553,0.125912631,1,"Geno_at_37"
"Pabpc1","ENSMUSG00000022283.15",-0.067849672,11.1907401,-2.78410029,0.00926959139,1,"Geno_at_37"
"Rdh11","ENSMUSG00000066441.14",-0.067841757,6.29199777,-1.01276892,0.323069203,1,"Geno_at_37"
"5830417I10Rik","ENSMUSG00000078684.8",0.0678382638,4.18356996,1.18034466,0.24727875,1,"Geno_at_37"
"Tpgs2","ENSMUSG00000024269.11",-0.0678189788,3.59191812,-1.05187317,0.301384811,1,"Geno_at_37"
"Gm47539","ENSMUSG00000112760.1",-0.0678081994,-0.592712156,-0.62887012,0.534266163,1,"Geno_at_37"
"Dalrd3","ENSMUSG00000019039.14",0.0678053452,5.09519937,1.61487651,0.116967422,1,"Geno_at_37"
"Gm42688","ENSMUSG00000079511.8",0.0677965634,0.671471671,0.559257702,0.580200724,1,"Geno_at_37"
"Ccin","ENSMUSG00000070999.2",-0.0677952517,-0.763352868,-0.627465808,0.535173421,1,"Geno_at_37"
"Stap1","ENSMUSG00000029254.16",-0.0677926612,5.01443176,-0.853652318,0.402749838,1,"Geno_at_37"
"Stx1a","ENSMUSG00000007207.10",0.0677831836,4.49367723,1.33550189,0.19190981,1,"Geno_at_37"
"Tusc1","ENSMUSG00000054000.5",0.0677733774,1.32278915,0.58869575,0.560539348,1,"Geno_at_37"
"Smcr8","ENSMUSG00000049323.8",0.0677677649,6.36828288,1.5750964,0.125882408,1,"Geno_at_37"
"Lratd1","ENSMUSG00000020607.7",-0.0677583081,1.43620743,-0.534439249,0.597036628,1,"Geno_at_37"
"Gm11575","ENSMUSG00000081562.1",0.0677425895,-0.678993127,0.700746584,0.488943307,1,"Geno_at_37"
"Ndufs8","ENSMUSG00000059734.7",-0.0677353853,5.68279428,-1.67432737,0.104621207,1,"Geno_at_37"
"Gm11209","ENSMUSG00000085177.1",-0.0677261203,0.163953794,-0.494128819,0.624868962,1,"Geno_at_37"
"Gm5224","ENSMUSG00000098210.1",0.0677155759,-0.337494432,0.581285602,0.565456436,1,"Geno_at_37"
"Klk9","ENSMUSG00000047884.6",0.0677011903,0.0380024125,0.471544872,0.640715233,1,"Geno_at_37"
"Akap8l","ENSMUSG00000002625.10",-0.0677006868,5.57671224,-1.35086703,0.186993194,1,"Geno_at_37"
"Nrip3","ENSMUSG00000034825.14",0.0676953549,1.31030233,0.600657347,0.552648313,1,"Geno_at_37"
"Ctdnep1","ENSMUSG00000018559.16",-0.0676784492,6.62932789,-2.09432361,0.0449150803,1,"Geno_at_37"
"Wdfy4","ENSMUSG00000051506.17",-0.0676663183,2.86409983,-0.898248549,0.376314904,1,"Geno_at_37"
"Erich6","ENSMUSG00000070471.3",-0.0676501758,-0.652943758,-0.694860919,0.492571064,1,"Geno_at_37"
"Zbtb22","ENSMUSG00000051390.10",-0.0676428939,5.01152893,-1.53156439,0.136268006,1,"Geno_at_37"
"2010320M18Rik","ENSMUSG00000100691.1",-0.0676301614,1.85360562,-0.557637157,0.581292873,1,"Geno_at_37"
"Snora57","ENSMUSG00000070167.1",0.0676257196,1.41453894,0.639946105,0.527139223,1,"Geno_at_37"
"Ovgp1","ENSMUSG00000074340.9",-0.0676186497,1.47987206,-0.656173273,0.516790527,1,"Geno_at_37"
"Atp5pb-ps","ENSMUSG00000044751.5",-0.0676180076,4.37197282,-1.23977761,0.22481438,1,"Geno_at_37"
"Phc3","ENSMUSG00000037652.15",0.0676146938,9.0660088,2.40543685,0.0226282127,1,"Geno_at_37"
"Tlcd2","ENSMUSG00000038217.13",0.0675922948,1.29204943,0.554566233,0.583365258,1,"Geno_at_37"
"Lcn4","ENSMUSG00000026919.1",-0.0675792344,-0.313670366,-0.67296543,0.506199107,1,"Geno_at_37"
"Gm48210","ENSMUSG00000112770.1",0.0675537726,1.50037454,0.711176079,0.482552191,1,"Geno_at_37"
"Pms2","ENSMUSG00000079109.11",0.0675486217,5.56429288,1.88351143,0.0695075197,1,"Geno_at_37"
"Clcnkb","ENSMUSG00000006216.10",0.0675454712,-0.0922527257,0.583977391,0.563667751,1,"Geno_at_37"
"Gm19774","ENSMUSG00000099488.1",-0.067544169,1.95601783,-0.674911438,0.504979495,1,"Geno_at_37"
"Gm42873","ENSMUSG00000105217.1",0.0675280329,-0.142961985,0.497504576,0.622515666,1,"Geno_at_37"
"Mapk3","ENSMUSG00000063065.13",-0.0675267666,5.70594942,-1.49672204,0.145072539,1,"Geno_at_37"
"Adamts20","ENSMUSG00000022449.14",-0.0675137331,-0.654019863,-0.750426335,0.458932706,1,"Geno_at_37"
"D930015M05Rik","ENSMUSG00000084781.1",0.0675010275,0.0616999178,0.550356482,0.586212041,1,"Geno_at_37"
"Fam167b","ENSMUSG00000050493.8",-0.0674846716,-0.633847572,-0.700065562,0.489362294,1,"Geno_at_37"
"Igdcc4","ENSMUSG00000032816.15",0.067484619,-0.800786672,0.808487611,0.425272158,1,"Geno_at_37"
"Gm17045","ENSMUSG00000094737.1",0.0674816785,-0.569630424,0.624380957,0.537169257,1,"Geno_at_37"
"Gm50230","ENSMUSG00000117905.1",-0.0674814337,-0.329558488,-0.616938588,0.542000461,1,"Geno_at_37"
"Gm45403","ENSMUSG00000110003.1",0.0674774491,0.825417103,0.535052498,0.596617818,1,"Geno_at_37"
"Gm2093","ENSMUSG00000097662.1",0.06746502,-0.446584981,0.609618756,0.546774259,1,"Geno_at_37"
"Nfat5","ENSMUSG00000003847.16",0.0674546017,9.4096103,1.04292868,0.311087978,1,"Geno_at_37"
"Gm5432","ENSMUSG00000097580.1",0.0674444261,-0.745560755,0.71137451,0.482431059,1,"Geno_at_37"
"Acp1","ENSMUSG00000044573.16",-0.0674189325,6.33808408,-2.12098267,0.0424313817,1,"Geno_at_37"
"Gm14305","ENSMUSG00000078878.9",-0.0673715023,2.03890633,-0.759224576,0.453733111,1,"Geno_at_37"
"Nfkb2","ENSMUSG00000025225.15",0.0673713539,8.10543489,0.917977283,0.371207853,1,"Geno_at_37"
"Gm44040","ENSMUSG00000107458.1",0.0673705319,-0.710634732,0.593518367,0.557350984,1,"Geno_at_37"
"Mon1a","ENSMUSG00000032583.7",0.0673620173,3.91654454,1.08662603,0.285987782,1,"Geno_at_37"
"Gm27942","ENSMUSG00000099206.1",0.0673614637,-0.361243195,0.454124791,0.65323569,1,"Geno_at_37"
"Gm30373","ENSMUSG00000111758.1",-0.0673609349,2.66495652,-0.814564841,0.421838576,1,"Geno_at_37"
"Arhgef17","ENSMUSG00000032875.8",-0.067351742,0.758233012,-0.58915092,0.560238026,1,"Geno_at_37"
"2010003K11Rik","ENSMUSG00000042041.7",0.0673484852,1.12826744,0.566575225,0.57528179,1,"Geno_at_37"
"Gm49972","ENSMUSG00000117372.1",-0.0673449343,-0.586798588,-0.600915041,0.552478945,1,"Geno_at_37"
"Gm9449","ENSMUSG00000108892.1",-0.0673361713,-0.502006277,-0.540233603,0.593085087,1,"Geno_at_37"
"Itm2c","ENSMUSG00000026223.15",-0.0673287524,5.63914087,-1.60608886,0.118890633,1,"Geno_at_37"
"Gm17709","ENSMUSG00000091952.3",0.0673249444,4.49557159,1.45511815,0.156179487,1,"Geno_at_37"
"Mybl2","ENSMUSG00000017861.11",0.0673009592,6.24835608,1.45841479,0.155275317,1,"Geno_at_37"
"Arhgap26","ENSMUSG00000036452.18",-0.0672977341,3.1482674,-1.01251458,0.319512263,1,"Geno_at_37"
"Olfr753-ps1","ENSMUSG00000090556.5",-0.0672957213,-0.273600387,-0.46210204,0.647438788,1,"Geno_at_37"
"Fam217b","ENSMUSG00000070476.10",0.0672567796,0.00117971098,0.578309941,0.567437085,1,"Geno_at_37"
"Homer1","ENSMUSG00000007617.18",0.067235993,5.08272517,1.62591955,0.114587097,1,"Geno_at_37"
"Hagh","ENSMUSG00000024158.17",-0.067222336,4.12444754,-1.19371208,0.242087138,1,"Geno_at_37"
"Fuz","ENSMUSG00000011658.16",-0.0672204701,4.1868154,-1.39650048,0.172967138,1,"Geno_at_37"
"Gm48958","ENSMUSG00000114996.1",0.067214653,-0.618703173,0.508225395,0.615079277,1,"Geno_at_37"
"Hspb1","ENSMUSG00000004951.10",0.0672131642,-0.552571674,0.636499991,0.529351178,1,"Geno_at_37"
"Rpl9","ENSMUSG00000047215.14",-0.0672102208,6.10871369,-1.24840665,0.222939509,1,"Geno_at_37"
"Fermt2","ENSMUSG00000037712.16",-0.0672054392,0.0770477242,-0.540239074,0.593081362,1,"Geno_at_37"
"Gm37145","ENSMUSG00000102278.1",0.0672053025,2.22197619,0.675050538,0.50489238,1,"Geno_at_37"
"Gas8","ENSMUSG00000040220.10",0.0672043213,3.81968868,1.14121051,0.262947713,1,"Geno_at_37"
"Acer2","ENSMUSG00000038007.14",-0.0671846358,2.00703626,-0.677997481,0.503048737,1,"Geno_at_37"
"Zfp438","ENSMUSG00000050945.8",0.0671650482,2.30098006,0.840091229,0.407604029,1,"Geno_at_37"
"Marcksl1","ENSMUSG00000047945.6",-0.067156618,7.35330337,-1.41224291,0.169791099,1,"Geno_at_37"
"Gm14321","ENSMUSG00000084797.1",0.0671551948,2.15566643,0.844158744,0.405363923,1,"Geno_at_37"
"Gm9616","ENSMUSG00000114003.1",-0.0671375911,8.59812539,-2.13864447,0.0408538875,1,"Geno_at_37"
"Saxo2","ENSMUSG00000038570.15",-0.0671285385,-0.472586753,-0.559229836,0.580219496,1,"Geno_at_37"
"Fnip1","ENSMUSG00000035992.15",0.0671265729,6.84346392,1.77034429,0.0869886369,1,"Geno_at_37"
"Gm5814","ENSMUSG00000096361.2",-0.0671226473,0.908381403,-0.560886277,0.579104183,1,"Geno_at_37"
"Chst15","ENSMUSG00000030930.14",-0.0671031854,2.56178323,-0.906727146,0.37188682,1,"Geno_at_37"
"Shld1","ENSMUSG00000044991.10",0.0671014498,2.72125874,0.870767722,0.390901126,1,"Geno_at_37"
"Tiam1","ENSMUSG00000002489.16",-0.0670944136,6.80266902,-1.53454367,0.13553571,1,"Geno_at_37"
"Znf41-ps","ENSMUSG00000084350.1",0.0670835243,3.27000728,1.12537905,0.269487231,1,"Geno_at_37"
"S100a5","ENSMUSG00000001023.10",0.0670832728,-0.802225618,0.812761449,0.42285569,1,"Geno_at_37"
"Gm37733","ENSMUSG00000103227.1",0.0670676212,0.519771539,0.490968613,0.627075645,1,"Geno_at_37"
"Nek4","ENSMUSG00000021918.10",0.0670587837,4.49833729,1.30912976,0.200580645,1,"Geno_at_37"
"Klrc2","ENSMUSG00000052736.15",0.0670573126,2.2304504,0.570984353,0.572370908,1,"Geno_at_37"
"Fbxo32","ENSMUSG00000022358.7",-0.0670493902,5.71960687,-1.14543923,0.26263397,1,"Geno_at_37"
"Gm9742","ENSMUSG00000113508.1",0.0670434613,0.782651521,0.530605054,0.599658315,1,"Geno_at_37"
"Bnip3l-ps","ENSMUSG00000073198.5",0.067041079,4.52135607,0.996859385,0.327127897,1,"Geno_at_37"
"Chtf18","ENSMUSG00000019214.14",0.0669972165,5.44266604,1.51923971,0.139331551,1,"Geno_at_37"
"Wdr35","ENSMUSG00000066643.12",0.0669780848,3.22910316,1.03623254,0.308500471,1,"Geno_at_37"
"B3gntl1","ENSMUSG00000046605.14",0.0669774079,2.79338969,0.909007529,0.370701672,1,"Geno_at_37"
"Slamf6","ENSMUSG00000015314.10",0.0669739237,4.00589685,1.35122889,0.186878595,1,"Geno_at_37"
"Tpt1-ps1","ENSMUSG00000083546.1",-0.066970511,-0.890417237,-0.722018677,0.475958825,1,"Geno_at_37"
"Il10ra","ENSMUSG00000032089.16",0.0669652208,5.17392988,1.03283616,0.311313466,1,"Geno_at_37"
"Zbtb16","ENSMUSG00000066687.5",0.0669418884,-0.154754221,0.608723222,0.547359801,1,"Geno_at_37"
"Pard3","ENSMUSG00000025812.18",0.0669286666,2.81556551,0.740216768,0.465010161,1,"Geno_at_37"
"Zfhx2","ENSMUSG00000040721.9",-0.0669157638,3.53785713,-0.752684719,0.457917464,1,"Geno_at_37"
"Kcnh2","ENSMUSG00000038319.14",-0.0669091028,2.8663966,-0.88332072,0.384193971,1,"Geno_at_37"
"Ash1l","ENSMUSG00000028053.13",0.066904138,6.88712221,2.16873417,0.0382863924,1,"Geno_at_37"
"Elovl7","ENSMUSG00000021696.9",0.0669026337,1.4832214,0.670244739,0.50790696,1,"Geno_at_37"
"Fam83c","ENSMUSG00000074647.4",-0.0668948488,-0.436674533,-0.600623809,0.552670358,1,"Geno_at_37"
"Abcb9","ENSMUSG00000029408.13",-0.0668943888,1.38084138,-0.621312828,0.539158169,1,"Geno_at_37"
"Dbp","ENSMUSG00000059824.12",-0.0668941886,3.98689046,-0.781561843,0.441566081,1,"Geno_at_37"
"Gm9974","ENSMUSG00000055497.5",-0.0668530611,-0.539964296,-0.596394135,0.555454162,1,"Geno_at_37"
"Gas7","ENSMUSG00000033066.16",-0.0668497124,-0.732740828,-0.665994941,0.510581025,1,"Geno_at_37"
"Gm4734","ENSMUSG00000106208.1",-0.0668453803,-0.227053546,-0.496870566,0.622957337,1,"Geno_at_37"
"Gm17241","ENSMUSG00000115938.1",0.0667793586,-0.590874555,0.618603783,0.540917526,1,"Geno_at_37"
"4930453N24Rik","ENSMUSG00000059920.9",-0.0667790459,5.38802546,-1.69329556,0.100918481,1,"Geno_at_37"
"Gm5380","ENSMUSG00000081255.1",0.066773599,0.0381015454,0.476448603,0.637259463,1,"Geno_at_37"
"Gm37238","ENSMUSG00000103373.1",0.0667578414,0.523202061,0.463424759,0.646455683,1,"Geno_at_37"
"Smco4","ENSMUSG00000058173.12",-0.0667551622,4.18052135,-1.22979405,0.228477092,1,"Geno_at_37"
"Mir6948","ENSMUSG00000106169.1",0.0667467585,-0.734781657,0.574428342,0.570025982,1,"Geno_at_37"
"Gm3739","ENSMUSG00000091472.2",-0.0667452633,-0.729802405,-0.555447592,0.582770111,1,"Geno_at_37"
"1700012D14Rik","ENSMUSG00000110424.1",-0.0667421291,1.23881653,-0.68882917,0.496304554,1,"Geno_at_37"
"Sesn2","ENSMUSG00000028893.8",-0.0667387328,5.03814322,-0.581899635,0.568261767,1,"Geno_at_37"
"Cd4","ENSMUSG00000023274.14",-0.0667360934,8.26479161,-2.16133894,0.0389036902,1,"Geno_at_37"
"2210406H18Rik","ENSMUSG00000109036.1",-0.0667283768,-0.0128293177,-0.566482181,0.575344205,1,"Geno_at_37"
"Gm3695","ENSMUSG00000067224.3",-0.0667245874,-0.200705046,-0.528652581,0.60099545,1,"Geno_at_37"
"Gm17334","ENSMUSG00000091191.2",-0.0667204447,3.58758514,-0.453375071,0.655777507,1,"Geno_at_37"
"Psors1c2","ENSMUSG00000024409.8",0.0667170361,-0.514495993,0.586549088,0.561961548,1,"Geno_at_37"
"Fam155a","ENSMUSG00000079157.4",0.0667152897,-0.232064114,0.484122718,0.631867969,1,"Geno_at_37"
"Prdx2","ENSMUSG00000005161.15",-0.0667060016,7.33706909,-2.31219042,0.0279251765,1,"Geno_at_37"
"Gm29170","ENSMUSG00000100455.1",0.0667013131,2.57617627,0.693957083,0.493129504,1,"Geno_at_37"
"Gm32312","ENSMUSG00000116530.1",0.066673103,-0.715891449,0.761959624,0.452123894,1,"Geno_at_37"
"Otud1","ENSMUSG00000043415.5",-0.0666642936,2.58494212,-0.832566887,0.411768318,1,"Geno_at_37"
"Gnai1","ENSMUSG00000057614.6",0.0666635162,-0.898277652,0.813305815,0.422548508,1,"Geno_at_37"
"Ndnf","ENSMUSG00000049001.5",0.0666594993,1.68471207,0.469868488,0.642164444,1,"Geno_at_37"
"Gm43863","ENSMUSG00000107608.1",0.0666541587,1.5105481,0.593622891,0.557281983,1,"Geno_at_37"
"Stx11","ENSMUSG00000039232.12",0.066649544,6.36806528,0.70945325,0.487727534,1,"Geno_at_37"
"Gm15563","ENSMUSG00000086387.1",-0.0666394569,0.0313175789,-0.486535989,0.630176739,1,"Geno_at_37"
"Gm43655","ENSMUSG00000104864.1",-0.0666390209,-0.558587305,-0.654465292,0.51787454,1,"Geno_at_37"
"Pcbd2","ENSMUSG00000021496.12",-0.0666384342,3.13087455,-0.83281131,0.411632628,1,"Geno_at_37"
"Cbx4","ENSMUSG00000039989.7",-0.0666302203,5.2119833,-1.52938561,0.136805576,1,"Geno_at_37"
"Il4","ENSMUSG00000000869.12",0.0666223309,0.116333989,0.515750347,0.609866821,1,"Geno_at_37"
"Gm26981","ENSMUSG00000098041.1",-0.0665909059,1.09197737,-0.534992628,0.5966587,1,"Geno_at_37"
"Mir27a","ENSMUSG00000065444.1",-0.0665890865,-0.475872993,-0.561882171,0.578434139,1,"Geno_at_37"
"4833413G10Rik","ENSMUSG00000104950.1",-0.0665794496,1.02776414,-0.55633479,0.582171322,1,"Geno_at_37"
"Gm5518","ENSMUSG00000068466.6",0.0665735255,0.954480329,0.527443484,0.6018242,1,"Geno_at_37"
"Vta1","ENSMUSG00000019868.16",-0.0665722309,5.29529734,-1.55177934,0.131361742,1,"Geno_at_37"
"Pcgf5","ENSMUSG00000024805.16",0.0665694521,6.59474465,1.67614297,0.104261946,1,"Geno_at_37"
"Trbv17","ENSMUSG00000076474.3",-0.0665597682,1.63128988,-0.675826808,0.504406373,1,"Geno_at_37"
"Ticam2","ENSMUSG00000056130.10",-0.0665400043,2.99997369,-0.633959245,0.531381388,1,"Geno_at_37"
"Helb","ENSMUSG00000020228.11",0.0665393026,6.36488116,1.83362831,0.0768008545,1,"Geno_at_37"
"Sult1a1","ENSMUSG00000030711.16",0.0665187673,0.074513788,0.628561139,0.534465711,1,"Geno_at_37"
"Gm26347","ENSMUSG00000088151.1",0.0665088072,-0.608441497,0.676741795,0.503833852,1,"Geno_at_37"
"Arhgap27os3","ENSMUSG00000085887.2",-0.0664917484,5.75154205,-1.05015979,0.304462212,1,"Geno_at_37"
"Nlrc3","ENSMUSG00000049871.14",-0.0664912501,6.01610112,-1.23886823,0.226199209,1,"Geno_at_37"
"9430041J12Rik","ENSMUSG00000086155.7",-0.0664856383,0.21917675,-0.468025216,0.64320068,1,"Geno_at_37"
"Slc44a1","ENSMUSG00000028412.17",-0.0664828957,6.30542843,-1.68981585,0.101589409,1,"Geno_at_37"
"Dnmt3a","ENSMUSG00000020661.15",0.0664772832,7.98045688,1.79975434,0.0821193779,1,"Geno_at_37"
"Gm10997","ENSMUSG00000109879.1",-0.0664423788,-0.317037333,-0.495126033,0.624173368,1,"Geno_at_37"
"Ttc41","ENSMUSG00000044937.15",-0.0664418111,1.53245229,-0.534398318,0.597064586,1,"Geno_at_37"
"Klhl15","ENSMUSG00000043929.16",-0.0664277627,3.72993582,-0.947955711,0.350841307,1,"Geno_at_37"
"Glipr2","ENSMUSG00000028480.14",0.0664219818,6.01160678,2.0075171,0.0539172859,1,"Geno_at_37"
"Trbv29","ENSMUSG00000076480.2",-0.0664146493,3.00429261,-0.949283137,0.350177148,1,"Geno_at_37"
"2700038G22Rik","ENSMUSG00000097180.5",-0.0664002138,3.81120168,-1.04189037,0.305913083,1,"Geno_at_37"
"Gm29787","ENSMUSG00000113521.1",-0.0663968408,-0.196059369,-0.569303508,0.573453121,1,"Geno_at_37"
"Mrpl24","ENSMUSG00000019710.13",0.0663807552,5.98858989,1.81496045,0.0796942056,1,"Geno_at_37"
"Mea1","ENSMUSG00000002768.8",-0.0663765438,4.84261346,-1.57244126,0.12649675,1,"Geno_at_37"
"Gm2623","ENSMUSG00000106654.1",-0.0663542235,0.243164735,-0.47959367,0.635047414,1,"Geno_at_37"
"Rpl36a-ps2","ENSMUSG00000105388.1",-0.0663254584,8.51818459,-1.78200209,0.0850299471,1,"Geno_at_37"
"Abca3","ENSMUSG00000024130.16",0.0663195826,5.9036958,1.9618147,0.0592655159,1,"Geno_at_37"
"Kdm5c","ENSMUSG00000025332.14",0.0663189348,7.33560548,2.00672466,0.0540062898,1,"Geno_at_37"
"Rps3a1","ENSMUSG00000028081.6",-0.0662860466,9.22672033,-2.04536157,0.0498139478,1,"Geno_at_37"
"Abcb4","ENSMUSG00000042476.12",-0.0662777594,1.13605218,-0.493018306,0.625644001,1,"Geno_at_37"
"Gpr155","ENSMUSG00000041762.16",0.066271541,2.56264863,0.751539392,0.458272976,1,"Geno_at_37"
"Got2","ENSMUSG00000031672.8",-0.0662663619,7.40828827,-1.76022772,0.0887192764,1,"Geno_at_37"
"Hspd1-ps3","ENSMUSG00000058809.8",0.066217357,7.31531387,1.96581664,0.0587793632,1,"Geno_at_37"
"Lat","ENSMUSG00000030742.7",-0.0662118308,8.36045777,-1.88827053,0.0688439791,1,"Geno_at_37"
"Gm15503","ENSMUSG00000084964.2",0.0662046797,0.652931889,0.49638926,0.623292724,1,"Geno_at_37"
"Tro","ENSMUSG00000025272.16",0.0662004238,-0.451603293,0.516912271,0.609065397,1,"Geno_at_37"
"Rps12-ps4","ENSMUSG00000109509.1",-0.066174776,2.01828527,-0.640288863,0.526919488,1,"Geno_at_37"
"Paxx","ENSMUSG00000047617.11",-0.0661641098,3.68347214,-0.958367251,0.34565456,1,"Geno_at_37"
"Gm13690","ENSMUSG00000086436.2",0.0661599566,0.0524585108,0.483617841,0.632222046,1,"Geno_at_37"
"Smg7","ENSMUSG00000042772.15",0.0661598703,7.50746492,2.04659461,0.0496850107,1,"Geno_at_37"
"Gm8000","ENSMUSG00000101132.2",0.066155193,-0.784061788,0.767839497,0.448675865,1,"Geno_at_37"
"Atpaf1","ENSMUSG00000028710.18",0.0661441249,3.5978253,1.0214052,0.315353219,1,"Geno_at_37"
"Gm48653","ENSMUSG00000113425.1",-0.0661258068,1.06709283,-0.537608924,0.594873463,1,"Geno_at_37"
"Gtse1","ENSMUSG00000022385.11",-0.0661241814,6.16524821,-1.75503476,0.0896189056,1,"Geno_at_37"
"4930500F04Rik","ENSMUSG00000107214.3",-0.066122878,-0.950454263,-0.9494813,0.350078072,1,"Geno_at_37"
"Pvt1","ENSMUSG00000097039.8",-0.0661216772,4.36961842,-1.2088463,0.236307158,1,"Geno_at_37"
"Exoc8","ENSMUSG00000074030.3",0.0661072182,4.87049658,1.26698203,0.215057866,1,"Geno_at_37"
"Matk","ENSMUSG00000004933.17",-0.0660993558,2.65411908,-0.735701843,0.467712702,1,"Geno_at_37"
"Gm9885","ENSMUSG00000052629.5",-0.0660865807,-0.968000566,-0.928371218,0.360737611,1,"Geno_at_37"
"1810044D09Rik","ENSMUSG00000100680.1",-0.0660858161,0.921503219,-0.525921114,0.602868446,1,"Geno_at_37"
"Gm4928","ENSMUSG00000112515.1",-0.0660815268,3.95728093,-1.15819077,0.256062514,1,"Geno_at_37"
"Sh3bp5l","ENSMUSG00000013646.17",-0.0660695522,4.98571027,-1.31522322,0.198550933,1,"Geno_at_37"
"Gm6579","ENSMUSG00000109565.1",-0.0660459559,-0.430670374,-0.622398722,0.538453796,1,"Geno_at_37"
"Gm42548","ENSMUSG00000106959.1",-0.0660355103,0.0373754785,-0.542091284,0.591820888,1,"Geno_at_37"
"Gm6583","ENSMUSG00000051503.2",-0.0660170422,-0.552362764,-0.597658623,0.554621172,1,"Geno_at_37"
"Cdk1","ENSMUSG00000019942.13",-0.0659962423,7.11535806,-1.56111792,0.129144332,1,"Geno_at_37"
"Eif3j1","ENSMUSG00000027236.8",0.0659955471,5.82899193,1.7773413,0.085808489,1,"Geno_at_37"
"Prkcb","ENSMUSG00000052889.11",0.065986891,4.46496216,0.883486084,0.384954282,1,"Geno_at_37"
"Stau2","ENSMUSG00000025920.19",0.0659836128,2.91491992,0.822442064,0.41741353,1,"Geno_at_37"
"Acyp2","ENSMUSG00000060923.5",-0.0659740063,-0.266675762,-0.60689097,0.548558831,1,"Geno_at_37"
"Nol6","ENSMUSG00000028430.14",-0.0659494257,6.86006579,-2.0328364,0.051140486,1,"Geno_at_37"
"Gm49915","ENSMUSG00000117128.1",-0.065948536,0.0728501882,-0.480404919,0.634477384,1,"Geno_at_37"
"Akr1b10","ENSMUSG00000061758.13",-0.0659463179,3.01471026,-0.933847004,0.357952242,1,"Geno_at_37"
"Kifap3","ENSMUSG00000026585.13",-0.0659312574,4.11337363,-1.16810383,0.252104304,1,"Geno_at_37"
"Izumo4","ENSMUSG00000055862.7",-0.0659267221,4.2132119,-1.09877517,0.280739237,1,"Geno_at_37"
"Plppr2","ENSMUSG00000040563.13",-0.0659218646,1.32295606,-0.530528278,0.599710868,1,"Geno_at_37"
"Adrm1","ENSMUSG00000039041.15",-0.0658995281,5.79981549,-1.57678362,0.125493293,1,"Geno_at_37"
"Tsc22d4","ENSMUSG00000029723.16",-0.0658957171,6.9186165,-1.73325923,0.0934757959,1,"Geno_at_37"
"Maged1","ENSMUSG00000025151.16",-0.0658706321,4.76406246,-1.17410893,0.249728427,1,"Geno_at_37"
"Btbd11","ENSMUSG00000020042.15",0.0658706096,3.58907569,0.810171132,0.424319269,1,"Geno_at_37"
"Ift74","ENSMUSG00000028576.12",0.0658701293,3.33921543,0.874877498,0.388697053,1,"Geno_at_37"
"Abcg3","ENSMUSG00000029299.14",0.0658619561,0.373336508,0.515876218,0.609779979,1,"Geno_at_37"
"Tnks","ENSMUSG00000031529.5",0.0658609944,6.56585957,1.85410114,0.0737316968,1,"Geno_at_37"
"Slc28a2","ENSMUSG00000027219.13",-0.0658560019,5.03479564,-1.35431496,0.185903458,1,"Geno_at_37"
"Zfp870","ENSMUSG00000095325.3",0.0658495769,3.16122784,0.935755696,0.3569847,1,"Geno_at_37"
"Gm16098","ENSMUSG00000086754.1",0.0658488904,-0.802700811,0.840701034,0.407267697,1,"Geno_at_37"
"Gm43652","ENSMUSG00000105008.1",-0.0658469407,-0.0254715009,-0.414989316,0.681299879,1,"Geno_at_37"
"Plpbp","ENSMUSG00000031485.15",0.0658400486,5.08450512,1.62849874,0.114036962,1,"Geno_at_37"
"Gm13212","ENSMUSG00000078502.10",0.0658351702,4.31456321,0.826523516,0.416136389,1,"Geno_at_37"
"Rpl7-ps7","ENSMUSG00000106926.1",-0.0658220675,6.37093731,-1.46611027,0.153180936,1,"Geno_at_37"
"Poglut2","ENSMUSG00000026047.13",0.0658200799,3.09250881,0.950499611,0.349569239,1,"Geno_at_37"
"A830005F24Rik","ENSMUSG00000053181.1",-0.0658162382,-0.832687896,-0.827013313,0.41485886,1,"Geno_at_37"
"Gm14230","ENSMUSG00000087179.8",0.0658063704,2.69975251,0.802159624,0.428865595,1,"Geno_at_37"
"Zfp82","ENSMUSG00000098022.7",0.0658054967,0.638076961,0.490333887,0.62751928,1,"Geno_at_37"
"Mrtfa","ENSMUSG00000042292.18",-0.0657997712,5.80214684,-1.38422433,0.176656585,1,"Geno_at_37"
"Palm3","ENSMUSG00000047986.12",0.0657891522,3.21476814,0.822217605,0.417539221,1,"Geno_at_37"
"Lta","ENSMUSG00000024402.5",-0.0657847868,9.15523342,-0.783880815,0.444226568,1,"Geno_at_37"
"Mlycd","ENSMUSG00000074064.6",-0.0657828427,3.04959029,-0.779458017,0.441908954,1,"Geno_at_37"
"Tssc4","ENSMUSG00000045752.13",-0.0657622216,5.16870407,-1.39360188,0.173832769,1,"Geno_at_37"
"Zfp664","ENSMUSG00000079215.8",0.0657604004,6.76493954,1.81618857,0.079501035,1,"Geno_at_37"
"Fancm","ENSMUSG00000055884.8",0.0657598985,6.1153738,1.48406297,0.148382776,1,"Geno_at_37"
"Traj26","ENSMUSG00000076903.1",-0.0657551782,0.103111037,-0.517456652,0.608690087,1,"Geno_at_37"
"D930028M14Rik","ENSMUSG00000074274.7",-0.0657431116,-0.582298422,-0.604546081,0.550095318,1,"Geno_at_37"
"Fndc3a","ENSMUSG00000033487.14",-0.0657228129,7.06097261,-1.58300623,0.124066712,1,"Geno_at_37"
"Platr27","ENSMUSG00000087547.1",-0.0657180648,0.259021884,-0.375891119,0.709980602,1,"Geno_at_37"
"Tgm4","ENSMUSG00000025787.6",-0.0656991749,0.433885331,-0.53383707,0.597448013,1,"Geno_at_37"
"Mmp9","ENSMUSG00000017737.2",-0.065694273,-0.741069484,-0.608789397,0.547316522,1,"Geno_at_37"
"Gm49745","ENSMUSG00000116604.1",0.0656917555,-0.37080156,0.596690594,0.55525881,1,"Geno_at_37"
"Pear1","ENSMUSG00000028073.15",-0.0656865335,4.45297889,-1.15404655,0.25773066,1,"Geno_at_37"
"Cd55","ENSMUSG00000026399.12",-0.065679285,5.10100208,-1.56108156,0.129152907,1,"Geno_at_37"
"Agtpbp1","ENSMUSG00000021557.15",0.0656791836,5.58152449,2.04406443,0.049949906,1,"Geno_at_37"
"Bambi","ENSMUSG00000024232.2",-0.0656783552,2.51033551,-0.817465672,0.420205674,1,"Geno_at_37"
"Igsf9b","ENSMUSG00000034275.18",-0.0656728967,0.422638558,-0.431141705,0.669494686,1,"Geno_at_37"
"Fam120c","ENSMUSG00000025262.8",0.0656658018,2.38954188,0.661178692,0.513620845,1,"Geno_at_37"
"Gm36208","ENSMUSG00000112220.1",0.0656563395,-0.0562612367,0.510492783,0.613499303,1,"Geno_at_37"
"Zfp72","ENSMUSG00000069184.4",-0.065655523,1.40307485,-0.586377026,0.562075621,1,"Geno_at_37"
"Ppic","ENSMUSG00000024538.8",0.0656553325,2.593183,0.727765661,0.47248525,1,"Geno_at_37"
"Evi2a","ENSMUSG00000078771.10",-0.0656507718,1.92609005,-0.556758476,0.581885473,1,"Geno_at_37"
"Gm6712","ENSMUSG00000072761.10",-0.0656471157,1.94446979,-0.665395167,0.510959038,1,"Geno_at_37"
"Zfp36","ENSMUSG00000044786.6",-0.0656430513,5.53772059,-0.477348368,0.639451473,1,"Geno_at_37"
"Rplp1","ENSMUSG00000007892.8",-0.065642177,9.93711992,-2.05958426,0.0483444811,1,"Geno_at_37"
"Gp5","ENSMUSG00000047953.7",0.0656411156,-0.589383844,0.620162374,0.539904949,1,"Geno_at_37"
"Gm15190","ENSMUSG00000082693.3",0.0656408741,4.28730154,1.1017934,0.279446063,1,"Geno_at_37"
"H2ac12","ENSMUSG00000069302.5",0.0656323672,-0.578154778,0.601978332,0.551780387,1,"Geno_at_37"
"Obp2a","ENSMUSG00000062061.3",-0.0656047104,0.0863997413,-0.545283866,0.589651299,1,"Geno_at_37"
"Epha2","ENSMUSG00000006445.3",0.0656037279,1.59469133,0.450511033,0.655906648,1,"Geno_at_37"
"Gm21596","ENSMUSG00000096006.1",0.0655964591,2.18111802,0.72350999,0.475056038,1,"Geno_at_37"
"Gm11573","ENSMUSG00000084068.1",0.0655815096,-0.379195058,0.333471747,0.74211709,1,"Geno_at_37"
"Gm18371","ENSMUSG00000118266.1",0.0655583071,-0.712629718,0.581240449,0.565486464,1,"Geno_at_37"
"8430426J06Rik","ENSMUSG00000115970.1",-0.0655532653,-0.541375761,-0.687741804,0.496979289,1,"Geno_at_37"
"Fbf1","ENSMUSG00000020776.18",-0.0655336195,4.95461687,-1.21408863,0.234329142,1,"Geno_at_37"
"Tomm7","ENSMUSG00000028998.6",-0.0655188483,6.18126346,-1.72302276,0.095336716,1,"Geno_at_37"
"Egln1","ENSMUSG00000031987.6",-0.0655183517,6.99766755,-0.901036576,0.379344488,1,"Geno_at_37"
"Mafk","ENSMUSG00000018143.10",-0.0655123437,5.54194102,-1.24784748,0.221939017,1,"Geno_at_37"
"Trav9-4","ENSMUSG00000096678.3",-0.0655078754,1.40577828,-0.673052619,0.506144429,1,"Geno_at_37"
"Ppp1r13l","ENSMUSG00000040734.14",0.0655053677,3.47126388,0.929139479,0.36034596,1,"Geno_at_37"
"Ubb-ps","ENSMUSG00000044285.8",0.0655048753,7.07561235,1.20457331,0.240685968,1,"Geno_at_37"
"Aldh3b1","ENSMUSG00000024885.9",-0.0655039187,-0.29636101,-0.491699275,0.626565132,1,"Geno_at_37"
"Map3k7","ENSMUSG00000028284.13",-0.0655033382,7.99513227,-2.39238217,0.0233100202,1,"Geno_at_37"
"Tbc1d8b","ENSMUSG00000042473.8",0.0654960535,3.78010653,1.06725459,0.294499922,1,"Geno_at_37"
"Parvb","ENSMUSG00000022438.6",-0.0654883077,0.0984727845,-0.55647724,0.582075207,1,"Geno_at_37"
"Brca1","ENSMUSG00000017146.12",0.065463841,6.83775701,1.37990616,0.178801621,1,"Geno_at_37"
"Gm15921","ENSMUSG00000094092.1",-0.0654179174,-0.634087255,-0.637106561,0.52896148,1,"Geno_at_37"
"Inafm1","ENSMUSG00000091811.2",-0.065411787,3.58328362,-0.95525428,0.347199948,1,"Geno_at_37"
"Kcnab3","ENSMUSG00000018470.8",-0.0654050633,1.32664224,-0.552897351,0.584493005,1,"Geno_at_37"
"Hvcn1","ENSMUSG00000064267.13",-0.0653734622,2.45704767,-0.762826972,0.451614282,1,"Geno_at_37"
"Gm12944","ENSMUSG00000084149.1",0.0653615682,0.166527609,0.473088477,0.639626532,1,"Geno_at_37"
"Rpsa-ps5","ENSMUSG00000081695.1",-0.0653501894,0.632455211,-0.541911114,0.591943441,1,"Geno_at_37"
"Gm45113","ENSMUSG00000108911.1",-0.0653354939,1.75480165,-0.612444416,0.544928848,1,"Geno_at_37"
"Gm47550","ENSMUSG00000114612.1",0.0653331119,1.45272825,0.611525806,0.545528426,1,"Geno_at_37"
"Acadl","ENSMUSG00000026003.5",0.0653127159,6.32798514,1.63489539,0.112682003,1,"Geno_at_37"
"Slc9b1","ENSMUSG00000050150.16",-0.0653048909,0.602338704,-0.444730706,0.659755239,1,"Geno_at_37"
"Lsr","ENSMUSG00000001247.16",0.0653011909,1.14102992,0.554451607,0.583442683,1,"Geno_at_37"
"Gm36931","ENSMUSG00000103779.1",-0.0652994216,-0.563220858,-0.545563317,0.589461575,1,"Geno_at_37"
"Vars2","ENSMUSG00000038838.15",-0.0652221513,5.03866856,-1.44773918,0.158218536,1,"Geno_at_37"
"Tsr2","ENSMUSG00000025264.12",-0.0652175513,5.40132744,-1.55559187,0.13045275,1,"Geno_at_37"
"Exo1","ENSMUSG00000039748.11",0.0652010886,6.07115548,1.71926881,0.0960269325,1,"Geno_at_37"
"H4c11","ENSMUSG00000067455.5",-0.0651931546,-0.416128161,-0.624928222,0.536814901,1,"Geno_at_37"
"Eps15","ENSMUSG00000028552.13",0.065183976,7.01038454,2.0280624,0.051654225,1,"Geno_at_37"
"Gm44321","ENSMUSG00000107749.1",0.0651801043,1.84884493,0.546511561,0.588818019,1,"Geno_at_37"
"Adam22","ENSMUSG00000040537.17",0.0651773448,0.710144968,0.689212289,0.496066942,1,"Geno_at_37"
"Twistnb","ENSMUSG00000020561.8",-0.0651644778,6.154304,-1.53094231,0.136421318,1,"Geno_at_37"
"Gm48427","ENSMUSG00000112234.1",0.0651491518,-0.870710058,0.705093824,0.486273537,1,"Geno_at_37"
"Xrcc3","ENSMUSG00000021287.12",-0.0651186446,5.06157958,-1.45055957,0.157436682,1,"Geno_at_37"
"Gm50069","ENSMUSG00000117634.1",-0.0651138425,0.596195316,-0.608140936,0.547740703,1,"Geno_at_37"
"Atp5c1-ps","ENSMUSG00000114809.1",-0.065109672,1.86329925,-0.674103557,0.505485617,1,"Geno_at_37"
"Chil6","ENSMUSG00000027902.8",-0.0651085066,-0.703226929,-0.621536239,0.539013213,1,"Geno_at_37"
"Gm44168","ENSMUSG00000108049.1",0.0650918469,1.57307729,0.627398401,0.53521699,1,"Geno_at_37"
"Gm43808","ENSMUSG00000107086.1",0.0650509025,0.0641253622,0.58358216,0.5639302,1,"Geno_at_37"
"Antxr2","ENSMUSG00000029338.13",-0.0650437577,5.0590145,-0.670876015,0.51071363,1,"Geno_at_37"
"Plgrkt","ENSMUSG00000016495.12",-0.0650412924,5.83248646,-1.59357121,0.121675092,1,"Geno_at_37"
"Zfp808","ENSMUSG00000074867.4",0.0650071918,3.12446686,0.907265162,0.371606982,1,"Geno_at_37"
"Gm8130","ENSMUSG00000116637.1",-0.0649968405,1.54458371,-0.657433935,0.515991209,1,"Geno_at_37"
"Atp6v0d2","ENSMUSG00000028238.6",0.0649935203,-0.109070357,0.484156357,0.631844381,1,"Geno_at_37"
"Trav13-3","ENSMUSG00000082663.2",-0.0649923489,-0.708139744,-0.66980435,0.508183703,1,"Geno_at_37"
"H2-Ob","ENSMUSG00000041538.16",-0.0649856568,2.52634608,-0.574931692,0.569866784,1,"Geno_at_37"
"Gjb2","ENSMUSG00000046352.7",-0.0649733892,0.491917853,-0.534751764,0.596823182,1,"Geno_at_37"
"Klc1","ENSMUSG00000021288.19",0.064960914,7.0329476,1.83758373,0.0761994878,1,"Geno_at_37"
"Grhl3","ENSMUSG00000037188.7",0.0649523056,-0.853909552,0.666339566,0.510363892,1,"Geno_at_37"
"P2rx2","ENSMUSG00000029503.16",-0.0649510957,0.646826864,-0.525614725,0.603078712,1,"Geno_at_37"
"E330037G11Rik","ENSMUSG00000107531.1",0.0649405501,0.645547653,0.517279971,0.608811884,1,"Geno_at_37"
"4930546K05Rik","ENSMUSG00000111767.1",0.0648933995,0.561174263,0.526888225,0.602204972,1,"Geno_at_37"
"Crybg2","ENSMUSG00000012123.17",-0.0648891894,1.96106368,-0.631315246,0.532688436,1,"Geno_at_37"
"Gm44017","ENSMUSG00000108166.1",0.0648869948,-0.454570688,0.521035506,0.60622543,1,"Geno_at_37"
"Pex26","ENSMUSG00000067825.11",0.0648803351,3.04646,0.82324132,0.41696616,1,"Geno_at_37"
"Gm42576","ENSMUSG00000107205.1",-0.0648793432,0.170026332,-0.494053753,0.624921338,1,"Geno_at_37"
"Gm43201","ENSMUSG00000104852.1",-0.064878758,0.332499546,-0.383972646,0.70395396,1,"Geno_at_37"
"Casz1","ENSMUSG00000028977.17",0.0648766665,3.49633744,0.503112612,0.620511723,1,"Geno_at_37"
"Tssk6","ENSMUSG00000047654.6",0.0648753996,0.728144865,0.430289246,0.670107632,1,"Geno_at_37"
"Coro7","ENSMUSG00000039637.15",-0.0648671978,6.88261579,-2.02198851,0.0523144059,1,"Geno_at_37"
"Rfc4","ENSMUSG00000022881.15",0.0648662866,5.66072934,1.53838824,0.134595452,1,"Geno_at_37"
"Cdc42se1","ENSMUSG00000046722.14",-0.0648645061,7.70732588,-1.95733407,0.0598139778,1,"Geno_at_37"
"A530013C23Rik","ENSMUSG00000006462.6",-0.0648565686,1.51313512,-0.622607866,0.538318189,1,"Geno_at_37"
"Glce","ENSMUSG00000032252.14",0.0648561047,4.8122722,1.2339615,0.226942762,1,"Geno_at_37"
"9430065F17Rik","ENSMUSG00000097360.8",-0.0648492313,-0.452313006,-0.640741903,0.52662913,1,"Geno_at_37"
"Apex1","ENSMUSG00000035960.14",0.0648488988,5.51646078,1.48047343,0.149332371,1,"Geno_at_37"
"Arap2","ENSMUSG00000037999.13",0.064829377,5.5909067,1.42757714,0.163898104,1,"Geno_at_37"
"Rraga","ENSMUSG00000070934.6",-0.0648186173,6.08738304,-1.81088595,0.0803379572,1,"Geno_at_37"
"Gm44116","ENSMUSG00000108122.1",0.0648178853,0.373487994,0.413922188,0.681921399,1,"Geno_at_37"
"Asf1a","ENSMUSG00000019857.7",0.0648172992,5.09344896,1.5613837,0.129081673,1,"Geno_at_37"
"Gm4865","ENSMUSG00000104777.1",-0.0648156395,0.0748016854,-0.548295781,0.587608026,1,"Geno_at_37"
"Irf2bpl","ENSMUSG00000034168.7",-0.0648117908,6.32654188,-1.06077282,0.300260223,1,"Geno_at_37"
"Psme2b","ENSMUSG00000078153.3",0.0648102264,7.66468883,1.71390844,0.0970197928,1,"Geno_at_37"
"4930404N11Rik","ENSMUSG00000020234.10",-0.0647959626,0.760542016,-0.51472806,0.610572338,1,"Geno_at_37"
"Sun2","ENSMUSG00000042524.14",-0.0647845996,8.62009947,-1.73368646,0.0933987984,1,"Geno_at_37"
"Gm44835","ENSMUSG00000108557.1",0.0647799571,-0.570360375,0.611296427,0.545678196,1,"Geno_at_37"
"Smim14","ENSMUSG00000037822.12",-0.0647736273,5.30061284,-1.42778551,0.163838591,1,"Geno_at_37"
"Snrpa","ENSMUSG00000061479.15",-0.0647668887,6.57314486,-1.80813124,0.0807757014,1,"Geno_at_37"
"Atad2","ENSMUSG00000022360.8",0.0647647845,8.5142648,1.86243646,0.0725126453,1,"Geno_at_37"
"Gm6226","ENSMUSG00000086926.2",-0.0647551612,-0.466603302,-0.585226997,0.562838366,1,"Geno_at_37"
"Gstt2","ENSMUSG00000033318.7",0.0647514945,5.756517,1.62838934,0.114060253,1,"Geno_at_37"
"Tnfrsf10b","ENSMUSG00000022074.6",0.0647442948,4.07195153,0.715954154,0.481007801,1,"Geno_at_37"
"Gm21986","ENSMUSG00000096056.1",0.0647425295,0.568106534,0.577600968,0.567909504,1,"Geno_at_37"
"Gm13171","ENSMUSG00000082429.1",-0.0647387637,-0.439154669,-0.545864853,0.589256892,1,"Geno_at_37"
"Gm37152","ENSMUSG00000102927.1",0.0647384713,0.188848855,0.440777872,0.662582146,1,"Geno_at_37"
"Fkbp4","ENSMUSG00000030357.10",0.0647382201,7.78085128,1.83626069,0.0764001873,1,"Geno_at_37"
"Gm26621","ENSMUSG00000096967.3",0.0647354669,1.43592594,0.621192911,0.539235984,1,"Geno_at_37"
"Tor2a","ENSMUSG00000009563.16",-0.0647333039,5.0206539,-1.60777958,0.118518601,1,"Geno_at_37"
"Rnf149","ENSMUSG00000048234.13",-0.0647292848,7.03424195,-1.1533713,0.260962075,1,"Geno_at_37"
"Gm48562","ENSMUSG00000111345.1",0.064704493,0.612058132,0.480835976,0.634174593,1,"Geno_at_37"
"Gm17669","ENSMUSG00000091695.2",0.0647023898,2.91579869,0.744165009,0.462654326,1,"Geno_at_37"
"Zfp612","ENSMUSG00000044676.10",-0.0646921825,0.40550943,-0.418788152,0.678399731,1,"Geno_at_37"
"Jund","ENSMUSG00000071076.6",-0.0646804265,6.54287093,-1.63086482,0.113534208,1,"Geno_at_37"
"Ldb1","ENSMUSG00000025223.15",-0.0646714505,8.13083079,-1.52600609,0.138458945,1,"Geno_at_37"
"Mkln1os","ENSMUSG00000086212.7",-0.0646698209,-0.331725467,-0.603577699,0.550730499,1,"Geno_at_37"
"Fdps","ENSMUSG00000059743.12",0.0646528668,3.49278371,0.902751298,0.373959026,1,"Geno_at_37"
"Map9","ENSMUSG00000033900.13",-0.0646463395,2.29886716,-0.549362251,0.586990535,1,"Geno_at_37"
"Disp1","ENSMUSG00000030768.12",-0.0646448799,4.39385934,-1.24091943,0.224398303,1,"Geno_at_37"
"Clec2l","ENSMUSG00000079598.4",0.0646399216,-0.77637806,0.664850686,0.511302335,1,"Geno_at_37"
"Tkfc","ENSMUSG00000034371.9",-0.0646351731,4.12571361,-1.2898934,0.207092701,1,"Geno_at_37"
"Hpse","ENSMUSG00000035273.14",-0.0646307871,1.63563729,-0.311080753,0.759116087,1,"Geno_at_37"
"Rps6ka3","ENSMUSG00000031309.15",0.0646182583,7.50500725,2.07311901,0.046981766,1,"Geno_at_37"
"Gatd3a","ENSMUSG00000053329.7",-0.064605856,4.75505674,-1.32326194,0.195897461,1,"Geno_at_37"
"Bmp2k","ENSMUSG00000034663.13",0.0646006522,6.33226551,1.13389372,0.268178176,1,"Geno_at_37"
"Gm3815","ENSMUSG00000118088.1",0.0645868272,3.71367803,1.06531464,0.295362109,1,"Geno_at_37"
"Gm17354","ENSMUSG00000091985.1",-0.0645739377,1.99206964,-0.659804753,0.514489831,1,"Geno_at_37"
"Crip3","ENSMUSG00000023968.15",-0.0645440597,-0.593577728,-0.553512471,0.584077214,1,"Geno_at_37"
"Gbp7","ENSMUSG00000040253.15",0.0645432795,5.09414753,0.72605773,0.476561875,1,"Geno_at_37"
"Slc9a1","ENSMUSG00000028854.9",-0.0645371815,6.33291596,-1.76298432,0.0882448373,1,"Geno_at_37"
"Gm21691","ENSMUSG00000116840.1",0.064534774,-0.810051533,0.620484712,0.53969566,1,"Geno_at_37"
"Tbc1d22b","ENSMUSG00000042203.8",-0.0645031452,5.47531847,-1.70187765,0.0992796099,1,"Geno_at_37"
"Zfp619","ENSMUSG00000068959.6",0.0645002592,1.80692688,0.660573445,0.514003551,1,"Geno_at_37"
"Trp53bp1","ENSMUSG00000043909.16",0.0644992008,5.89843987,1.54949323,0.131909272,1,"Geno_at_37"
"Xkrx","ENSMUSG00000031258.4",0.0644897843,-0.0936006259,0.473233347,0.639524397,1,"Geno_at_37"
"Gm13012","ENSMUSG00000085823.7",-0.0644883104,2.31895877,-0.723224428,0.47522883,1,"Geno_at_37"
"Cep170b","ENSMUSG00000072825.11",0.06447449,5.68450044,1.1376615,0.265392888,1,"Geno_at_37"
"Etv6","ENSMUSG00000030199.16",-0.0644632246,6.54228078,-0.883356581,0.388291412,1,"Geno_at_37"
"Ephx1","ENSMUSG00000038776.13",-0.0644579513,5.7140315,-1.13371631,0.267100019,1,"Geno_at_37"
"Inha","ENSMUSG00000032968.4",-0.0644422393,-0.640385059,-0.551535317,0.585414189,1,"Geno_at_37"
"Nagk","ENSMUSG00000034744.13",0.064430062,3.40466076,0.939947311,0.354865997,1,"Geno_at_37"
"Gm10175","ENSMUSG00000066724.3",-0.0644266221,-0.443895826,-0.527054964,0.602090618,1,"Geno_at_37"
"Ptar1","ENSMUSG00000074925.4",0.0644115151,5.93469775,1.43139705,0.162809814,1,"Geno_at_37"
"Malsu1","ENSMUSG00000029815.12",0.0644099961,4.11089286,1.16784632,0.252206556,1,"Geno_at_37"
"Efcab8","ENSMUSG00000044083.12",-0.0644095257,0.880439475,-0.460446991,0.648566375,1,"Geno_at_37"
"Tarbp1","ENSMUSG00000090290.2",0.0644022675,5.25742929,1.56508339,0.128212038,1,"Geno_at_37"
"Gm5043","ENSMUSG00000107028.1",0.0643650348,-0.344279357,0.564524565,0.57665818,1,"Geno_at_37"
"Asb4","ENSMUSG00000042607.15",-0.0643624326,-0.855605576,-0.670538821,0.507722203,1,"Geno_at_37"
"Pofut2","ENSMUSG00000020260.9",0.064349836,4.75528246,1.25228769,0.220287237,1,"Geno_at_37"
"4931403E22Rik","ENSMUSG00000093772.1",0.0643360633,0.435767603,0.49143592,0.626749116,1,"Geno_at_37"
"Hipk3","ENSMUSG00000027177.14",0.0643342175,7.16166047,1.8991687,0.0673450761,1,"Geno_at_37"
"Fanca","ENSMUSG00000032815.16",0.0643337263,5.59247069,1.43931007,0.160573641,1,"Geno_at_37"
"Ttf1","ENSMUSG00000026803.17",0.0643329582,5.38018972,1.67219259,0.105044943,1,"Geno_at_37"
"Trbd1","ENSMUSG00000095668.1",-0.0643316398,2.64346053,-0.817396198,0.420244736,1,"Geno_at_37"
"Wdr25","ENSMUSG00000040877.16",-0.0643269953,2.72894198,-0.859304756,0.397090784,1,"Geno_at_37"
"Gm47993","ENSMUSG00000111432.1",-0.0643181885,-0.296111596,-0.524263341,0.604006544,1,"Geno_at_37"
"Tm4sf19","ENSMUSG00000079625.2",-0.0643172226,-0.650724384,-0.685351278,0.498464469,1,"Geno_at_37"
"Nanos3","ENSMUSG00000056155.6",0.0643066755,1.27667563,0.553403034,0.584151178,1,"Geno_at_37"
"Fasl","ENSMUSG00000000817.10",0.0643052662,3.94770266,0.783681179,0.439947002,1,"Geno_at_37"
"Tle2","ENSMUSG00000034771.15",-0.064303378,2.05938766,-0.642729569,0.525356229,1,"Geno_at_37"
"Gm43653","ENSMUSG00000105447.1",-0.0642943591,-0.354834035,-0.49200826,0.6263493,1,"Geno_at_37"
"Gnasas1","ENSMUSG00000086537.7",-0.0642932818,1.79189707,-0.600779507,0.55256802,1,"Geno_at_37"
"Rbak","ENSMUSG00000061898.10",0.0642911644,3.94070476,1.27143049,0.213493451,1,"Geno_at_37"
"Spata2","ENSMUSG00000047030.15",-0.0642903542,5.68465709,-1.34041328,0.190327481,1,"Geno_at_37"
"Gm14703","ENSMUSG00000087644.1",-0.0642804158,-0.417016876,-0.536221591,0.595819793,1,"Geno_at_37"
"Gm48805","ENSMUSG00000111833.1",-0.0642762085,-0.222575533,-0.532175384,0.598583916,1,"Geno_at_37"
"Ghrl","ENSMUSG00000064177.8",0.0642704051,0.188166593,0.57346007,0.570672709,1,"Geno_at_37"
"Rpl15-ps5","ENSMUSG00000108442.1",0.0642697806,-0.391986479,0.491265001,0.626868536,1,"Geno_at_37"
"Trpm5","ENSMUSG00000009246.14",0.0642603838,-0.793489037,0.720293892,0.477004179,1,"Geno_at_37"
"Tube1","ENSMUSG00000019845.8",0.0642455815,6.14525772,1.16568164,0.254585896,1,"Geno_at_37"
"Gm8226","ENSMUSG00000099927.1",0.0642442874,-0.292925861,0.502492787,0.619045719,1,"Geno_at_37"
"Trav5-1","ENSMUSG00000076761.1",-0.0642263624,0.142150678,-0.433932335,0.667489752,1,"Geno_at_37"
"Gm20632","ENSMUSG00000093577.1",0.064223689,-0.0943469006,0.558439699,0.580751882,1,"Geno_at_37"
"Tnfrsf11b","ENSMUSG00000063727.3",0.0642158714,1.38957356,0.571010844,0.57231023,1,"Geno_at_37"
"Arhgap23","ENSMUSG00000049807.16",0.0642070116,0.276363691,0.476147616,0.637471338,1,"Geno_at_37"
"Msh3","ENSMUSG00000014850.15",-0.0641809609,5.48339766,-1.32949991,0.193857285,1,"Geno_at_37"
"Hnrnpa0","ENSMUSG00000007836.6",-0.0641805634,8.64334403,-0.945842135,0.357008335,1,"Geno_at_37"
"Ttll9","ENSMUSG00000074673.15",-0.0641604125,-0.128587546,-0.625939973,0.536160114,1,"Geno_at_37"
"Gpbar1","ENSMUSG00000064272.3",0.0641527253,-0.596075545,0.540178505,0.593122603,1,"Geno_at_37"
"Zfp790","ENSMUSG00000011427.16",0.0641517439,4.03798271,1.14458003,0.261570847,1,"Geno_at_37"
"Gtf3c3","ENSMUSG00000041303.7",0.0641319202,5.30057321,1.41171011,0.168480387,1,"Geno_at_37"
"Sphk1","ENSMUSG00000061878.16",0.064117631,4.01505359,0.511122682,0.615403404,1,"Geno_at_37"
"Mtch2","ENSMUSG00000027282.17",-0.0641045362,6.54188376,-1.71697351,0.0964510224,1,"Geno_at_37"
"4930572G02Rik","ENSMUSG00000115725.1",-0.0640956631,-0.915958522,-0.856879458,0.398408299,1,"Geno_at_37"
"Epsti1","ENSMUSG00000022014.15",-0.0640675935,4.11740457,-1.05288159,0.300930005,1,"Geno_at_37"
"Sdhaf3","ENSMUSG00000042505.6",0.0640572235,2.32970195,0.797795964,0.431354342,1,"Geno_at_37"
"Flt4","ENSMUSG00000020357.3",-0.0640533768,-0.535892085,-0.620623963,0.539605259,1,"Geno_at_37"
"Oscp1","ENSMUSG00000042616.8",-0.0640528183,1.29957938,-0.505073378,0.617254074,1,"Geno_at_37"
"Gm2423","ENSMUSG00000061724.5",0.0640459454,4.21464941,1.21324407,0.234646971,1,"Geno_at_37"
"Gm20707","ENSMUSG00000093594.1",0.0640260813,2.39865326,0.679260158,0.502259937,1,"Geno_at_37"
"Phc2","ENSMUSG00000028796.17",-0.0640072767,7.11549204,-2.04034237,0.0503418452,1,"Geno_at_37"
"Rad51d","ENSMUSG00000018841.17",0.0639996437,4.82854858,1.635818,0.112487679,1,"Geno_at_37"
"Gpsm3","ENSMUSG00000034786.17",-0.0639874266,4.75331931,-1.31779714,0.197698328,1,"Geno_at_37"
"Gm9514","ENSMUSG00000117252.1",0.0639840025,2.43030115,0.630012856,0.5335285,1,"Geno_at_37"
"Snhg14","ENSMUSG00000100826.6",0.0639799448,1.49395705,0.555405238,0.582798704,1,"Geno_at_37"
"Trav8n-2","ENSMUSG00000076821.3",-0.0639750366,0.4177705,-0.523769727,0.604345617,1,"Geno_at_37"
"Esrra","ENSMUSG00000024955.15",-0.0639709448,4.40159293,-1.09414296,0.28273223,1,"Geno_at_37"
"Pex2","ENSMUSG00000040374.13",-0.0639528869,4.82630625,-1.28175743,0.209895026,1,"Geno_at_37"
"Stub1","ENSMUSG00000039615.9",0.0639326257,4.75353181,1.19617212,0.241140558,1,"Geno_at_37"
"Gm49616","ENSMUSG00000114888.1",-0.0639238079,-0.277773193,-0.521826798,0.605681123,1,"Geno_at_37"
"Prdm15","ENSMUSG00000014039.18",0.0639171996,4.94660617,1.30629293,0.201530996,1,"Geno_at_37"
"Zfp267","ENSMUSG00000033883.11",-0.0639167375,4.39310636,-1.28163013,0.209939101,1,"Geno_at_37"
"Zbtb14","ENSMUSG00000049672.15",0.0639160607,4.5809404,1.31962399,0.197094898,1,"Geno_at_37"
"Tmem241","ENSMUSG00000049411.15",-0.0638849291,2.61407597,-0.743960078,0.462776432,1,"Geno_at_37"
"Aldh2","ENSMUSG00000029455.14",-0.0638834644,6.04497062,-1.69932461,0.0997647998,1,"Geno_at_37"
"Gm44081","ENSMUSG00000108103.1",0.0638774271,-0.915873528,0.887259765,0.382104658,1,"Geno_at_37"
"Cd7","ENSMUSG00000025163.6",-0.0638768363,-0.397699569,-0.542808854,0.591332912,1,"Geno_at_37"
"Pqbp1","ENSMUSG00000031157.10",-0.0638742372,5.6202342,-1.96382245,0.0590211793,1,"Geno_at_37"
"Adamts10","ENSMUSG00000024299.17",-0.0638194459,6.20017633,-1.00285428,0.327071599,1,"Geno_at_37"
"A930007I19Rik","ENSMUSG00000097855.8",-0.0638137513,3.56328996,-0.905834038,0.372351653,1,"Geno_at_37"
"Zfp827","ENSMUSG00000071064.15",0.0638134235,6.08250936,1.91581275,0.0651103999,1,"Geno_at_37"
"Fbxw17","ENSMUSG00000037816.10",0.063808651,4.16334746,1.04829844,0.303000912,1,"Geno_at_37"
"Supt16","ENSMUSG00000035726.8",0.0637944318,8.3042874,2.35789234,0.0252024209,1,"Geno_at_37"
"Ptger4","ENSMUSG00000039942.15",0.0637895702,6.60629107,0.862191714,0.399694861,1,"Geno_at_37"
"Trim56","ENSMUSG00000043279.9",0.0637802544,6.30274705,1.60477393,0.119180639,1,"Geno_at_37"
"Wdr66","ENSMUSG00000029442.18",-0.0637616816,0.619158251,-0.540547977,0.592871056,1,"Geno_at_37"
"Zfp281","ENSMUSG00000041483.14",0.0637211778,6.72645646,1.77104507,0.0868698234,1,"Geno_at_37"
"Gm6919","ENSMUSG00000096517.1",-0.0637203129,-0.554301169,-0.439476633,0.663758846,1,"Geno_at_37"
"5330438D12Rik","ENSMUSG00000052291.8",-0.0637133071,2.13876456,-0.611849494,0.545317115,1,"Geno_at_37"
"Siae","ENSMUSG00000001942.8",-0.0637014712,3.85219074,-1.01435076,0.318650215,1,"Geno_at_37"
"Zfp30","ENSMUSG00000047473.14",-0.0636975617,-0.423006243,-0.527260601,0.601949601,1,"Geno_at_37"
"Gpank1","ENSMUSG00000092417.3",-0.06367537,4.02060499,-1.29553371,0.205166786,1,"Geno_at_37"
"Tctn1","ENSMUSG00000038593.18",-0.0636632752,3.08411094,-1.09317017,0.283152049,1,"Geno_at_37"
"Trbv26","ENSMUSG00000076479.3",-0.0636271775,2.6924276,-0.740128917,0.46506266,1,"Geno_at_37"
"Jak2","ENSMUSG00000024789.13",0.0636224449,8.05601427,1.6100683,0.118054397,1,"Geno_at_37"
"Dnal1","ENSMUSG00000042523.12",-0.0635997623,2.15487086,-0.775004118,0.444495728,1,"Geno_at_37"
"Siah1a","ENSMUSG00000036840.5",-0.0635817476,5.12338092,-1.3207028,0.196739221,1,"Geno_at_37"
"Trip10","ENSMUSG00000019487.11",0.0635796219,4.29525941,1.03918087,0.307150275,1,"Geno_at_37"
"Peak1","ENSMUSG00000074305.9",-0.0635754788,5.97182321,-1.43844939,0.160815676,1,"Geno_at_37"
"Zfp458","ENSMUSG00000055480.7",0.063568254,2.17636921,0.699916498,0.48945403,1,"Geno_at_37"
"Sapcd2","ENSMUSG00000026955.13",-0.0635619781,4.57497173,-1.17240079,0.250402562,1,"Geno_at_37"
"Neb","ENSMUSG00000026950.18",0.0635551983,5.42125409,0.850528113,0.404675924,1,"Geno_at_37"
"Bdh2","ENSMUSG00000028167.15",-0.0635446069,5.26654573,-1.21861816,0.232630032,1,"Geno_at_37"
"Glrx","ENSMUSG00000021591.8",-0.06353938,4.15563428,-1.15027964,0.25925379,1,"Geno_at_37"
"Arl16","ENSMUSG00000057594.12",-0.0635351869,3.08178505,-0.798639659,0.430872468,1,"Geno_at_37"
"Cbwd1","ENSMUSG00000024878.9",-0.063533534,4.49253501,-1.45948706,0.154982126,1,"Geno_at_37"
"Gm34939","ENSMUSG00000116250.1",0.0635255732,-0.548215179,0.603548483,0.550749669,1,"Geno_at_37"
"Gm43096","ENSMUSG00000104882.1",-0.0635239172,3.29762035,-0.874213423,0.389052656,1,"Geno_at_37"
"Rbm3-ps","ENSMUSG00000099875.1",-0.0635070498,6.82378532,-1.29777894,0.205549325,1,"Geno_at_37"
"Rpl31-ps9","ENSMUSG00000094122.1",-0.0634869254,-0.00327208218,-0.498873371,0.621562609,1,"Geno_at_37"
"Ms4a6b","ENSMUSG00000024677.13",0.0634762751,6.62671494,0.643405029,0.528755876,1,"Geno_at_37"
"Blm","ENSMUSG00000030528.12",0.0634753641,6.40603166,1.59407839,0.121561242,1,"Geno_at_37"
"Gm37598","ENSMUSG00000102749.1",-0.0634626286,-0.340797761,-0.477707275,0.63637378,1,"Geno_at_37"
"Aunip","ENSMUSG00000078521.2",-0.0634218379,4.39836985,-0.967316225,0.341237687,1,"Geno_at_37"
"Arhgap9","ENSMUSG00000040345.10",-0.0634181063,7.20875138,-1.66519142,0.106444683,1,"Geno_at_37"
"Gm42890","ENSMUSG00000105852.4",0.0634144601,0.212777563,0.530600078,0.599661721,1,"Geno_at_37"
"Lhx9","ENSMUSG00000019230.14",-0.0634139906,-0.917369932,-0.828554266,0.413999884,1,"Geno_at_37"
"Snx4","ENSMUSG00000022808.5",-0.0633828883,6.26301089,-2.03462572,0.0509490947,1,"Geno_at_37"
"Tbc1d14","ENSMUSG00000029192.17",-0.0633827441,7.55577404,-2.19846814,0.0358918701,1,"Geno_at_37"
"Sapcd1","ENSMUSG00000036185.9",-0.0633249361,-0.215142513,-0.491985699,0.626365058,1,"Geno_at_37"
"Il31","ENSMUSG00000029437.12",0.0633141452,-0.95200627,0.794841072,0.43304461,1,"Geno_at_37"
"Fth-ps2","ENSMUSG00000091313.1",0.0632907285,0.127918994,0.493995397,0.624962055,1,"Geno_at_37"
"Pde4a","ENSMUSG00000032177.17",-0.0632853926,2.92601314,-0.493079692,0.626763938,1,"Geno_at_37"
"Rnf151","ENSMUSG00000008482.9",-0.0632805244,-0.556465509,-0.626084207,0.536066803,1,"Geno_at_37"
"Katnb1","ENSMUSG00000031787.8",-0.0632744144,4.7015516,-1.29197306,0.206380988,1,"Geno_at_37"
"Igfbp7","ENSMUSG00000036256.13",0.0632737498,5.07674,1.12857748,0.268156679,1,"Geno_at_37"
"Fbxl19","ENSMUSG00000030811.14",-0.0632500169,5.14983855,-0.631000145,0.536089521,1,"Geno_at_37"
"Trav7-1","ENSMUSG00000104620.1",-0.063248091,0.0202654965,-0.428054599,0.671715512,1,"Geno_at_37"
"Atp23","ENSMUSG00000025436.12",0.0632356107,3.22232442,0.959053423,0.345314542,1,"Geno_at_37"
"Gm23245","ENSMUSG00000065304.1",0.0632241967,-0.160013998,0.480456112,0.634441421,1,"Geno_at_37"
"n-R5s197","ENSMUSG00000065236.1",-0.0632192077,0.0126219091,-0.422460732,0.675747345,1,"Geno_at_37"
"Gm36172","ENSMUSG00000112758.1",0.0631981239,-0.550635691,0.634967567,0.530336387,1,"Geno_at_37"
"Ptgr1","ENSMUSG00000028378.6",0.0631767978,2.41185981,0.680089808,0.501742026,1,"Geno_at_37"
"Rpusd4","ENSMUSG00000032044.4",0.0631735239,4.87834036,1.51159177,0.141260468,1,"Geno_at_37"
"Ifit1bl1","ENSMUSG00000079339.7",0.0631695305,-0.63405525,0.534452477,0.597027592,1,"Geno_at_37"
"Olfr157","ENSMUSG00000111611.1",0.0631668308,-0.698689895,0.628631205,0.534420457,1,"Geno_at_37"
"Gm10284","ENSMUSG00000070025.8",-0.0631643707,0.112247069,-0.500143187,0.620679064,1,"Geno_at_37"
"Cntln","ENSMUSG00000038070.15",-0.0631537166,3.86384767,-0.953104667,0.348269785,1,"Geno_at_37"
"Rpl23","ENSMUSG00000071415.6",-0.0631283987,8.33503196,-1.78150448,0.0851127817,1,"Geno_at_37"
"Ubxn2b","ENSMUSG00000028243.5",0.0630942409,4.56242739,1.26240486,0.216676594,1,"Geno_at_37"
"Plcg2","ENSMUSG00000034330.10",0.0630871715,1.41911313,0.58522511,0.562839618,1,"Geno_at_37"
"Gm43848","ENSMUSG00000106317.1",0.0630722329,1.00073591,0.48658837,0.630140052,1,"Geno_at_37"
"Trbv3","ENSMUSG00000076463.2",-0.0630615025,4.83286331,-1.64084887,0.111432929,1,"Geno_at_37"
"Tnk2","ENSMUSG00000022791.19",-0.0630459294,7.54660913,-1.26026784,0.219692605,1,"Geno_at_37"
"Gm7890","ENSMUSG00000107990.1",-0.0630334022,0.968332137,-0.539304746,0.593717686,1,"Geno_at_37"
"Trim15","ENSMUSG00000050747.14",-0.0630067601,-0.274177811,-0.603820777,0.550571024,1,"Geno_at_37"
"Mgat4a","ENSMUSG00000026110.15",-0.0629791262,4.79904442,-1.02978601,0.311469684,1,"Geno_at_37"
"Mib2","ENSMUSG00000029060.17",0.0629782198,5.16045536,1.07325557,0.292179544,1,"Geno_at_37"
"Pde3b","ENSMUSG00000030671.9",-0.0629607613,4.95575647,-1.22406025,0.230600778,1,"Geno_at_37"
"Tmem121","ENSMUSG00000049036.7",0.0629387213,-0.500659566,0.565596383,0.575938579,1,"Geno_at_37"
"Gm20404","ENSMUSG00000092625.2",-0.0629284971,0.235774963,-0.480004621,0.634758628,1,"Geno_at_37"
"Gm13405","ENSMUSG00000087430.1",-0.0629092498,-0.439489796,-0.546550115,0.58879186,1,"Geno_at_37"
"Gm5216","ENSMUSG00000116398.1",0.0629063163,-0.0970541139,0.578475295,0.567326931,1,"Geno_at_37"
"Gm44199","ENSMUSG00000107560.1",0.0629046599,1.85635297,0.58750065,0.561330896,1,"Geno_at_37"
"Slc25a17","ENSMUSG00000022404.8",-0.0629028542,6.00882561,-1.6736823,0.104749097,1,"Geno_at_37"
"Tmem91","ENSMUSG00000061702.10",0.0628990314,0.796296986,0.444026157,0.660258731,1,"Geno_at_37"
"Odr4","ENSMUSG00000006010.14",0.0628879326,5.14035115,1.48276281,0.148726166,1,"Geno_at_37"
"Gm45312","ENSMUSG00000109872.1",-0.0628801106,-0.584258358,-0.529775274,0.60022641,1,"Geno_at_37"
"Zfp750","ENSMUSG00000039238.6",-0.0628777983,0.4851743,-0.453343788,0.65361322,1,"Geno_at_37"
"Fbxo44","ENSMUSG00000029001.15",-0.0628721415,3.59838489,-1.0528154,0.300959842,1,"Geno_at_37"
"Kdm5b","ENSMUSG00000042207.17",-0.0628677428,6.22218477,-0.772479335,0.449899544,1,"Geno_at_37"
"Mospd3","ENSMUSG00000037221.13",-0.0628600789,5.38148287,-1.43836217,0.160840218,1,"Geno_at_37"
"Slc25a44","ENSMUSG00000050144.13",-0.0628509686,4.60137996,-1.27079286,0.213717156,1,"Geno_at_37"
"Gm8186","ENSMUSG00000049124.4",-0.062850719,6.37233769,-1.70003218,0.0996301325,1,"Geno_at_37"
"Vrk2","ENSMUSG00000064090.14",-0.0628489606,4.5337463,-1.26902829,0.214337168,1,"Geno_at_37"
"Gm42830","ENSMUSG00000104916.1",0.0628414708,-0.638937131,0.526920797,0.602182632,1,"Geno_at_37"
"Gm36210","ENSMUSG00000110221.1",0.0627856761,-0.616719411,0.580635129,0.565889104,1,"Geno_at_37"
"Shfl","ENSMUSG00000038884.14",0.062784422,3.92694451,1.04540549,0.304313215,1,"Geno_at_37"
"Rps21","ENSMUSG00000039001.12",-0.0627673498,7.81210372,-1.58639625,0.123295137,1,"Geno_at_37"
"Dedd","ENSMUSG00000013973.12",0.0627616893,3.45194779,1.09997772,0.280223487,1,"Geno_at_37"
"Nos3","ENSMUSG00000028978.12",0.0627451767,-0.759744546,0.571827659,0.571763857,1,"Geno_at_37"
"Gm2800","ENSMUSG00000084871.1",-0.0627432382,0.0886857784,-0.475829834,0.637695069,1,"Geno_at_37"
"Gm37447","ENSMUSG00000103984.1",0.0627415341,0.269466235,0.491070914,0.627004156,1,"Geno_at_37"
"Cited4","ENSMUSG00000070803.6",-0.0627346395,0.704871414,-0.452118884,0.654485213,1,"Geno_at_37"
"Rpl39l","ENSMUSG00000039209.12",0.0627272805,-0.0823122302,0.317009003,0.754220694,1,"Geno_at_37"
"Edem2","ENSMUSG00000038312.10",-0.0627239528,6.33908821,-1.87984471,0.0700225117,1,"Geno_at_37"
"Agfg1","ENSMUSG00000026159.13",0.0627204924,7.96138392,2.00349658,0.0543701878,1,"Geno_at_37"
"Klra7","ENSMUSG00000067599.13",0.0627182654,-0.56940978,0.520023165,0.606922125,1,"Geno_at_37"
"Gm43625","ENSMUSG00000105636.1",-0.0627181055,-0.221627227,-0.543783678,0.590670305,1,"Geno_at_37"
"Prkdc","ENSMUSG00000022672.8",0.0627098713,5.60472919,1.38112464,0.17759784,1,"Geno_at_37"
"Rybp","ENSMUSG00000072872.3",0.0627088021,4.99444344,1.13264064,0.266473246,1,"Geno_at_37"
"Rpl38-ps1","ENSMUSG00000083326.4",-0.0627045635,0.258951135,-0.571767328,0.571804204,1,"Geno_at_37"
"Sec61a2","ENSMUSG00000025816.15",0.0626637999,4.42670053,1.10590606,0.277690833,1,"Geno_at_37"
"Gm8520","ENSMUSG00000100922.1",0.0626488328,-0.646635492,0.613032538,0.54454516,1,"Geno_at_37"
"Dtd2","ENSMUSG00000020956.14",-0.0626454174,3.21625969,-0.937357503,0.356174059,1,"Geno_at_37"
"1300002E11Rik","ENSMUSG00000097290.9",-0.0626345798,4.82411252,-0.926165807,0.362662306,1,"Geno_at_37"
"Trav9d-1","ENSMUSG00000096478.3",0.0626333549,0.0727221467,0.443722702,0.660475639,1,"Geno_at_37"
"Trp53i13","ENSMUSG00000044328.13",0.0626320946,4.11618071,1.10034109,0.280067779,1,"Geno_at_37"
"Ocrl","ENSMUSG00000001173.15",-0.0626232753,4.89975137,-1.11688201,0.273045133,1,"Geno_at_37"
"Gm13803","ENSMUSG00000082820.3",-0.0626145379,3.6910345,-1.08794986,0.285412512,1,"Geno_at_37"
"Gm14966","ENSMUSG00000079467.8",0.0625934129,0.953353598,0.542705964,0.591402869,1,"Geno_at_37"
"Gm15777","ENSMUSG00000085269.1",-0.0625921879,2.11621471,-0.64844285,0.521706681,1,"Geno_at_37"
"Rec114","ENSMUSG00000074269.10",-0.0625507018,1.14467392,-0.467370637,0.643663383,1,"Geno_at_37"
"Gm11628","ENSMUSG00000082487.1",0.0625461009,-0.208021975,0.566029916,0.575647639,1,"Geno_at_37"
"Gm5914","ENSMUSG00000098120.1",0.0625418046,0.51315131,0.405629233,0.687937513,1,"Geno_at_37"
"Mrpl52","ENSMUSG00000010406.12",-0.0625377034,5.11340346,-1.32650934,0.19483332,1,"Geno_at_37"
"Alox12b","ENSMUSG00000032807.5",0.0625246174,-0.931894408,0.857438407,0.398104411,1,"Geno_at_37"
"Gm16638","ENSMUSG00000087088.2",0.0625122831,0.203081532,0.44659559,0.658423317,1,"Geno_at_37"
"Cyp4f13","ENSMUSG00000024055.15",-0.0625117935,3.63653523,-0.830007579,0.413190776,1,"Geno_at_37"
"Timmdc1","ENSMUSG00000002846.9",0.0625001625,4.67037583,1.30249012,0.20281037,1,"Geno_at_37"
"2610300A13Rik","ENSMUSG00000103531.1",0.0624978397,-0.939334585,0.795750297,0.432524083,1,"Geno_at_37"
"Gm12207","ENSMUSG00000086920.1",0.0624813303,0.658727299,0.520283956,0.606742612,1,"Geno_at_37"
"Gm47071","ENSMUSG00000114493.2",0.0624670682,2.92634413,0.79892488,0.43070964,1,"Geno_at_37"
"Ethe1","ENSMUSG00000064254.6",0.0624606627,2.64757428,0.754699238,0.456403127,1,"Geno_at_37"
"Gp1ba","ENSMUSG00000050675.7",0.062446139,1.15325676,0.486574098,0.630150048,1,"Geno_at_37"
"Fktn","ENSMUSG00000028414.17",0.0624425899,5.227084,0.731183396,0.473426999,1,"Geno_at_37"
"Rpl36a-ps3","ENSMUSG00000071141.7",-0.0624323421,4.86005916,-1.38414625,0.176680245,1,"Geno_at_37"
"Nr1d1","ENSMUSG00000020889.11",-0.0624267305,2.61517962,-0.812031004,0.42326809,1,"Geno_at_37"
"Krt10","ENSMUSG00000019761.10",-0.0624249878,2.23182322,-0.603974541,0.550470157,1,"Geno_at_37"
"Gm48045","ENSMUSG00000111905.1",-0.0624240611,0.154033209,-0.515731395,0.609879896,1,"Geno_at_37"
"Gm46194","ENSMUSG00000112502.1",-0.0624077827,-0.33051527,-0.494434859,0.62465545,1,"Geno_at_37"
"Kansl2-ps","ENSMUSG00000097530.1",-0.0623983259,5.04378625,-1.48398893,0.148402314,1,"Geno_at_37"
"Itfg1","ENSMUSG00000031703.8",0.0623916561,5.43999271,1.48286021,0.148700419,1,"Geno_at_37"
"Gm44777","ENSMUSG00000108738.1",0.0623757923,2.54061976,0.708929652,0.483924739,1,"Geno_at_37"
"Marchf2","ENSMUSG00000079557.11",-0.0623726306,4.71967465,-1.43799694,0.160943027,1,"Geno_at_37"
"Gm17022","ENSMUSG00000091784.2",-0.0623614815,1.02737199,-0.52393359,0.604233046,1,"Geno_at_37"
"Mgat5","ENSMUSG00000036155.13",-0.0623606472,6.25995097,-1.13764938,0.266010908,1,"Geno_at_37"
"Ccdc134","ENSMUSG00000068114.7",-0.0623553854,5.07865451,-1.5041726,0.143152246,1,"Geno_at_37"
"Poldip2","ENSMUSG00000001100.10",-0.0623468392,5.5935404,-1.7262291,0.0947504998,1,"Geno_at_37"
"Ctsf","ENSMUSG00000083282.3",0.0623405849,2.00135094,0.784113071,0.439215058,1,"Geno_at_37"
"Gab2","ENSMUSG00000004508.6",-0.0623334505,4.7328364,-0.893037744,0.379901372,1,"Geno_at_37"
"Vsig1","ENSMUSG00000031430.8",0.0623244689,-0.574173027,0.58055594,0.565941788,1,"Geno_at_37"
"Tmco3","ENSMUSG00000038497.7",0.0623039056,4.48558624,1.23997081,0.224743939,1,"Geno_at_37"
"Erlin1","ENSMUSG00000025198.16",0.0622940356,4.53855793,1.06914919,0.293659605,1,"Geno_at_37"
"Dyrk3","ENSMUSG00000016526.8",-0.0622883847,4.10658188,-1.18794872,0.244315533,1,"Geno_at_37"
"Wdr36","ENSMUSG00000038299.16",0.0622774603,6.7787693,1.99282006,0.055589099,1,"Geno_at_37"
"Ubn2","ENSMUSG00000038538.17",0.0622526234,7.17940085,2.1141083,0.0430598739,1,"Geno_at_37"
"Bcat1","ENSMUSG00000030268.17",0.0622434861,6.72711148,1.56778389,0.127580294,1,"Geno_at_37"
"Itgb1bp1","ENSMUSG00000062352.15",-0.0622364057,4.89131294,-1.44834116,0.158051397,1,"Geno_at_37"
"Cmc2","ENSMUSG00000014633.15",-0.0622339439,3.83673747,-1.06657852,0.294800193,1,"Geno_at_37"
"Traj21","ENSMUSG00000076908.1",0.0622293914,-0.0126908932,0.459614883,0.649156719,1,"Geno_at_37"
"Msantd2","ENSMUSG00000042138.9",0.0622087303,4.8502967,1.44557915,0.158819415,1,"Geno_at_37"
"5430427O19Rik","ENSMUSG00000025058.4",0.062162011,0.616060951,0.578200768,0.567509819,1,"Geno_at_37"
"Acot4","ENSMUSG00000052392.5",0.0621534606,-0.744123153,0.667300369,0.509758799,1,"Geno_at_37"
"Cd40","ENSMUSG00000017652.16",-0.0621449318,4.48298757,-1.00729288,0.321972493,1,"Geno_at_37"
"F2rl1","ENSMUSG00000021678.9",0.0621164046,4.16699943,0.657499744,0.517641923,1,"Geno_at_37"
"Dab2ip","ENSMUSG00000026883.17",0.0621085035,2.98451215,0.767525892,0.44885937,1,"Geno_at_37"
"Coil","ENSMUSG00000033983.14",-0.0621003205,4.55395201,-1.4897987,0.146875491,1,"Geno_at_37"
"Gm10392","ENSMUSG00000072673.2",0.062097942,-0.451428808,0.397975472,0.693884108,1,"Geno_at_37"
"Adam12","ENSMUSG00000054555.11",0.0620939163,3.42039478,0.469760206,0.643746847,1,"Geno_at_37"
"Tnfaip8l2","ENSMUSG00000013707.3",-0.0620802041,4.87960039,-0.940987901,0.355031529,1,"Geno_at_37"
"Col5a3","ENSMUSG00000004098.7",0.062079009,-0.348395681,0.488012228,0.629143187,1,"Geno_at_37"
"Gm15417","ENSMUSG00000074466.12",-0.0620735268,0.664517723,-0.515490706,0.610045972,1,"Geno_at_37"
"B3gnt2","ENSMUSG00000051650.11",0.0620622988,2.84775901,0.837271353,0.409161567,1,"Geno_at_37"
"Ube2c","ENSMUSG00000001403.13",-0.0620535707,7.02788776,-1.55557191,0.130457495,1,"Geno_at_37"
"Gm49684","ENSMUSG00000116994.1",0.0620495417,-0.298486937,0.506215206,0.616462093,1,"Geno_at_37"
"Gm5121","ENSMUSG00000066626.5",0.0620470765,-0.032791032,0.560605906,0.579292888,1,"Geno_at_37"
"Bnip1","ENSMUSG00000024191.15",-0.0620365012,4.69329619,-1.29560542,0.205142387,1,"Geno_at_37"
"Tgm1","ENSMUSG00000022218.16",-0.0620101405,1.51415464,-0.469006885,0.642507039,1,"Geno_at_37"
"Unc45b","ENSMUSG00000018845.14",-0.0619921979,-0.73488328,-0.664326892,0.511632709,1,"Geno_at_37"
"4930513N10Rik","ENSMUSG00000074136.9",0.0619845856,1.42762903,0.646443806,0.522982075,1,"Geno_at_37"
"Gm19045","ENSMUSG00000113878.1",-0.0619763158,-0.5945826,-0.529220015,0.600606702,1,"Geno_at_37"
"Gm48088","ENSMUSG00000112298.1",0.0619687288,0.118337295,0.438548996,0.664178382,1,"Geno_at_37"
"Anapc15-ps","ENSMUSG00000074780.2",-0.0619676309,1.07040384,-0.672981538,0.506189005,1,"Geno_at_37"
"Tmem126a","ENSMUSG00000030615.12",-0.0619650278,4.25515292,-1.19372922,0.242080533,1,"Geno_at_37"
"Zfp950","ENSMUSG00000074733.14",-0.061964135,4.72487015,-1.10258872,0.279106011,1,"Geno_at_37"
"Gm10171","ENSMUSG00000089803.3",0.0619518982,1.57356055,0.604784484,0.549939003,1,"Geno_at_37"
"Gaa","ENSMUSG00000025579.14",-0.061951001,4.63859295,-1.4096231,0.169090552,1,"Geno_at_37"
"Gm37776","ENSMUSG00000104037.1",0.0619472627,-0.35372062,0.54750379,0.588144977,1,"Geno_at_37"
"Mtfr1l","ENSMUSG00000046671.18",-0.0619441003,5.51469939,-1.59658555,0.12099972,1,"Geno_at_37"
"Zdhhc14","ENSMUSG00000034265.8",-0.0619434106,2.81062268,-0.857868641,0.397870602,1,"Geno_at_37"
"Dnase1l1","ENSMUSG00000019088.14",-0.0619377869,3.47344514,-0.849394039,0.402492094,1,"Geno_at_37"
"Gm11713","ENSMUSG00000085245.1",-0.0619372166,-0.551162525,-0.568560247,0.573951014,1,"Geno_at_37"
"Gm2531","ENSMUSG00000058567.6",-0.0619262145,-0.441435164,-0.509034821,0.614508393,1,"Geno_at_37"
"Pros1","ENSMUSG00000022912.8",-0.0618952369,5.78861337,-1.39435412,0.173607797,1,"Geno_at_37"
"Gm44443","ENSMUSG00000108155.1",0.0618742563,-0.608111085,0.523860614,0.604283178,1,"Geno_at_37"
"Prkcz","ENSMUSG00000029053.16",-0.0618688689,1.54690715,-0.443847423,0.660495638,1,"Geno_at_37"
"Gm35558","ENSMUSG00000113662.1",-0.061868563,-0.62695793,-0.582544129,0.564619792,1,"Geno_at_37"
"Shc4","ENSMUSG00000035109.14",-0.0618674495,0.0103940763,-0.541532635,0.592200926,1,"Geno_at_37"
"A930003A15Rik","ENSMUSG00000075330.4",-0.061864209,-0.804900799,-0.644349367,0.524320136,1,"Geno_at_37"
"Nck2","ENSMUSG00000066877.11",0.0618501738,3.76682878,1.06572962,0.295177525,1,"Geno_at_37"
"Cdca2","ENSMUSG00000048922.18",-0.0618481445,6.41994139,-1.68439213,0.102642605,1,"Geno_at_37"
"Man2c1os","ENSMUSG00000086728.2",-0.0618405421,0.539515348,-0.514864912,0.610477869,1,"Geno_at_37"
"Gm17825","ENSMUSG00000108681.1",0.061833746,1.02090295,0.556463073,0.582084765,1,"Geno_at_37"
"Ppp2r5c","ENSMUSG00000017843.14",-0.061823172,7.81966726,-2.14537199,0.0402668812,1,"Geno_at_37"
"Gm48909","ENSMUSG00000115194.1",0.0618199861,-0.357422149,0.660153264,0.514269329,1,"Geno_at_37"
"Gm37106","ENSMUSG00000102133.1",-0.0618159723,-0.426838511,-0.547881178,0.587889087,1,"Geno_at_37"
"Fam222a","ENSMUSG00000041930.7",-0.0618010001,-0.509885377,-0.484586226,0.631542983,1,"Geno_at_37"
"Ndufaf5","ENSMUSG00000027384.6",-0.0617892359,3.22045753,-1.00274582,0.324125424,1,"Geno_at_37"
"Gm49870","ENSMUSG00000117335.1",-0.0617878381,-0.431616831,-0.483874289,0.632042185,1,"Geno_at_37"
"Map6d1","ENSMUSG00000041205.8",0.061783849,-0.140120784,0.526284383,0.60261919,1,"Geno_at_37"
"Grpel2","ENSMUSG00000024580.8",-0.0617775466,4.97433904,-1.28580351,0.208497818,1,"Geno_at_37"
"Tmem81","ENSMUSG00000048174.2",-0.0617769449,3.39863263,-1.05837082,0.29846276,1,"Geno_at_37"
"Fbln1","ENSMUSG00000006369.14",0.0617367252,3.53235563,0.753225596,0.457274598,1,"Geno_at_37"
"Map3k12","ENSMUSG00000023050.9",0.061710474,3.72451535,0.986806787,0.331749907,1,"Geno_at_37"
"Ell","ENSMUSG00000070002.7",-0.0616986146,5.41014468,-1.29113105,0.20666892,1,"Geno_at_37"
"Aptx","ENSMUSG00000028411.15",-0.0616984016,4.59851053,-1.39946379,0.172085687,1,"Geno_at_37"
"Itpka","ENSMUSG00000027296.7",0.0616771198,2.3032419,0.696124985,0.491790652,1,"Geno_at_37"
"Gm15712","ENSMUSG00000083827.1",-0.06167558,-0.37169027,-0.45489201,0.652511773,1,"Geno_at_37"
"Gm10073","ENSMUSG00000060019.6",-0.0616607364,8.42760805,-1.48809364,0.148134925,1,"Geno_at_37"
"Nlrp1b","ENSMUSG00000070390.12",0.0616594247,-0.376419831,0.529329196,0.600531916,1,"Geno_at_37"
"Tbc1d10c","ENSMUSG00000040247.6",-0.061655172,5.14524833,-1.24411214,0.223237953,1,"Geno_at_37"
"Spint1","ENSMUSG00000027315.13",-0.0616342396,1.10735018,-0.506419291,0.616320586,1,"Geno_at_37"
"Arl5b","ENSMUSG00000017418.14",0.0616126129,6.08750709,1.19444656,0.242531399,1,"Geno_at_37"
"Calhm2","ENSMUSG00000033033.10",-0.0616062097,4.96776338,-1.21330955,0.234622318,1,"Geno_at_37"
"Cd81","ENSMUSG00000037706.17",-0.0616035744,6.09825794,-1.16516048,0.254249994,1,"Geno_at_37"
"Spire1","ENSMUSG00000024533.17",0.0616032233,4.33716255,1.12946791,0.267787103,1,"Geno_at_37"
"Gm6781","ENSMUSG00000035129.6",-0.0615796538,1.77458711,-0.555610331,0.582660252,1,"Geno_at_37"
"Gm38336","ENSMUSG00000104002.2",-0.0615752209,0.776368231,-0.446088407,0.658785441,1,"Geno_at_37"
"Lztfl1","ENSMUSG00000025245.14",-0.0615480705,4.38809331,-1.19437009,0.24183368,1,"Geno_at_37"
"Micall1","ENSMUSG00000033039.10",0.0615425156,5.10463621,1.27616975,0.21183628,1,"Geno_at_37"
"Acp6","ENSMUSG00000028093.15",0.0615333209,5.26873779,1.36408117,0.182843582,1,"Geno_at_37"
"Perm1","ENSMUSG00000078486.3",0.0615315397,1.15108369,0.530043868,0.600042494,1,"Geno_at_37"
"Cox6c2","ENSMUSG00000066491.4",-0.0615284689,2.53396311,-0.714283448,0.480657286,1,"Geno_at_37"
"Gm14167","ENSMUSG00000087433.1",-0.0615127546,0.660000911,-0.549829613,0.586568806,1,"Geno_at_37"
"Rarg","ENSMUSG00000001288.15",0.0615120695,6.19161143,1.40808639,0.169540946,1,"Geno_at_37"
"Rasgrp1","ENSMUSG00000027347.18",-0.061511863,7.3737132,-1.65457739,0.108596358,1,"Geno_at_37"
"Gm12380","ENSMUSG00000084148.1",-0.0615115058,-0.408656622,-0.508531044,0.614857248,1,"Geno_at_37"
"Eif3f","ENSMUSG00000031029.6",-0.061504547,8.57894116,-1.88160615,0.069774708,1,"Geno_at_37"
"Angptl4","ENSMUSG00000002289.16",-0.0614945621,3.61039436,-1.00062253,0.325134128,1,"Geno_at_37"
"Kat8","ENSMUSG00000030801.10",0.0614922093,4.64210102,1.28802582,0.207733425,1,"Geno_at_37"
"Gpat3","ENSMUSG00000029314.14",0.0614910039,1.84603281,0.458747858,0.649955991,1,"Geno_at_37"
"Ttc39c","ENSMUSG00000024424.15",-0.0614667327,4.52754271,-0.820706598,0.419332075,1,"Geno_at_37"
"Gm3724","ENSMUSG00000106133.1",0.0614660665,4.12017476,1.17259604,0.250325436,1,"Geno_at_37"
"Ltf","ENSMUSG00000032496.7",-0.0614257287,1.40213753,-0.520419135,0.606649573,1,"Geno_at_37"
"Minpp1","ENSMUSG00000024896.9",-0.0614244964,5.83976925,-1.8366839,0.0763359392,1,"Geno_at_37"
"Rpl38-ps2","ENSMUSG00000080921.4",-0.0614204456,7.591042,-1.51762442,0.139737166,1,"Geno_at_37"
"Vps33b","ENSMUSG00000030534.13",-0.0614146266,4.96414972,-1.21688639,0.233278563,1,"Geno_at_37"
"Baz1b","ENSMUSG00000002748.7",0.0614076359,8.96302763,2.02854108,0.0516025089,1,"Geno_at_37"
"Tcf4","ENSMUSG00000053477.17",-0.0614026159,4.64521033,-1.21850893,0.232670898,1,"Geno_at_37"
"Ahnak","ENSMUSG00000069833.13",0.0613944756,9.19121873,0.911580916,0.374431182,1,"Geno_at_37"
"Trat1","ENSMUSG00000030775.11",-0.0613853231,5.76135405,-1.27247588,0.213127066,1,"Geno_at_37"
"Nif3l1","ENSMUSG00000026036.17",-0.0613742179,4.94836071,-1.43646604,0.161374523,1,"Geno_at_37"
"Snrk","ENSMUSG00000038145.17",-0.0613678959,6.11496881,-1.04900841,0.304728706,1,"Geno_at_37"
"Rnf5","ENSMUSG00000015478.13",0.0613617972,4.20553147,1.11215251,0.275040056,1,"Geno_at_37"
"Cacnb2","ENSMUSG00000057914.15",-0.0613452117,-0.330345375,-0.441122009,0.662335831,1,"Geno_at_37"
"Gm15601","ENSMUSG00000085913.2",-0.0613427429,2.25163094,-0.689157208,0.4961011,1,"Geno_at_37"
"Gm48865","ENSMUSG00000111664.1",0.0613416439,0.219267843,0.53608395,0.595913721,1,"Geno_at_37"
"Gm16071","ENSMUSG00000081343.1",-0.0613392741,-0.239106842,-0.557313556,0.581511082,1,"Geno_at_37"
"Gm15770","ENSMUSG00000082308.1",-0.0613236377,-0.648397528,-0.562925816,0.57773238,1,"Geno_at_37"
"mt-Nd2","ENSMUSG00000064345.1",-0.0613230617,10.4855093,-1.8088827,0.08082852,1,"Geno_at_37"
"Gm16074","ENSMUSG00000082247.1",-0.0613059842,1.05209574,-0.59813746,0.554305902,1,"Geno_at_37"
"Ypel5","ENSMUSG00000039770.6",-0.0612957471,5.8257235,-1.04092933,0.307921432,1,"Geno_at_37"
"Pacsin1","ENSMUSG00000040276.15",-0.0612947186,3.17634914,-0.689213302,0.496066314,1,"Geno_at_37"
"Lmnb2","ENSMUSG00000062075.13",0.0612821037,6.14562184,1.76832294,0.0873321208,1,"Geno_at_37"
"Erbin","ENSMUSG00000021709.14",0.0612794412,8.50272276,1.83453232,0.0766630553,1,"Geno_at_37"
"Olfr374","ENSMUSG00000046881.7",-0.0612746954,0.0754846253,-0.542962434,0.591228496,1,"Geno_at_37"
"Nyap1","ENSMUSG00000045348.16",0.0612696392,1.45651587,0.604010817,0.550446362,1,"Geno_at_37"
"Gstp3","ENSMUSG00000058216.13",-0.0612689479,4.99418388,-1.21162746,0.23525624,1,"Geno_at_37"
"Igsf23","ENSMUSG00000040498.7",0.0612689077,1.13053146,0.454159614,0.65303272,1,"Geno_at_37"
"Cnep1r1","ENSMUSG00000036810.16",-0.0612567545,5.62679908,-1.50773112,0.142242342,1,"Geno_at_37"
"Gm22806","ENSMUSG00000064672.1",-0.0612498617,1.47893143,-0.683399271,0.499679045,1,"Geno_at_37"
"Mcfd2","ENSMUSG00000024150.12",0.0612443284,4.85396015,1.17070991,0.251071199,1,"Geno_at_37"
"Ndufa5","ENSMUSG00000023089.12",-0.0612385723,4.54771554,-1.16985743,0.251408797,1,"Geno_at_37"
"Eml3","ENSMUSG00000071647.5",0.0612382749,5.85448234,1.78519932,0.0844993599,1,"Geno_at_37"
"Rnf146","ENSMUSG00000038876.12",0.0612275118,4.27004207,1.13598168,0.265094739,1,"Geno_at_37"
"Psip1","ENSMUSG00000028484.16",0.06121957,7.45817669,1.52479415,0.137944053,1,"Geno_at_37"
"Igfals","ENSMUSG00000046070.9",-0.0612098261,1.05912209,-0.561724731,0.578540041,1,"Geno_at_37"
"4930422M22Rik","ENSMUSG00000100281.1",-0.0612083949,-0.392092124,-0.59727845,0.554871546,1,"Geno_at_37"
"Kcnj15","ENSMUSG00000062609.14",0.061196683,-0.040667537,0.446681836,0.658361747,1,"Geno_at_37"
"Gm10036","ENSMUSG00000058064.6",0.0611932922,4.03632481,1.06502548,0.295490773,1,"Geno_at_37"
"Mrtfb","ENSMUSG00000009569.14",0.0611910402,4.82511736,1.39016802,0.17486265,1,"Geno_at_37"
"Gm48904","ENSMUSG00000114081.1",0.0611501493,-0.530108956,0.474327753,0.638753063,1,"Geno_at_37"
"Mccc2","ENSMUSG00000021646.9",-0.0611285788,3.5090504,-0.952508484,0.348566887,1,"Geno_at_37"
"Togaram2","ENSMUSG00000045761.16",-0.0611165517,-0.845477228,-0.620424327,0.539734864,1,"Geno_at_37"
"Gm20163","ENSMUSG00000110611.1",-0.0611071495,-0.537191989,-0.560978348,0.579042222,1,"Geno_at_37"
"Gm22107","ENSMUSG00000084497.1",0.0611004359,0.341413504,0.467359566,0.64367121,1,"Geno_at_37"
"6430571L13Rik","ENSMUSG00000037977.6",-0.0610942973,3.42614821,-0.837853043,0.40883997,1,"Geno_at_37"
"Lamtor1","ENSMUSG00000030842.12",-0.0610934227,6.07179092,-1.63285076,0.113113645,1,"Geno_at_37"
"Gm34220","ENSMUSG00000114045.1",-0.0610775921,1.24890456,-0.561412261,0.57875025,1,"Geno_at_37"
"Fbxo24","ENSMUSG00000089984.7",-0.0610699473,0.422306427,-0.43227612,0.668679363,1,"Geno_at_37"
"Gm7331","ENSMUSG00000059461.7",-0.0610469261,2.34136008,-0.767088654,0.449115293,1,"Geno_at_37"
"Ccdc126","ENSMUSG00000050786.8",-0.0610461812,2.18827899,-0.614153451,0.543814274,1,"Geno_at_37"
"Btbd19","ENSMUSG00000073771.11",-0.061044103,5.43015821,-1.02771547,0.313325128,1,"Geno_at_37"
"Gm47963","ENSMUSG00000110993.1",0.0610399174,0.837660854,0.443044457,0.660960554,1,"Geno_at_37"
"Tnfrsf4","ENSMUSG00000029075.6",0.0610372386,7.65931241,1.18458732,0.248284552,1,"Geno_at_37"
"Gm44911","ENSMUSG00000108852.1",0.061035685,1.2384017,0.472312097,0.64017401,1,"Geno_at_37"
"Gm15163","ENSMUSG00000085711.4",-0.0610338898,4.26744784,-1.1723135,0.250437048,1,"Geno_at_37"
"Kxd1","ENSMUSG00000055553.16",-0.0610295881,5.56045924,-1.69682269,0.100242203,1,"Geno_at_37"
"1190001M18Rik","ENSMUSG00000111857.1",-0.0610262923,-0.514160877,-0.550762283,0.58593733,1,"Geno_at_37"
"Fry","ENSMUSG00000056602.12",0.0610218035,3.10150319,0.65960619,0.514615484,1,"Geno_at_37"
"Chrna1os","ENSMUSG00000086382.1",0.0610168439,-0.929607967,0.804457321,0.427558673,1,"Geno_at_37"
"Bag5","ENSMUSG00000049792.6",0.0610159147,5.3676705,1.43025648,0.163134161,1,"Geno_at_37"
"Pml","ENSMUSG00000036986.16",0.0610119308,7.04539896,1.23721007,0.227207526,1,"Geno_at_37"
"Dus4l","ENSMUSG00000020648.3",0.0610030876,3.68909468,1.05784753,0.298697346,1,"Geno_at_37"
"Rgs9bp","ENSMUSG00000056043.5",0.0609948373,-0.50510514,0.498755968,0.621644328,1,"Geno_at_37"
"Sfxn3","ENSMUSG00000025212.17",-0.0609908545,6.64825249,-1.37500502,0.179467659,1,"Geno_at_37"
"Gm42782","ENSMUSG00000105976.1",-0.0609884805,-0.339895321,-0.505480344,0.616971745,1,"Geno_at_37"
"Abi3","ENSMUSG00000018381.15",0.06098837,1.67740865,0.581093304,0.565584328,1,"Geno_at_37"
"Slc25a42","ENSMUSG00000002346.16",-0.0609859235,3.49474649,-0.878734279,0.386635911,1,"Geno_at_37"
"Gm12844","ENSMUSG00000084260.1",-0.0609782563,3.43670517,-0.945488176,0.352078133,1,"Geno_at_37"
"Il21r","ENSMUSG00000030745.9",0.0609765815,6.30506585,1.19378584,0.242961901,1,"Geno_at_37"
"Gm38134","ENSMUSG00000102540.1",0.0609724649,0.0307691633,0.511764021,0.612620078,1,"Geno_at_37"
"Gm14026","ENSMUSG00000082274.1",0.0609723845,4.02668764,1.10272312,0.279048577,1,"Geno_at_37"
"Plxna3","ENSMUSG00000031398.13",-0.0609723096,4.1470814,-0.83080022,0.412867311,1,"Geno_at_37"
"B230334C09Rik","ENSMUSG00000104597.1",0.0609686527,-0.283557649,0.459507645,0.649232817,1,"Geno_at_37"
"Gm14862","ENSMUSG00000079694.2",-0.0609642646,-0.83143627,-0.724592584,0.474401294,1,"Geno_at_37"
"Stk3","ENSMUSG00000022329.15",-0.0609589107,3.3062516,-0.804082099,0.427771932,1,"Geno_at_37"
"Cep70","ENSMUSG00000056267.14",-0.0609416283,3.78404238,-0.919184226,0.365442791,1,"Geno_at_37"
"Gm35638","ENSMUSG00000113188.1",-0.0609405552,3.32465544,-0.84384006,0.405539152,1,"Geno_at_37"
"Pfkm","ENSMUSG00000033065.14",0.060935504,4.07486008,1.16531462,0.253213455,1,"Geno_at_37"
"Agtrap","ENSMUSG00000029007.8",0.0609305472,4.21170151,1.29518332,0.205286027,1,"Geno_at_37"
"Gm5907","ENSMUSG00000110058.1",-0.0609291829,-0.331868882,-0.590200656,0.559543417,1,"Geno_at_37"
"Trdv5","ENSMUSG00000076873.2",-0.0609284469,-0.69519679,-0.522308403,0.605349954,1,"Geno_at_37"
"Hsd17b14","ENSMUSG00000030825.19",0.0609283768,-0.478426432,0.532670892,0.598245087,1,"Geno_at_37"
"Rpp40","ENSMUSG00000021418.15",-0.0609279328,2.35865147,-0.584732256,0.56316666,1,"Geno_at_37"
"Prorp","ENSMUSG00000021023.14",-0.0608986144,4.09735894,-0.845619687,0.404561228,1,"Geno_at_37"
"Gm12977","ENSMUSG00000085009.1",-0.0608958574,-0.669319175,-0.478343947,0.635925985,1,"Geno_at_37"
"Arhgdib","ENSMUSG00000030220.13",-0.0608894587,8.36573649,-2.09980893,0.0443937499,1,"Geno_at_37"
"Bfsp2","ENSMUSG00000032556.11",-0.060887229,-0.844483621,-0.642794954,0.525314385,1,"Geno_at_37"
"Itm2b","ENSMUSG00000022108.8",-0.0608745026,7.70095653,-1.88048296,0.0699326333,1,"Geno_at_37"
"Pip4k2a","ENSMUSG00000026737.12",-0.0608723128,6.75753431,-1.31369789,0.199576887,1,"Geno_at_37"
"Rdh14","ENSMUSG00000020621.6",0.060859353,3.45095995,0.865842132,0.393553214,1,"Geno_at_37"
"P2rx6","ENSMUSG00000022758.14",0.0608565349,-0.541878474,0.581351682,0.565412492,1,"Geno_at_37"
"Gm47425","ENSMUSG00000112535.1",-0.060852113,-0.344902534,-0.399205027,0.692833034,1,"Geno_at_37"
"8430429K09Rik","ENSMUSG00000034587.8",-0.0608477203,2.28227468,-0.606778062,0.548632763,1,"Geno_at_37"
"Agpat3","ENSMUSG00000001211.15",-0.0608203808,7.96582071,-2.119704,0.0425476636,1,"Geno_at_37"
"Lratd2","ENSMUSG00000072568.4",0.0608201998,3.36821207,0.749920637,0.459232628,1,"Geno_at_37"
"Gm42432","ENSMUSG00000105962.1",0.0608131814,0.392055459,0.440403591,0.662850079,1,"Geno_at_37"
"Gm9776","ENSMUSG00000042857.3",-0.0607959413,1.1848539,-0.483147114,0.632552253,1,"Geno_at_37"
"Madcam1","ENSMUSG00000020310.9",0.0607820194,-0.219550158,0.437425548,0.664983561,1,"Geno_at_37"
"Rif1","ENSMUSG00000036202.16",0.0607808024,7.64292519,1.69540164,0.100514212,1,"Geno_at_37"
"Gm18030","ENSMUSG00000113497.1",0.0607686244,-0.590532355,0.477515679,0.636508564,1,"Geno_at_37"
"Zfp236","ENSMUSG00000041258.18",0.0607574092,6.06596218,1.64088507,0.11142537,1,"Geno_at_37"
"Mir7240","ENSMUSG00000099031.1",0.0607562297,-0.582933273,0.583563507,0.563942589,1,"Geno_at_37"
"Pias1","ENSMUSG00000032405.10",0.0607556066,6.31746717,1.68705761,0.102123877,1,"Geno_at_37"
"Trav15-2-dv6-2","ENSMUSG00000076848.3",-0.0607553115,-0.476798364,-0.531769849,0.59886129,1,"Geno_at_37"
"Bcl2l12","ENSMUSG00000003190.12",0.060755103,3.46135618,0.896272291,0.377351934,1,"Geno_at_37"
"Sec14l1","ENSMUSG00000020823.16",0.0607550215,5.20142733,1.58306485,0.124053335,1,"Geno_at_37"
"Gm13830","ENSMUSG00000086368.2",-0.0607370829,-0.23077943,-0.596141369,0.555620751,1,"Geno_at_37"
"Gm5510","ENSMUSG00000083458.1",0.0607365408,1.01460994,0.580064231,0.566268978,1,"Geno_at_37"
"Atp11b","ENSMUSG00000037400.17",0.0606861383,8.34626423,1.46145594,0.155232806,1,"Geno_at_37"
"Zfp668","ENSMUSG00000049728.14",-0.060682926,4.68338077,-1.20621242,0.237305636,1,"Geno_at_37"
"Slc30a1","ENSMUSG00000037434.7",0.0606656509,4.89936052,0.439438309,0.666049353,1,"Geno_at_37"
"Necap1","ENSMUSG00000030327.8",0.0606572592,4.68134551,1.27250393,0.213117242,1,"Geno_at_37"
"Dnajc15","ENSMUSG00000022013.4",-0.0606477813,4.68818942,-1.35143466,0.186813452,1,"Geno_at_37"
"Dynll2","ENSMUSG00000020483.14",0.0606338164,6.68258435,0.953227019,0.351619312,1,"Geno_at_37"
"Rgs16","ENSMUSG00000026475.7",-0.0606195566,8.2557611,-0.428777548,0.673728112,1,"Geno_at_37"
"Rbm6-ps2","ENSMUSG00000100389.1",0.0606161811,-0.621106529,0.586216576,0.562182006,1,"Geno_at_37"
"Jcad","ENSMUSG00000033960.6",-0.0606011337,5.803431,-1.3103985,0.200156723,1,"Geno_at_37"
"Prdm5","ENSMUSG00000029913.14",-0.0605860411,2.76388263,-0.8907405,0.380264547,1,"Geno_at_37"
"Cacna2d2","ENSMUSG00000010066.15",0.060565551,0.362235205,0.459070046,0.649543383,1,"Geno_at_37"
"Suclg2","ENSMUSG00000061838.7",-0.0605474988,6.3584482,-1.82038392,0.0788441659,1,"Geno_at_37"
"Pold4","ENSMUSG00000024854.4",-0.0605365563,4.47802094,-0.931650332,0.35906791,1,"Geno_at_37"
"H2-Q1","ENSMUSG00000079507.10",-0.0605348007,-0.637962396,-0.541917366,0.591939189,1,"Geno_at_37"
"Gm12902","ENSMUSG00000082515.1",-0.0605245095,-0.408482668,-0.488993781,0.628456399,1,"Geno_at_37"
"Zfp606","ENSMUSG00000030386.19",-0.0605068483,3.41455767,-0.776641968,0.443543429,1,"Geno_at_37"
"Spag9","ENSMUSG00000020859.16",0.0605029928,7.19755038,1.72655477,0.0946911262,1,"Geno_at_37"
"Ppp1r8","ENSMUSG00000028882.13",-0.0604973796,6.47179205,-1.96118314,0.0593425564,1,"Geno_at_37"
"9830144P21Rik","ENSMUSG00000087528.1",-0.0604899797,3.67833981,-0.904936244,0.372819307,1,"Geno_at_37"
"Rbfox2","ENSMUSG00000033565.18",0.0604886151,1.40652757,0.55018081,0.586330985,1,"Geno_at_37"
"Gm15634","ENSMUSG00000086279.1",-0.0604788649,-0.587284099,-0.626631018,0.535713125,1,"Geno_at_37"
"Gm38910","ENSMUSG00000107728.1",-0.0604676442,-0.67431442,-0.597071795,0.555007669,1,"Geno_at_37"
"Gm43597","ENSMUSG00000107096.3",-0.0604663903,1.41137594,-0.522148292,0.605460043,1,"Geno_at_37"
"Far1","ENSMUSG00000030759.16",0.0604647712,7.79894844,1.87390557,0.0708636508,1,"Geno_at_37"
"Gda","ENSMUSG00000058624.13",0.0604619639,-0.797926895,0.587070764,0.56161576,1,"Geno_at_37"
"Zfp595","ENSMUSG00000057842.14",-0.0604537832,3.8510269,-0.97719783,0.336404822,1,"Geno_at_37"
"Gm4786","ENSMUSG00000116757.1",-0.0604500317,4.01712468,-0.808028034,0.425574035,1,"Geno_at_37"
"Gm24924","ENSMUSG00000094306.1",0.0604305388,-0.463310168,0.510728315,0.613336359,1,"Geno_at_37"
"Kifc2","ENSMUSG00000004187.11",-0.0604272795,2.28825795,-0.715462765,0.479939243,1,"Geno_at_37"
"Mrps25","ENSMUSG00000014551.8",-0.0603924934,4.82616822,-1.29051863,0.206878534,1,"Geno_at_37"
"Ahr","ENSMUSG00000019256.17",0.0603892117,3.99799298,0.975633432,0.337166834,1,"Geno_at_37"
"Tnfsf10","ENSMUSG00000039304.11",0.060376775,6.56576733,0.880746619,0.389214143,1,"Geno_at_37"
"Vpreb3","ENSMUSG00000000903.3",-0.0603712289,-0.413748557,-0.526299287,0.602608964,1,"Geno_at_37"
"Sit1","ENSMUSG00000028460.6",-0.0603650598,3.50630015,-0.870796502,0.390885664,1,"Geno_at_37"
"Crppa","ENSMUSG00000043153.6",-0.0603585678,-0.154637766,-0.535338813,0.596422332,1,"Geno_at_37"
"Gm9432","ENSMUSG00000083199.1",-0.060356929,0.518664272,-0.488507144,0.628796855,1,"Geno_at_37"
"Txk","ENSMUSG00000054892.14",-0.0603547308,5.49558605,-0.633105579,0.534799553,1,"Geno_at_37"
"Cd3g","ENSMUSG00000002033.14",-0.0603518484,7.46723831,-1.59821578,0.120635749,1,"Geno_at_37"
"Cers6","ENSMUSG00000027035.10",-0.0603376511,3.57862642,-0.799683483,0.430276746,1,"Geno_at_37"
"Mir5107","ENSMUSG00000093327.1",-0.0603298822,-0.740650727,-0.634078581,0.530908372,1,"Geno_at_37"
"9330198N18Rik","ENSMUSG00000086405.1",-0.0603250686,-0.277308674,-0.528696908,0.600965078,1,"Geno_at_37"
"Unkl","ENSMUSG00000015127.14",0.0603112439,5.08388444,1.06733637,0.294463613,1,"Geno_at_37"
"Gm5503","ENSMUSG00000117730.1",0.0602920912,0.888540897,0.499710618,0.620979984,1,"Geno_at_37"
"Rapgef3","ENSMUSG00000022469.17",0.0602814872,-0.45163416,0.512444754,0.612149503,1,"Geno_at_37"
"Hsd11b1","ENSMUSG00000016194.14",0.0602774573,1.9515298,0.665515804,0.510882993,1,"Geno_at_37"
"Ebi3","ENSMUSG00000003206.7",-0.0602710331,1.54378357,-0.438410505,0.664333936,1,"Geno_at_37"
"Vmn1r32","ENSMUSG00000062905.2",-0.0602646111,-0.194113083,-0.390965825,0.698779687,1,"Geno_at_37"
"Gm15784","ENSMUSG00000081126.1",-0.0602537552,0.862949828,-0.501381264,0.619818159,1,"Geno_at_37"
"Gm44432","ENSMUSG00000107932.1",-0.0602520687,0.736813405,-0.535690129,0.596182507,1,"Geno_at_37"
"Sptan1","ENSMUSG00000057738.14",0.0602394959,8.75091409,2.152904,0.0396186097,1,"Geno_at_37"
"Fhod3","ENSMUSG00000034295.10",0.0602271265,-0.647086586,0.507525303,0.615553976,1,"Geno_at_37"
"Pfn4","ENSMUSG00000020639.14",0.0602107405,-0.180444942,0.570186546,0.572861873,1,"Geno_at_37"
"Nol3","ENSMUSG00000014776.7",0.0602099266,-0.830676006,0.620121222,0.539931672,1,"Geno_at_37"
"Cops3","ENSMUSG00000019373.11",-0.0602000858,6.36557931,-1.58945995,0.122601228,1,"Geno_at_37"
"Asah2","ENSMUSG00000024887.10",-0.0601933833,2.63371851,-0.634838301,0.530419537,1,"Geno_at_37"
"Gm49539","ENSMUSG00000116004.1",-0.0601789545,-0.354509208,-0.535090351,0.596591972,1,"Geno_at_37"
"Slc12a2","ENSMUSG00000024597.11",0.0601756906,6.95462635,1.70171708,0.0993100661,1,"Geno_at_37"
"Gpr137","ENSMUSG00000024958.13",0.0601689642,3.28461304,0.943718264,0.352967069,1,"Geno_at_37"
"Carhsp1","ENSMUSG00000008393.9",0.0601688318,6.46415211,1.25435535,0.220071509,1,"Geno_at_37"
"Inf2","ENSMUSG00000037679.9",0.0601509573,6.68278162,1.24658393,0.223136498,1,"Geno_at_37"
"Gm15614","ENSMUSG00000085234.1",-0.0601480359,-0.483356069,-0.617032056,0.541939646,1,"Geno_at_37"
"Camsap3","ENSMUSG00000044433.16",0.0601420968,0.0503567354,0.453100289,0.653786524,1,"Geno_at_37"
"Rpl41","ENSMUSG00000093674.7",-0.0601330885,9.25631683,-1.96115472,0.0593460256,1,"Geno_at_37"
"Gm47112","ENSMUSG00000111079.1",-0.0601285573,-0.661081151,-0.529459084,0.600442952,1,"Geno_at_37"
"Gm14292","ENSMUSG00000061897.5",-0.0601274454,4.21726516,-1.30346463,0.202481926,1,"Geno_at_37"
"Npdc1","ENSMUSG00000015094.16",-0.0601166174,-0.450390819,-0.547144423,0.588388697,1,"Geno_at_37"
"Csnk2b","ENSMUSG00000024387.13",-0.0601145875,7.11450723,-1.91867632,0.0647324815,1,"Geno_at_37"
"Dgkq","ENSMUSG00000004815.12",0.0601004979,4.06529354,0.956104771,0.346777276,1,"Geno_at_37"
"Znrf1","ENSMUSG00000033545.14",-0.0601001149,7.93056208,-1.67211339,0.105060691,1,"Geno_at_37"
"Lpp","ENSMUSG00000033306.15",0.0601001,4.86135294,1.31123022,0.199879196,1,"Geno_at_37"
"Slc44a2","ENSMUSG00000057193.8",-0.0600830784,8.01521929,-1.15913232,0.258674496,1,"Geno_at_37"
"Angptl1","ENSMUSG00000033544.6",-0.0600757875,-0.691399414,-0.684630124,0.498912993,1,"Geno_at_37"
"Slc26a1","ENSMUSG00000046959.16",0.0600499807,0.0371967856,0.461588452,0.647756936,1,"Geno_at_37"
"Trbv16","ENSMUSG00000076473.3",-0.0600067138,3.36154603,-0.832196452,0.411974016,1,"Geno_at_37"
"Trim46","ENSMUSG00000042766.17",-0.0600065334,3.13266763,-0.746290743,0.461388847,1,"Geno_at_37"
"Klf9","ENSMUSG00000033863.2",-0.0599870757,5.50576611,-0.683277572,0.502995965,1,"Geno_at_37"
"Tuba1c","ENSMUSG00000043091.9",-0.059981725,7.37026029,-1.65191867,0.109140963,1,"Geno_at_37"
"Fgd1","ENSMUSG00000025265.14",-0.0599816162,4.41296578,-1.00598162,0.322592334,1,"Geno_at_37"
"Shroom3","ENSMUSG00000029381.16",0.05996554,0.419136293,0.452739965,0.654043012,1,"Geno_at_37"
"Myh7b","ENSMUSG00000074652.3",0.0599630568,1.44788692,0.574921911,0.56969646,1,"Geno_at_37"
"Zfand5","ENSMUSG00000024750.11",-0.0599534936,6.78062978,-1.50162758,0.143805876,1,"Geno_at_37"
"Mettl6","ENSMUSG00000021891.8",-0.0599507838,5.47071224,-1.59285931,0.121835048,1,"Geno_at_37"
"Bloc1s1","ENSMUSG00000090247.7",0.0599500999,1.07888241,0.519128308,0.60753828,1,"Geno_at_37"
"Vsig10l","ENSMUSG00000070604.5",0.0599410603,0.73563723,0.489356109,0.628202966,1,"Geno_at_37"
"Mxi1","ENSMUSG00000025025.14",-0.0599320902,6.72295007,-0.737991661,0.470312461,1,"Geno_at_37"
"H2ac11","ENSMUSG00000069301.5",-0.0599278971,0.924449631,-0.532615661,0.598282849,1,"Geno_at_37"
"Pet100","ENSMUSG00000087687.3",-0.0599181388,3.89961751,-1.11693701,0.273021994,1,"Geno_at_37"
"Camk2d","ENSMUSG00000053819.16",0.0598970975,5.41477838,1.33604938,0.191732922,1,"Geno_at_37"
"Gm26679","ENSMUSG00000097903.2",0.0598965463,-0.500385763,0.492627876,0.625916589,1,"Geno_at_37"
"Rita1","ENSMUSG00000029600.10",0.0598961458,1.89276997,0.578966792,0.566999574,1,"Geno_at_37"
"Tdgf1","ENSMUSG00000032494.12",0.0598954214,-0.209725224,0.530668452,0.599614921,1,"Geno_at_37"
"Armcx4","ENSMUSG00000049804.9",0.0598924769,6.0329509,1.30387374,0.202344165,1,"Geno_at_37"
"Nsa2","ENSMUSG00000060739.8",-0.0598908366,7.05583135,-1.87518732,0.0706813871,1,"Geno_at_37"
"Gm24379","ENSMUSG00000084644.1",0.059881488,-0.494746409,0.608872859,0.547261939,1,"Geno_at_37"
"Ets2","ENSMUSG00000022895.16",0.0598631985,4.91992531,1.07843132,0.289567122,1,"Geno_at_37"
"C030005K06Rik","ENSMUSG00000086600.8",0.0598532982,0.00334703803,0.486990047,0.62985876,1,"Geno_at_37"
"Hip1r","ENSMUSG00000000915.15",0.0598529566,5.28179584,0.896752243,0.378697144,1,"Geno_at_37"
"Nsd2","ENSMUSG00000057406.16",0.0598425153,8.64600282,1.980124,0.0570696711,1,"Geno_at_37"
"Kif5a","ENSMUSG00000074657.5",0.0598349764,0.444919891,0.444008002,0.660271707,1,"Geno_at_37"
"2310033P09Rik","ENSMUSG00000020441.6",-0.0598171258,4.10939322,-1.05271887,0.301003361,1,"Geno_at_37"
"Wdr70","ENSMUSG00000039828.7",-0.0598088814,5.08375511,-1.65928305,0.107638002,1,"Geno_at_37"
"Strn","ENSMUSG00000024077.15",0.0598076957,6.48452454,1.94844696,0.0609149304,1,"Geno_at_37"
"Trac","ENSMUSG00000076928.5",-0.0598051463,8.35172279,-1.9306453,0.0631734023,1,"Geno_at_37"
"Gm49492","ENSMUSG00000116180.1",-0.0598017737,0.467530709,-0.550151453,0.586350863,1,"Geno_at_37"
"Pex6","ENSMUSG00000002763.16",0.0597951039,5.54729149,1.39851157,0.172368545,1,"Geno_at_37"
"Rbm7","ENSMUSG00000042396.10",-0.0597862494,6.8535768,-1.80610235,0.0810994067,1,"Geno_at_37"
"Gm17690","ENSMUSG00000097204.2",-0.0597806165,0.80463919,-0.446886949,0.658215328,1,"Geno_at_37"
"Slc5a6","ENSMUSG00000006641.12",-0.0597641854,4.16921168,-0.691105827,0.496045479,1,"Geno_at_37"
"Gm22200","ENSMUSG00000089239.1",-0.0597238188,-0.408514077,-0.422308659,0.67590113,1,"Geno_at_37"
"Pik3r6","ENSMUSG00000046207.14",-0.0597105324,-0.697418358,-0.490133706,0.627659224,1,"Geno_at_37"
"Zfp457","ENSMUSG00000055341.10",0.0596895725,-0.112108158,0.321558014,0.750648349,1,"Geno_at_37"
"Gm14066","ENSMUSG00000085071.1",-0.0596719875,-0.508251533,-0.419104477,0.6783178,1,"Geno_at_37"
"Zfp747","ENSMUSG00000054381.5",0.0596629516,3.63291384,0.833047407,0.411501587,1,"Geno_at_37"
"Zfp874b","ENSMUSG00000059839.9",-0.05966,3.6993899,-0.890216875,0.380540998,1,"Geno_at_37"
"0610010F05Rik","ENSMUSG00000042208.15",-0.0596495638,4.60114995,-1.14240918,0.262457305,1,"Geno_at_37"
"Rps6kb2","ENSMUSG00000024830.17",-0.0596467978,4.81689813,-1.15564217,0.257087449,1,"Geno_at_37"
"C2cd3","ENSMUSG00000047248.20",0.059639347,6.27609466,1.51692454,0.139913209,1,"Geno_at_37"
"Fam78b","ENSMUSG00000060568.14",0.0596336106,-0.721488423,0.638675104,0.527954462,1,"Geno_at_37"
"Gm16200","ENSMUSG00000081520.1",-0.0596332539,0.485163988,-0.541093943,0.592499442,1,"Geno_at_37"
"Slc7a7","ENSMUSG00000000958.10",-0.0596325066,0.901257218,-0.473554208,0.639298213,1,"Geno_at_37"
"Errfi1","ENSMUSG00000028967.10",0.0596174742,3.26174806,0.790276263,0.435663693,1,"Geno_at_37"
"Rcl1","ENSMUSG00000024785.7",-0.0596131653,6.07462997,-1.51210397,0.141130614,1,"Geno_at_37"
"Il9r","ENSMUSG00000020279.10",-0.0596074837,-0.0170188106,-0.495907606,0.623628437,1,"Geno_at_37"
"Mocs2","ENSMUSG00000015536.14",-0.0595999339,4.13294357,-1.25982266,0.217593855,1,"Geno_at_37"
"Gtf2h3","ENSMUSG00000029387.10",0.05958889,5.42437402,1.65497126,0.108515871,1,"Geno_at_37"
"Pi4k2a","ENSMUSG00000025178.9",-0.059587794,6.3293213,-1.69906222,0.0998147784,1,"Geno_at_37"
"Mir5125","ENSMUSG00000092981.1",-0.0595774906,3.90447906,-0.779983912,0.441604119,1,"Geno_at_37"
"Hspa12a","ENSMUSG00000025092.7",-0.0595678041,1.7483314,-0.5930291,0.557674028,1,"Geno_at_37"
"Dffb","ENSMUSG00000029027.9",0.0595633676,3.91281773,1.01247818,0.319529367,1,"Geno_at_37"
"Gm48146","ENSMUSG00000112806.1",-0.0595618156,0.545728476,-0.454394657,0.652865517,1,"Geno_at_37"
"Stard8","ENSMUSG00000031216.13",-0.0595541601,3.30197483,-0.848260048,0.403113056,1,"Geno_at_37"
"Gm20636","ENSMUSG00000093637.1",-0.0595516522,-0.0703934169,-0.505721311,0.616804605,1,"Geno_at_37"
"Il12rb1","ENSMUSG00000000791.9",-0.0595438426,6.03698065,-1.05626484,0.300876856,1,"Geno_at_37"
"Hgh1","ENSMUSG00000022554.7",0.0595398796,4.34200543,1.02346305,0.314395909,1,"Geno_at_37"
"Chpt1","ENSMUSG00000060002.14",0.0595391349,3.07262719,0.768323628,0.448392666,1,"Geno_at_37"
"AI854703","ENSMUSG00000053297.14",0.0595322704,1.02897576,0.519985741,0.606947888,1,"Geno_at_37"
"Gm28777","ENSMUSG00000100763.1",0.0595295922,-0.63817712,0.481599799,0.63363821,1,"Geno_at_37"
"Ap1b1","ENSMUSG00000009090.17",-0.0595179153,6.6412795,-2.03397515,0.0510186082,1,"Geno_at_37"
"Umps","ENSMUSG00000022814.6",0.0595179064,7.12728034,2.06155577,0.0481438369,1,"Geno_at_37"
"Rtl8b","ENSMUSG00000067924.4",-0.0595143368,2.51567691,-0.708549902,0.484156983,1,"Geno_at_37"
"Rhoq","ENSMUSG00000024143.15",-0.0595065425,6.53545309,-1.27172218,0.213773173,1,"Geno_at_37"
"Dync2li1","ENSMUSG00000024253.9",-0.0594929476,0.22592705,-0.474774573,0.638438263,1,"Geno_at_37"
"Gm18541","ENSMUSG00000110768.1",0.0594889909,4.15685846,1.07475637,0.291182549,1,"Geno_at_37"
"Tbc1d32","ENSMUSG00000038122.9",-0.0594834747,3.60089784,-0.737473658,0.466651041,1,"Geno_at_37"
"Gm5297","ENSMUSG00000105124.2",-0.0594833437,2.19065397,-0.655524373,0.517202221,1,"Geno_at_37"
"Gm17494","ENSMUSG00000057359.7",0.0594832104,1.20856573,0.596961628,0.555080243,1,"Geno_at_37"
"Gm16437","ENSMUSG00000024761.3",0.0594803183,2.20154875,0.711994164,0.482052901,1,"Geno_at_37"
"Fzd7","ENSMUSG00000041075.8",-0.0594758638,2.70824854,-0.409723423,0.686184337,1,"Geno_at_37"
"Hmg20b","ENSMUSG00000020232.17",-0.0594702896,5.76810118,-1.38937915,0.175099922,1,"Geno_at_37"
"Ankrd54","ENSMUSG00000033055.12",-0.059466594,5.42973987,-1.71998901,0.0958941877,1,"Geno_at_37"
"Lig1","ENSMUSG00000056394.17",0.0594607593,8.23797795,1.27790711,0.21322162,1,"Geno_at_37"
"Akap12","ENSMUSG00000038587.10",0.0594552208,3.0066375,0.535959502,0.59660042,1,"Geno_at_37"
"Maf","ENSMUSG00000055435.6",-0.0594405214,8.03055789,-0.977141463,0.340585766,1,"Geno_at_37"
"Tmem260","ENSMUSG00000036339.18",0.059438219,5.00187316,1.39216051,0.174264484,1,"Geno_at_37"
"A530021J07Rik","ENSMUSG00000053528.6",-0.0594367977,-0.545572807,-0.553110044,0.584349219,1,"Geno_at_37"
"Gm9761","ENSMUSG00000034437.8",0.0594288035,7.32395958,1.23417331,0.228317958,1,"Geno_at_37"
"Tmem163","ENSMUSG00000026347.13",-0.0594281022,1.75941382,-0.596083994,0.555658568,1,"Geno_at_37"
"Gm38253","ENSMUSG00000102780.1",0.0594267463,2.92127645,0.646285846,0.523082926,1,"Geno_at_37"
"Blzf1","ENSMUSG00000026577.13",0.0594211523,4.76827307,1.20480921,0.237838855,1,"Geno_at_37"
"Gm10563","ENSMUSG00000073682.3",-0.0594178687,-0.15787734,-0.615509611,0.542930682,1,"Geno_at_37"
"Dgcr8","ENSMUSG00000022718.12",0.0594039039,6.7878641,1.37106365,0.180680046,1,"Geno_at_37"
"Insig1","ENSMUSG00000045294.11",-0.0594012832,7.48257457,-0.623412426,0.541543838,1,"Geno_at_37"
"mt-Co1","ENSMUSG00000064351.1",-0.0593990725,12.7604403,-2.13349842,0.0413080366,1,"Geno_at_37"
"5033403F01Rik","ENSMUSG00000096932.2",-0.0593950991,-0.547317202,-0.572906752,0.571042445,1,"Geno_at_37"
"Plekhg3","ENSMUSG00000052609.9",-0.0593944592,1.67606706,-0.480063633,0.634717164,1,"Geno_at_37"
"Gm44684","ENSMUSG00000108520.1",0.0593885714,-0.146822499,0.42986006,0.670416318,1,"Geno_at_37"
"Gm43259","ENSMUSG00000106432.1",0.0593869538,-0.445705867,0.546516848,0.588814432,1,"Geno_at_37"
"Gm45769","ENSMUSG00000107838.1",0.0593602095,0.774908354,0.567743745,0.574498219,1,"Geno_at_37"
"Cyb561d2","ENSMUSG00000037190.12",0.0593534424,3.86527944,1.11747176,0.272797108,1,"Geno_at_37"
"n-R5s40","ENSMUSG00000064409.1",-0.0593519433,-0.082725281,-0.410702791,0.684253829,1,"Geno_at_37"
"Gm26512","ENSMUSG00000097157.2",-0.0593456981,-0.443591159,-0.617973304,0.541327415,1,"Geno_at_37"
"Calcrl","ENSMUSG00000059588.13",0.0593434876,4.6084595,1.13172922,0.266850197,1,"Geno_at_37"
"Adgrg1","ENSMUSG00000031785.16",-0.05933823,5.13776788,-0.98665501,0.332266828,1,"Geno_at_37"
"2610020C07Rik","ENSMUSG00000097537.2",0.0593338729,2.27451517,0.669955832,0.508088501,1,"Geno_at_37"
"4930581F22Rik","ENSMUSG00000070315.12",-0.0593297809,4.50294348,-1.25578019,0.21903573,1,"Geno_at_37"
"Chaf1b","ENSMUSG00000022945.12",-0.0593271373,5.81712634,-1.8128688,0.0800241239,1,"Geno_at_37"
"Gm44423","ENSMUSG00000108064.1",0.0593155207,0.992658859,0.387902293,0.700939596,1,"Geno_at_37"
"4930405A21Rik","ENSMUSG00000086638.7",-0.0593126064,-0.111789833,-0.39532139,0.695473795,1,"Geno_at_37"
"Gm6653","ENSMUSG00000112026.1",-0.0592840108,0.285277248,-0.454294003,0.652937117,1,"Geno_at_37"
"Septin6","ENSMUSG00000050379.15",-0.0592752479,7.41995096,-1.6970196,0.10020456,1,"Geno_at_37"
"Dcaf5","ENSMUSG00000049106.7",-0.0592727828,6.05526845,-1.52539603,0.137794375,1,"Geno_at_37"
"Proz","ENSMUSG00000031445.5",0.0592708959,2.01077866,0.652756568,0.51896026,1,"Geno_at_37"
"H3c3","ENSMUSG00000069310.4",-0.0592681681,2.60538401,-0.693607219,0.493345765,1,"Geno_at_37"
"Muc13","ENSMUSG00000022824.12",0.0592633902,1.773732,0.288434929,0.776167455,1,"Geno_at_37"
"Golga3","ENSMUSG00000029502.14",0.0592607287,6.17349129,1.76690164,0.0875743275,1,"Geno_at_37"
"Tmem258","ENSMUSG00000036372.14",-0.0592594043,5.75188586,-1.28788594,0.207781475,1,"Geno_at_37"
"AW046200","ENSMUSG00000110419.1",-0.0592448996,2.29652609,-0.742988338,0.463355689,1,"Geno_at_37"
"Gm15610","ENSMUSG00000078183.3",0.0592398583,0.745633733,0.562815298,0.577806674,1,"Geno_at_37"
"Ccp110","ENSMUSG00000033904.16",0.0592322599,5.93157875,1.24851292,0.22164595,1,"Geno_at_37"
"Rpusd3","ENSMUSG00000051169.14",-0.0592216116,1.16271889,-0.479272653,0.635273041,1,"Geno_at_37"
"Dmxl1","ENSMUSG00000037416.13",0.0592201838,6.25145935,1.79121728,0.0835083015,1,"Geno_at_37"
"Gm43714","ENSMUSG00000105512.1",-0.0592189711,-0.487961661,-0.69884003,0.490116793,1,"Geno_at_37"
"Cd226","ENSMUSG00000034028.16",-0.0592019019,4.76144825,-1.01611144,0.317825123,1,"Geno_at_37"
"Gm12039","ENSMUSG00000081868.1",-0.0592009985,0.167196384,-0.43816294,0.664455023,1,"Geno_at_37"
"Ndufab1-ps","ENSMUSG00000091989.1",-0.0591910938,1.96426483,-0.685152367,0.498588159,1,"Geno_at_37"
"Ccl6","ENSMUSG00000018927.3",0.0591856044,-0.746391198,0.524261737,0.604007645,1,"Geno_at_37"
"Pp2d1","ENSMUSG00000044957.3",-0.0591690213,-0.111614774,-0.416173914,0.680290326,1,"Geno_at_37"
"Gm10226","ENSMUSG00000067929.3",-0.0591635095,1.53633198,-0.539848587,0.593347263,1,"Geno_at_37"
"AV099323","ENSMUSG00000087377.1",-0.0591475586,0.107950145,-0.517457338,0.608689614,1,"Geno_at_37"
"Fcnaos","ENSMUSG00000052403.11",0.0591434026,-0.166546913,0.474716098,0.638479457,1,"Geno_at_37"
"Gm43460","ENSMUSG00000106891.1",-0.0591365775,1.43899768,-0.573491242,0.570651882,1,"Geno_at_37"
"Shpk","ENSMUSG00000005951.13",-0.0591328515,1.66971596,-0.599824382,0.553195957,1,"Geno_at_37"
"Scimp","ENSMUSG00000057135.12",0.0591211692,-0.975227852,0.854861615,0.399506576,1,"Geno_at_37"
"3110067C02Rik","ENSMUSG00000081187.1",0.0590795322,-0.401384043,0.455539428,0.652051418,1,"Geno_at_37"
"Purg","ENSMUSG00000049184.6",-0.0590771972,1.65023213,-0.599924589,0.553130059,1,"Geno_at_37"
"Gm10701","ENSMUSG00000074465.2",0.0590761794,-0.522251939,0.421472092,0.676568297,1,"Geno_at_37"
"Lrrc70","ENSMUSG00000118423.1",0.0590492328,1.08424617,0.467611566,0.64349306,1,"Geno_at_37"
"Bod1","ENSMUSG00000044502.16",-0.0590356231,4.42030088,-1.25539037,0.219175151,1,"Geno_at_37"
"Tgtp2","ENSMUSG00000078921.3",-0.0590261529,5.99786704,-0.615526941,0.546351091,1,"Geno_at_37"
"Slc44a5","ENSMUSG00000028360.10",-0.0589995854,-0.939973829,-0.780350559,0.441391668,1,"Geno_at_37"
"Hspbap1","ENSMUSG00000022849.5",-0.0589967132,4.22401788,-1.20177898,0.23899338,1,"Geno_at_37"
"Arrb1","ENSMUSG00000018909.15",-0.0589904034,6.18119676,-1.07296868,0.293413674,1,"Geno_at_37"
"Gm12915","ENSMUSG00000086589.1",-0.0589743808,-0.564429151,-0.562075705,0.578303973,1,"Geno_at_37"
"Lmbr1l","ENSMUSG00000022999.15",-0.0589738215,5.93560864,-1.42628153,0.164268526,1,"Geno_at_37"
"Gm43267","ENSMUSG00000104662.1",-0.0589636642,-0.457609006,-0.506195788,0.616475557,1,"Geno_at_37"
"H2ac4","ENSMUSG00000061615.2",-0.0589611245,-0.0394516686,-0.460971833,0.648194142,1,"Geno_at_37"
"Gm11738","ENSMUSG00000085511.1",-0.0589435135,-0.4353402,-0.506933879,0.615963855,1,"Geno_at_37"
"B630019K06Rik","ENSMUSG00000052364.4",0.0589418267,0.599924698,0.490104577,0.62767959,1,"Geno_at_37"
"D030028A08Rik","ENSMUSG00000078700.10",0.0589368449,3.39823676,0.741132876,0.464462914,1,"Geno_at_37"
"Moxd1","ENSMUSG00000020000.7",0.0589319703,-0.960565038,0.797521879,0.431510956,1,"Geno_at_37"
"Eno1","ENSMUSG00000063524.13",-0.0589293568,9.74493993,-0.911893191,0.374251639,1,"Geno_at_37"
"2610306O10Rik","ENSMUSG00000108614.1",-0.0589276646,-0.682581352,-0.60661762,0.548737829,1,"Geno_at_37"
"Ltbp4","ENSMUSG00000040488.18",-0.0589270766,2.41249653,-0.579415185,0.566701009,1,"Geno_at_37"
"Ngef","ENSMUSG00000026259.14",0.0589203903,-0.550010133,0.54662361,0.588741996,1,"Geno_at_37"
"Serpinf2","ENSMUSG00000038224.12",0.0589136629,-0.758682835,0.603600223,0.550715721,1,"Geno_at_37"
"Hbegf","ENSMUSG00000024486.6",-0.0588864453,5.69586806,-0.270985095,0.789823347,1,"Geno_at_37"
"Mir378b","ENSMUSG00000092985.1",0.0588636211,-0.634297964,0.521193812,0.606116518,1,"Geno_at_37"
"Gm17018","ENSMUSG00000041035.9",0.0588617733,5.35195914,1.35155674,0.186774813,1,"Geno_at_37"
"Bckdha","ENSMUSG00000060376.7",-0.0588560746,3.78011487,-1.05574719,0.299640227,1,"Geno_at_37"
"Dcbld2","ENSMUSG00000035107.13",0.0588548245,2.26211578,0.55672528,0.581907867,1,"Geno_at_37"
"Pqlc2","ENSMUSG00000028744.15",-0.0588545529,2.88751052,-0.854323786,0.39979963,1,"Geno_at_37"
"Hemgn","ENSMUSG00000028332.13",-0.0588527522,0.433405715,-0.448774366,0.656868654,1,"Geno_at_37"
"Wars2","ENSMUSG00000004233.14",0.0588460845,3.33688525,0.763626163,0.451145019,1,"Geno_at_37"
"Gm43951","ENSMUSG00000107877.2",-0.0588177642,0.192699505,-0.363020991,0.719274747,1,"Geno_at_37"
"Tspan18","ENSMUSG00000027217.13",0.0588161929,-0.633543665,0.555902608,0.582462973,1,"Geno_at_37"
"Gm10051","ENSMUSG00000058905.5",-0.0588128245,4.00960798,-0.792002424,0.434672171,1,"Geno_at_37"
"Polr2m","ENSMUSG00000032199.13",-0.0588110868,7.50484642,-2.07663483,0.0466333873,1,"Geno_at_37"
"Gimap1os","ENSMUSG00000044867.5",0.058803076,2.23128768,0.520879733,0.606332609,1,"Geno_at_37"
"Mtmr12","ENSMUSG00000039458.15",-0.0587996769,6.43351336,-1.60960613,0.118117758,1,"Geno_at_37"
"Clcn1","ENSMUSG00000029862.16",-0.0587805782,0.124315476,-0.432879185,0.668246098,1,"Geno_at_37"
"Socs5","ENSMUSG00000037104.9",-0.0587725506,4.13319536,-0.962806559,0.343458719,1,"Geno_at_37"
"Gm13778","ENSMUSG00000086495.7",-0.0587694069,-0.189816947,-0.472677821,0.639916087,1,"Geno_at_37"
"Lcn12","ENSMUSG00000026943.12",0.0587688692,-0.593568933,0.564382723,0.576753443,1,"Geno_at_37"
"Tmsb10","ENSMUSG00000079523.8",-0.0587567035,8.98478246,-1.80371893,0.0814810901,1,"Geno_at_37"
"Aldh1l1","ENSMUSG00000030088.15",0.0587549238,-0.472436142,0.519246238,0.607457063,1,"Geno_at_37"
"Fn1","ENSMUSG00000026193.15",-0.0587520979,-0.487145031,-0.453904891,0.653213944,1,"Geno_at_37"
"Skida1","ENSMUSG00000054074.9",0.058747663,0.0390136496,0.502060354,0.61934618,1,"Geno_at_37"
"Gm48714","ENSMUSG00000111067.1",-0.0587275074,0.393022731,-0.413301326,0.682370196,1,"Geno_at_37"
"Nsdhl","ENSMUSG00000031349.4",-0.0587117555,6.07291616,-1.42336881,0.165103712,1,"Geno_at_37"
"Jmjd8","ENSMUSG00000025736.15",0.0587105711,3.68500649,1.0464659,0.30383173,1,"Geno_at_37"
"Nfya","ENSMUSG00000023994.13",0.0587103599,6.94975689,1.58509532,0.123590763,1,"Geno_at_37"
"Hpn","ENSMUSG00000001249.14",0.0587094112,-0.131936619,0.475596093,0.637859654,1,"Geno_at_37"
"Gm45399","ENSMUSG00000109940.1",0.0586901957,0.316812449,0.491576672,0.626650781,1,"Geno_at_37"
"Evc","ENSMUSG00000029122.11",-0.0586838982,-0.166642346,-0.459876912,0.648970796,1,"Geno_at_37"
"Gm50287","ENSMUSG00000117871.1",0.0586812272,-0.474154668,0.540421084,0.592957443,1,"Geno_at_37"
"Gm11999","ENSMUSG00000085652.1",0.0586672659,-0.807479594,0.545347289,0.589608238,1,"Geno_at_37"
"Gm27209","ENSMUSG00000098620.1",-0.0586588353,0.677402242,-0.407900328,0.686287603,1,"Geno_at_37"
"Riok2","ENSMUSG00000116564.1",-0.058653286,5.80817818,-1.46917418,0.152353381,1,"Geno_at_37"
"Chst11","ENSMUSG00000034612.7",0.0586424854,2.72177796,0.529211075,0.600879295,1,"Geno_at_37"
"Trpm6","ENSMUSG00000024727.9",-0.0586338173,1.58373318,-0.502861635,0.61878949,1,"Geno_at_37"
"Pds5b","ENSMUSG00000034021.15",0.0586301701,7.25929387,1.61872493,0.116133302,1,"Geno_at_37"
"Cc2d2b","ENSMUSG00000108929.2",-0.0586282279,-0.516852305,-0.485311025,0.631034945,1,"Geno_at_37"
"Oxtr","ENSMUSG00000049112.9",0.0586261235,-0.636559204,0.547154274,0.588382016,1,"Geno_at_37"
"Zfp574","ENSMUSG00000045252.11",-0.0586235333,5.0996206,-1.24626861,0.22245677,1,"Geno_at_37"
"Trappc8","ENSMUSG00000033382.15",0.0586201629,6.55064425,1.94605031,0.0612148363,1,"Geno_at_37"
"Sla","ENSMUSG00000022372.14",0.0586130219,5.68414455,0.668695689,0.512169026,1,"Geno_at_37"
"Smim8","ENSMUSG00000028295.14",-0.0586068938,3.68183903,-1.00984294,0.320769397,1,"Geno_at_37"
"Trav6n-5","ENSMUSG00000076800.1",-0.0586024869,0.0234786778,-0.520372675,0.606681549,1,"Geno_at_37"
"Slc25a16","ENSMUSG00000071253.8",-0.0585971612,4.54582153,-1.09934356,0.28049538,1,"Geno_at_37"
"Col2a1","ENSMUSG00000022483.17",0.0585705373,-0.699330367,0.639214564,0.527608362,1,"Geno_at_37"
"Jag1","ENSMUSG00000027276.7",0.0585640422,0.623241532,0.442026438,0.661688673,1,"Geno_at_37"
"Atp5g2","ENSMUSG00000062683.11",0.0585564783,2.76975358,0.627643527,0.53505856,1,"Geno_at_37"
"Gm6493","ENSMUSG00000090021.2",-0.0585411141,4.84358007,-1.35817188,0.184690313,1,"Geno_at_37"
"Pot1b","ENSMUSG00000024174.9",0.0585380788,4.33895235,1.07791014,0.289795834,1,"Geno_at_37"
"Zfp658","ENSMUSG00000056592.14",-0.0585337564,2.39142514,-0.612744198,0.544733254,1,"Geno_at_37"
"Gm12715","ENSMUSG00000059195.10",0.058524025,8.38602594,1.72841035,0.0943534365,1,"Geno_at_37"
"Ascc3","ENSMUSG00000038774.9",0.0585200371,6.27001222,1.54814128,0.132233943,1,"Geno_at_37"
"2700097O09Rik","ENSMUSG00000062198.5",0.0585097058,3.34161039,0.995335098,0.327655324,1,"Geno_at_37"
"Gm32552","ENSMUSG00000112711.1",0.0585093263,-0.605886197,0.590472714,0.559363468,1,"Geno_at_37"
"Gm42503","ENSMUSG00000104708.1",-0.0584997611,-0.752304348,-0.539058706,0.593885306,1,"Geno_at_37"
"Zfp712","ENSMUSG00000090641.2",0.0584854996,2.24201671,0.628687956,0.534383804,1,"Geno_at_37"
"Zfp641","ENSMUSG00000022987.12",0.0584787536,-0.919002565,0.766161349,0.449658348,1,"Geno_at_37"
"Asb6","ENSMUSG00000039483.10",-0.0584686162,5.54330208,-1.31471883,0.198718344,1,"Geno_at_37"
"Bcl9l","ENSMUSG00000063382.6",-0.0584643519,5.93521238,-1.09403383,0.283552144,1,"Geno_at_37"
"Gm47021","ENSMUSG00000113036.1",0.0584581707,3.04898856,0.879415511,0.386272577,1,"Geno_at_37"
"Ptprf","ENSMUSG00000033295.14",0.0584411313,3.19496876,0.800352279,0.42989532,1,"Geno_at_37"
"Cr2","ENSMUSG00000026616.16",-0.0584373781,-0.48994982,-0.550589657,0.586054184,1,"Geno_at_37"
"Zfp433","ENSMUSG00000096795.4",0.0584340986,1.28423276,0.560568261,0.579318228,1,"Geno_at_37"
"Tlr9","ENSMUSG00000045322.10",-0.0584333179,-0.396380992,-0.496561746,0.623172522,1,"Geno_at_37"
"Pick1","ENSMUSG00000068206.13",-0.0584332045,4.01429509,-1.0027437,0.324126433,1,"Geno_at_37"
"Spa17","ENSMUSG00000001948.10",-0.0584273092,-0.289853766,-0.518437357,0.608014236,1,"Geno_at_37"
"Sall2","ENSMUSG00000049532.11",-0.0584225615,4.85482011,-0.862143062,0.396361664,1,"Geno_at_37"
"Atg101","ENSMUSG00000037204.7",-0.0583954331,4.93423986,-1.25669461,0.218708943,1,"Geno_at_37"
"4933432I09Rik","ENSMUSG00000116557.1",0.0583943976,-0.334844946,0.477486366,0.636529187,1,"Geno_at_37"
"Dnal4","ENSMUSG00000022420.16",0.0583921028,3.22854659,0.824184741,0.416438477,1,"Geno_at_37"
"Dip2c","ENSMUSG00000048264.16",0.058377528,5.30684105,1.30202796,0.202966279,1,"Geno_at_37"
"Gm48183","ENSMUSG00000111756.1",0.058365151,-0.47968632,0.527222189,0.601975941,1,"Geno_at_37"
"Gm7774","ENSMUSG00000105189.1",0.0583550146,1.89712722,0.631911105,0.532304331,1,"Geno_at_37"
"Traj18","ENSMUSG00000076911.1",0.0583477306,-0.0828506761,0.55415178,0.583645225,1,"Geno_at_37"
"Dcaf15","ENSMUSG00000037103.8",-0.0583424344,6.12066394,-1.5549087,0.130615254,1,"Geno_at_37"
"Sqle","ENSMUSG00000022351.14",-0.0583355335,7.54815981,-0.947772101,0.354736798,1,"Geno_at_37"
"Ric1","ENSMUSG00000038658.15",0.058311787,6.52609411,1.92069255,0.0644675319,1,"Geno_at_37"
"Gm45483","ENSMUSG00000109693.1",0.0582754941,-0.567736769,0.492463818,0.626031146,1,"Geno_at_37"
"Gm29461","ENSMUSG00000100711.1",0.058273719,-0.821885755,0.59170747,0.558547128,1,"Geno_at_37"
"Rdh12","ENSMUSG00000021123.12",-0.0582702092,3.01212956,-0.839925011,0.407695735,1,"Geno_at_37"
"Pym1","ENSMUSG00000064030.15",-0.0582687579,5.74938544,-1.84988234,0.0743553887,1,"Geno_at_37"
"Rnf122","ENSMUSG00000039328.11",-0.0582646845,1.05998011,-0.456142101,0.651623005,1,"Geno_at_37"
"Mfsd10","ENSMUSG00000001082.12",-0.0582621742,5.92260547,-1.47663208,0.150353973,1,"Geno_at_37"
"Fignl1","ENSMUSG00000035455.12",0.0582574664,6.91653439,1.44497787,0.158987003,1,"Geno_at_37"
"Ccdc28b","ENSMUSG00000028795.15",0.0582344297,2.77800301,0.700153317,0.489308293,1,"Geno_at_37"
"4930558J18Rik","ENSMUSG00000097519.2",0.0582298166,0.998758116,0.469255899,0.642331139,1,"Geno_at_37"
"Esyt3","ENSMUSG00000037681.13",-0.0582116415,0.928584718,-0.324389985,0.748383941,1,"Geno_at_37"
"Xcl1","ENSMUSG00000026573.7",0.0582031662,4.94353393,0.359937621,0.723522484,1,"Geno_at_37"
"Gm43145","ENSMUSG00000104591.1",0.0581971336,-0.372584112,0.420269734,0.677329206,1,"Geno_at_37"
"Cav2","ENSMUSG00000000058.6",-0.0581895688,2.51306751,-0.730055786,0.471105159,1,"Geno_at_37"
"2810001G20Rik","ENSMUSG00000087497.7",0.0581887505,2.2112522,0.60403308,0.550431759,1,"Geno_at_37"
"Slf2","ENSMUSG00000036097.8",0.0581752418,6.44070094,1.77190429,0.0867243338,1,"Geno_at_37"
"Dcaf7","ENSMUSG00000049354.8",0.0581699979,7.80641743,1.23335027,0.228862013,1,"Geno_at_37"
"Ddhd2","ENSMUSG00000061313.8",0.0581663759,5.55457082,1.71169114,0.0974330019,1,"Geno_at_37"
"Igsf8","ENSMUSG00000038034.15",-0.0581590045,5.99906524,-1.41759347,0.166769655,1,"Geno_at_37"
"Gm44169","ENSMUSG00000108274.1",-0.0581554892,-0.94687338,-0.800534013,0.42979171,1,"Geno_at_37"
"Gm9260","ENSMUSG00000106239.1",0.058153169,4.00138448,1.00152057,0.324707235,1,"Geno_at_37"
"Ndst2","ENSMUSG00000039308.6",-0.0581527129,4.84361099,-1.19773852,0.240539262,1,"Geno_at_37"
"Prr12","ENSMUSG00000046574.8",-0.0581524787,6.63930386,-1.5831415,0.124035847,1,"Geno_at_37"
"Utp20","ENSMUSG00000004356.8",0.0581519176,6.91347681,1.5199063,0.139164445,1,"Geno_at_37"
"Becn1","ENSMUSG00000035086.13",0.0581468018,6.76156429,2.02816162,0.0516435017,1,"Geno_at_37"
"Ankrd29","ENSMUSG00000057766.14",-0.058144409,-0.398951302,-0.523210136,0.604730119,1,"Geno_at_37"
"Wdr19","ENSMUSG00000037890.13",-0.0581439274,2.853505,-0.665507564,0.510888187,1,"Geno_at_37"
"Gm14399","ENSMUSG00000090093.8",0.0581347815,0.893255702,0.448207525,0.657272972,1,"Geno_at_37"
"Kcnq1ot1","ENSMUSG00000101609.2",-0.0581216191,6.30070065,-1.17479466,0.250038667,1,"Geno_at_37"
"Gm38220","ENSMUSG00000103558.1",0.0581181211,1.76245087,0.479931796,0.6348098,1,"Geno_at_37"
"Chia1","ENSMUSG00000062778.12",0.0580989614,-0.664948229,0.568602492,0.573922709,1,"Geno_at_37"
"Immp1l","ENSMUSG00000042670.5",0.0580842278,3.67653032,0.742458225,0.46367187,1,"Geno_at_37"
"Gm13068","ENSMUSG00000085403.1",-0.058049499,-0.562994519,-0.566741572,0.575170211,1,"Geno_at_37"
"2410004B18Rik","ENSMUSG00000036873.13",0.058031908,3.81262769,0.971092583,0.339385266,1,"Geno_at_37"
"Ipo9","ENSMUSG00000041879.13",0.0580310643,7.331562,1.63073627,0.113561476,1,"Geno_at_37"
"Gm4240","ENSMUSG00000115025.1",-0.0580271859,-0.451198201,-0.63172604,0.532423613,1,"Geno_at_37"
"Slc16a11","ENSMUSG00000040938.16",-0.0580264944,0.00474572302,-0.539409716,0.59364618,1,"Geno_at_37"
"Ccdc32","ENSMUSG00000039983.13",0.0580181917,3.73942571,1.06917011,0.293650334,1,"Geno_at_37"
"Oas1a","ENSMUSG00000052776.10",0.058010211,-0.634445414,0.532682113,0.598237415,1,"Geno_at_37"
"Gm12020","ENSMUSG00000081302.1",-0.0580064675,0.31465352,-0.433021412,0.668143933,1,"Geno_at_37"
"Gm43696","ENSMUSG00000105304.1",-0.0580045146,-0.159333043,-0.4713477,0.640854357,1,"Geno_at_37"
"4833407H14Rik","ENSMUSG00000097779.2",0.0579876099,-0.791464897,0.596390253,0.55545672,1,"Geno_at_37"
"Fam185a","ENSMUSG00000047221.5",0.0579800456,4.79864068,1.28703789,0.208072975,1,"Geno_at_37"
"Rtl5","ENSMUSG00000049191.12",-0.0579736548,3.51925389,-0.782742025,0.440007456,1,"Geno_at_37"
"Gm8666","ENSMUSG00000048709.6",-0.0579692978,3.49753799,-0.900389546,0.375193517,1,"Geno_at_37"
"4633401B06Rik","ENSMUSG00000105597.1",0.0579665023,-0.522359429,0.55691421,0.581780421,1,"Geno_at_37"
"Sgsm2","ENSMUSG00000038351.14",0.0579631817,4.13413187,0.927223141,0.361323413,1,"Geno_at_37"
"Helq","ENSMUSG00000035266.16",0.057962961,4.89642701,1.39263419,0.174122517,1,"Geno_at_37"
"St3gal3","ENSMUSG00000028538.12",-0.0579614189,4.60687874,-0.918914438,0.365581571,1,"Geno_at_37"
"Rbm11","ENSMUSG00000032940.16",-0.0579575085,1.49480177,-0.517042725,0.608975449,1,"Geno_at_37"
"Kpna1","ENSMUSG00000022905.12",0.0579503688,6.84481417,1.54973635,0.131850956,1,"Geno_at_37"
"Gm13123","ENSMUSG00000083708.1",0.0579465914,1.79846064,0.586306359,0.562122475,1,"Geno_at_37"
"Gm28068","ENSMUSG00000100287.1",-0.0579396419,-0.906418588,-0.736807215,0.467050205,1,"Geno_at_37"
"Tspan9","ENSMUSG00000030352.15",0.0579330127,2.59274089,0.595650514,0.555944328,1,"Geno_at_37"
"Kpna2","ENSMUSG00000018362.14",-0.0579283733,5.7554069,-1.66311088,0.106863629,1,"Geno_at_37"
"Gm45510","ENSMUSG00000109647.1",0.057923709,0.133439813,0.392198057,0.697726745,1,"Geno_at_37"
"Gm15832","ENSMUSG00000085894.1",-0.0579229322,3.70424336,-0.733965744,0.468754327,1,"Geno_at_37"
"Gm42632","ENSMUSG00000106832.1",-0.0579158836,-0.788520232,-0.583993246,0.563657224,1,"Geno_at_37"
"Nae1","ENSMUSG00000031878.18",0.057912703,5.64913168,1.32824138,0.194267571,1,"Geno_at_37"
"1600012H06Rik","ENSMUSG00000050088.9",-0.0579088778,4.580257,-1.24540492,0.222769392,1,"Geno_at_37"
"Atp6v0e2","ENSMUSG00000039347.7",-0.0579016166,-0.456731003,-0.450133017,0.655899978,1,"Geno_at_37"
"Atrip","ENSMUSG00000025646.9",-0.0578927985,4.99789051,-1.3987686,0.172292156,1,"Geno_at_37"
"Gm16044","ENSMUSG00000081339.1",-0.0578613327,-0.31774171,-0.487384546,0.629582549,1,"Geno_at_37"
"Dync1h1","ENSMUSG00000018707.13",0.0578372393,8.45394299,1.74681712,0.0910583034,1,"Geno_at_37"
"Pfdn4","ENSMUSG00000052033.13",0.0578343135,4.91848416,1.13945243,0.26366819,1,"Geno_at_37"
"Zfp335os","ENSMUSG00000085436.1",-0.0578248748,1.62867849,-0.486145692,0.630450122,1,"Geno_at_37"
"Man2b1","ENSMUSG00000005142.10",-0.057814653,6.93473131,-1.78284684,0.0848894849,1,"Geno_at_37"
"Gm26901","ENSMUSG00000097797.6",-0.0578087834,0.0969272786,-0.437400269,0.665001683,1,"Geno_at_37"
"Gm26510","ENSMUSG00000097154.2",-0.0577929334,1.63211589,-0.58558688,0.562599621,1,"Geno_at_37"
"Gm15975","ENSMUSG00000083902.2",0.0577829154,4.43978628,1.2350186,0.226554803,1,"Geno_at_37"
"Slc12a9","ENSMUSG00000037344.14",0.0577800809,3.3301476,0.741242025,0.464397738,1,"Geno_at_37"
"Gm7143","ENSMUSG00000114184.1",0.0577794164,1.24670861,0.489593019,0.628037282,1,"Geno_at_37"
"Serpine2","ENSMUSG00000026249.10",0.0577657116,3.08343099,0.657558395,0.515912333,1,"Geno_at_37"
"Them4","ENSMUSG00000028145.9",0.0577628648,2.21071561,0.553798844,0.583883689,1,"Geno_at_37"
"Gm48766","ENSMUSG00000114617.1",0.0577436314,-0.357567405,0.429189689,0.67089859,1,"Geno_at_37"
"Gm49783","ENSMUSG00000111740.1",0.0577396854,2.73589652,0.668302567,0.509128057,1,"Geno_at_37"
"Pdpr","ENSMUSG00000033624.10",0.0577300902,5.52229469,1.34675074,0.188300657,1,"Geno_at_37"
"Mafa","ENSMUSG00000047591.5",0.057718816,-0.576162864,0.616878213,0.542039747,1,"Geno_at_37"
"Unc13a","ENSMUSG00000034799.16",-0.0577178755,4.90150115,-0.422354908,0.678217181,1,"Geno_at_37"
"Pax5","ENSMUSG00000014030.15",-0.0577149357,-0.930393585,-0.699913056,0.489456149,1,"Geno_at_37"
"Gm17259","ENSMUSG00000097793.1",-0.0577144482,0.599100721,-0.498930124,0.621523108,1,"Geno_at_37"
"Gm47206","ENSMUSG00000113540.1",0.0577092459,-0.653762596,0.514810081,0.610515718,1,"Geno_at_37"
"Sel1l3","ENSMUSG00000029189.10",0.0577083885,-0.246233823,0.502863151,0.618788437,1,"Geno_at_37"
"Gm550","ENSMUSG00000117666.1",-0.0577049681,1.5512609,-0.566234401,0.575510436,1,"Geno_at_37"
"Mindy4","ENSMUSG00000038022.11",0.0577047023,0.532779127,0.449720858,0.656193771,1,"Geno_at_37"
"Gm15910","ENSMUSG00000087480.1",0.0576969194,-0.562126855,0.509843562,0.61394855,1,"Geno_at_37"
"Ftsj1","ENSMUSG00000031171.11",-0.0576949628,4.5874185,-1.03548652,0.308842769,1,"Geno_at_37"
"Pcdhga12","ENSMUSG00000102428.1",-0.0576679289,-0.146922857,-0.375440948,0.710123035,1,"Geno_at_37"
"Gm49958","ENSMUSG00000117061.1",-0.057664072,1.35405144,-0.424965086,0.67394109,1,"Geno_at_37"
"Gm47447","ENSMUSG00000113094.1",-0.0576610098,-0.37681282,-0.458909507,0.649657334,1,"Geno_at_37"
"Catsper2","ENSMUSG00000033486.14",0.0576485821,1.93180756,0.54024082,0.593080173,1,"Geno_at_37"
"Gm16089","ENSMUSG00000081228.1",-0.0576463167,2.77033271,-0.623264483,0.537892562,1,"Geno_at_37"
"Fam71b","ENSMUSG00000020401.6",-0.0576463032,4.58437927,-0.41626299,0.68252428,1,"Geno_at_37"
"Pspc1","ENSMUSG00000021938.12",0.0576441844,6.77670658,1.03199775,0.312851538,1,"Geno_at_37"
"Cyp4f39","ENSMUSG00000061126.5",-0.0576214958,-0.812360592,-0.675206068,0.504794985,1,"Geno_at_37"
"Gm43672","ENSMUSG00000106019.1",0.057617405,1.320923,0.410483439,0.684412928,1,"Geno_at_37"
"Eef2k","ENSMUSG00000035064.17",0.0575920675,4.54809324,1.29321938,0.205955365,1,"Geno_at_37"
"Sfrp2","ENSMUSG00000027996.13",-0.0575918088,3.86501284,-0.603027379,0.552219225,1,"Geno_at_37"
"2810029C07Rik","ENSMUSG00000096995.2",0.0575779462,-0.0873231859,0.513410587,0.611482135,1,"Geno_at_37"
"Pcdhgb7","ENSMUSG00000104063.1",0.0575772428,-0.179264691,0.467782326,0.643372355,1,"Geno_at_37"
"Trp53","ENSMUSG00000059552.13",-0.0575746937,7.80960231,-1.67290345,0.104903685,1,"Geno_at_37"
"Ccdc141","ENSMUSG00000044033.16",-0.0575702616,2.56262867,-0.52074456,0.606524499,1,"Geno_at_37"
"Rbm34","ENSMUSG00000033931.9",-0.0575585838,5.45434713,-1.33959474,0.190590491,1,"Geno_at_37"
"Fyco1","ENSMUSG00000025241.16",-0.0575463402,5.05977017,-0.961471561,0.344409574,1,"Geno_at_37"
"BC052040","ENSMUSG00000040282.13",-0.0575441202,3.69100911,-0.928594141,0.360623939,1,"Geno_at_37"
"Amn1","ENSMUSG00000068250.13",0.057543806,4.04776554,0.866107212,0.393410195,1,"Geno_at_37"
"Rpl32","ENSMUSG00000057841.5",-0.0575325775,9.80958777,-1.7833753,0.0848017136,1,"Geno_at_37"
"Borcs6","ENSMUSG00000045176.3",-0.0575179775,2.9712845,-0.770793123,0.446949761,1,"Geno_at_37"
"Gm38245","ENSMUSG00000103467.1",0.0575154639,-0.493136479,0.535896331,0.596041765,1,"Geno_at_37"
"Gm17571","ENSMUSG00000090592.2",0.0575087578,-0.82919526,0.65372645,0.518343847,1,"Geno_at_37"
"Gpatch3","ENSMUSG00000028850.2",0.0574993177,3.79676974,0.955489342,0.347083093,1,"Geno_at_37"
"Rce1","ENSMUSG00000024889.5",-0.0574962914,5.04726396,-1.40824652,0.169493968,1,"Geno_at_37"
"Kdm4b","ENSMUSG00000024201.12",-0.0574912198,5.36159556,-0.950505652,0.350426169,1,"Geno_at_37"
"Gm24366","ENSMUSG00000093124.1",-0.057482915,-0.0613921752,-0.509001025,0.614531793,1,"Geno_at_37"
"Babam2","ENSMUSG00000052139.18",-0.0574827928,4.59993812,-1.08044239,0.288685788,1,"Geno_at_37"
"Sfi1","ENSMUSG00000023764.18",0.057474069,5.76523918,0.892045448,0.381713257,1,"Geno_at_37"
"Gm37090","ENSMUSG00000103183.1",0.0574536287,2.0417784,0.55656119,0.582018568,1,"Geno_at_37"
"Ormdl3","ENSMUSG00000038150.7",-0.0574526235,4.79288156,-1.37804568,0.178536687,1,"Geno_at_37"
"Gm37800","ENSMUSG00000103308.5",0.0574517008,-0.953301772,0.776681979,0.44352018,1,"Geno_at_37"
"Nkiras1","ENSMUSG00000021772.15",-0.0574513398,3.53597016,-0.815253308,0.421450679,1,"Geno_at_37"
"Setx","ENSMUSG00000043535.13",0.057448597,8.27368249,1.95614937,0.0599597319,1,"Geno_at_37"
"Parp6","ENSMUSG00000025237.16",-0.0574430371,5.02061445,-1.31550129,0.198458689,1,"Geno_at_37"
"Gm43051","ENSMUSG00000107364.1",-0.0574413783,-0.639735021,-0.49171307,0.626555494,1,"Geno_at_37"
"Gm12428","ENSMUSG00000082185.1",0.0574155877,0.256995311,0.48470364,0.631460671,1,"Geno_at_37"
"Aurka","ENSMUSG00000027496.15",-0.0574088426,6.3320061,-1.25201139,0.220386478,1,"Geno_at_37"
"Gm47802","ENSMUSG00000113885.1",-0.0574064754,-0.46530131,-0.48512066,0.631168361,1,"Geno_at_37"
"Foxc1","ENSMUSG00000050295.4",-0.0573820025,-0.79099708,-0.643212488,0.525047218,1,"Geno_at_37"
"Gm48824","ENSMUSG00000114863.1",-0.0573811097,-0.341661685,-0.498549303,0.621788189,1,"Geno_at_37"
"1500026H17Rik","ENSMUSG00000097383.1",0.0573804178,-0.773404676,0.632055411,0.532211331,1,"Geno_at_37"
"Rbm8a2","ENSMUSG00000078184.1",-0.0573660169,2.70852045,-0.685423542,0.498419536,1,"Geno_at_37"
"Gm32151","ENSMUSG00000112945.1",-0.0573390584,-0.57118553,-0.496168525,0.623446566,1,"Geno_at_37"
"Slc4a10","ENSMUSG00000026904.17",0.0573297833,-0.458634581,0.48808857,0.629089759,1,"Geno_at_37"
"Vps13a","ENSMUSG00000046230.11",0.0573123645,6.32367258,1.65406573,0.108700988,1,"Geno_at_37"
"Gm13252","ENSMUSG00000084105.1",-0.0573073487,-0.346697547,-0.508694327,0.614744168,1,"Geno_at_37"
"Rpusd1","ENSMUSG00000041199.3",-0.0573050857,3.94871289,-1.02269326,0.314753776,1,"Geno_at_37"
"Trbj2-6","ENSMUSG00000090818.1",0.0573026033,1.98858224,0.626596388,0.53573552,1,"Geno_at_37"
"Ndufb11","ENSMUSG00000031059.9",-0.0572968078,6.32115908,-1.50666671,0.142514017,1,"Geno_at_37"
"Gm49794","ENSMUSG00000116879.1",0.0572939072,0.331983379,0.467782049,0.643372551,1,"Geno_at_37"
"Med21","ENSMUSG00000030291.12",-0.0572616521,4.93627743,-1.29957059,0.203796797,1,"Geno_at_37"
"Gm11963","ENSMUSG00000085189.1",0.0572602195,0.335301211,0.454241969,0.652974132,1,"Geno_at_37"
"Gm37755","ENSMUSG00000103382.1",0.0572291519,0.874458749,0.461266704,0.647985051,1,"Geno_at_37"
"Slc19a3","ENSMUSG00000038496.16",0.0572269199,-0.962413759,0.828486748,0.414037497,1,"Geno_at_37"
"Dlgap3","ENSMUSG00000042388.14",0.0572207909,-0.490219723,0.604195731,0.550325076,1,"Geno_at_37"
"Prickle3","ENSMUSG00000031145.15",-0.0572186441,4.44686973,-0.9539241,0.347861703,1,"Geno_at_37"
"Atxn1","ENSMUSG00000046876.16",0.0572179481,4.85986887,0.686887341,0.499622236,1,"Geno_at_37"
"Gm48249","ENSMUSG00000111447.1",0.0572121329,0.303049372,0.390187956,0.699196408,1,"Geno_at_37"
"Olfr544","ENSMUSG00000043925.7",-0.05719366,-0.54256782,-0.569804857,0.5731174,1,"Geno_at_37"
"Gpr180","ENSMUSG00000022131.3",-0.057184269,3.52859217,-0.961396646,0.344155095,1,"Geno_at_37"
"Sipa1l3","ENSMUSG00000030583.16",0.0571743211,3.97954781,0.82898471,0.413760138,1,"Geno_at_37"
"Cd55os","ENSMUSG00000087691.1",-0.0571723785,1.45716664,-0.397649719,0.693883536,1,"Geno_at_37"
"Zdhhc17","ENSMUSG00000035798.14",0.0571546865,4.81554945,1.11290178,0.274723314,1,"Geno_at_37"
"Gm23908","ENSMUSG00000077787.1",0.0571316285,-0.700692708,0.588657264,0.56056483,1,"Geno_at_37"
"Ctsb","ENSMUSG00000021939.8",-0.0571258098,7.35048418,-2.00692008,0.0539843285,1,"Geno_at_37"
"Yipf2","ENSMUSG00000032182.15",-0.0571124592,3.15473315,-0.899264267,0.375782632,1,"Geno_at_37"
"Pate2","ENSMUSG00000074452.13",0.0571092432,-0.611346787,0.552405378,0.584825659,1,"Geno_at_37"
"Notch2","ENSMUSG00000027878.11",0.0570999527,7.62683245,0.95795201,0.349478738,1,"Geno_at_37"
"Syne4","ENSMUSG00000019737.14",0.057095448,1.33253211,0.494687096,0.624479499,1,"Geno_at_37"
"Galns","ENSMUSG00000015027.11",-0.0570790982,4.12534078,-1.02142084,0.315345937,1,"Geno_at_37"
"Rps20","ENSMUSG00000028234.6",-0.0570644153,8.76981969,-1.92127442,0.0643912451,1,"Geno_at_37"
"Plod3","ENSMUSG00000004846.10",-0.0570582474,5.89472111,-1.39141844,0.174487073,1,"Geno_at_37"
"Atp2b1","ENSMUSG00000019943.10",0.0570550447,7.72591805,1.3243411,0.196166339,1,"Geno_at_37"
"Mex3b","ENSMUSG00000057706.7",-0.0570419846,4.28521791,-0.730226195,0.471687213,1,"Geno_at_37"
"Gm12397","ENSMUSG00000081309.3",0.0570382371,2.41456362,0.697114164,0.491180438,1,"Geno_at_37"
"Gm50035","ENSMUSG00000117404.1",0.0570364054,-0.505295677,0.465548994,0.644951814,1,"Geno_at_37"
"Gorab","ENSMUSG00000040124.5",0.0570277887,3.86119452,1.03440663,0.30933872,1,"Geno_at_37"
"5930438M14Rik","ENSMUSG00000114590.1",0.0570275307,-0.918196923,0.749078535,0.459732322,1,"Geno_at_37"
"Pde11a","ENSMUSG00000075270.11",0.0569959556,1.0069011,0.47922593,0.635305884,1,"Geno_at_37"
"Washc3","ENSMUSG00000020056.16",-0.0569616689,4.90696557,-1.21635668,0.233477203,1,"Geno_at_37"
"Cdk7","ENSMUSG00000069089.8",-0.0569213772,5.58529776,-1.67693308,0.104105927,1,"Geno_at_37"
"Trpc3","ENSMUSG00000027716.13",0.0568571718,-0.439422904,0.495490286,0.623919375,1,"Geno_at_37"
"Trav17","ENSMUSG00000096397.7",-0.0568535443,0.729257095,-0.454114296,0.65306496,1,"Geno_at_37"
"Hdac1","ENSMUSG00000028800.15",-0.0568530885,6.55256338,-1.86586119,0.0720168231,1,"Geno_at_37"
"Gm14488","ENSMUSG00000075416.5",-0.0568410061,-0.263955236,-0.530148944,0.599970551,1,"Geno_at_37"
"Jakmip1","ENSMUSG00000063646.18",0.0568409503,1.76905886,0.546129842,0.589077044,1,"Geno_at_37"
"Gm5905","ENSMUSG00000110275.1",-0.0568153074,7.63806689,-1.753714,0.0898489432,1,"Geno_at_37"
"Egfr","ENSMUSG00000020122.16",-0.0567918876,0.875541704,-0.460398476,0.648600788,1,"Geno_at_37"
"Pkd1","ENSMUSG00000032855.6",0.0567797955,6.03514459,1.47364068,0.151153404,1,"Geno_at_37"
"Gm5124","ENSMUSG00000051537.9",0.0567602325,0.156517346,0.414802109,0.68128325,1,"Geno_at_37"
"Aifm2","ENSMUSG00000020085.15",-0.0567535692,1.42649922,-0.48476357,0.631418659,1,"Geno_at_37"
"Pxdc1","ENSMUSG00000021411.16",0.0567383278,1.36067205,0.440398097,0.662854012,1,"Geno_at_37"
"4921524J17Rik","ENSMUSG00000036934.9",-0.0567324247,4.18859528,-1.01169871,0.319895806,1,"Geno_at_37"
"Gm37760","ENSMUSG00000102719.1",-0.0567291966,2.49598266,-0.586550358,0.561960706,1,"Geno_at_37"
"Pigw","ENSMUSG00000045140.8",0.0567242471,3.51013411,0.916016804,0.367074307,1,"Geno_at_37"
"Zfp956","ENSMUSG00000045466.18",-0.0567006511,3.80119234,-1.04749054,0.303366995,1,"Geno_at_37"
"Nxf2","ENSMUSG00000009941.10",-0.0566997296,0.18412033,-0.411159333,0.683922739,1,"Geno_at_37"
"Ercc6l","ENSMUSG00000051220.2",0.0566857681,5.94697369,1.23881672,0.225164977,1,"Geno_at_37"
"Il1r1","ENSMUSG00000026072.12",0.0566767591,0.509785115,0.430447638,0.669993725,1,"Geno_at_37"
"2410022M11Rik","ENSMUSG00000100017.2",0.0566517254,1.09966364,0.465105399,0.645265735,1,"Geno_at_37"
"Gm20149","ENSMUSG00000111227.1",0.0566420468,-0.605109209,0.46981068,0.641939327,1,"Geno_at_37"
"6430548M08Rik","ENSMUSG00000031824.15",-0.0566365221,2.07715937,-0.614948913,0.543295907,1,"Geno_at_37"
"Eif4ebp1","ENSMUSG00000031490.6",-0.0566361368,5.32237036,-0.955229235,0.347835913,1,"Geno_at_37"
"Hap1","ENSMUSG00000006930.15",0.0566345404,3.92075562,0.545618913,0.590962549,1,"Geno_at_37"
"Cenpa","ENSMUSG00000029177.9",-0.0566342063,7.78479302,-1.88282538,0.0696036254,1,"Geno_at_37"
"Atp5j","ENSMUSG00000022890.13",0.0566178022,7.28869454,1.63776774,0.112077927,1,"Geno_at_37"
"Gm43300","ENSMUSG00000105572.1",0.0566013483,3.50246276,0.777614287,0.442978671,1,"Geno_at_37"
"Gm16046","ENSMUSG00000085705.1",0.0565810163,-0.0353187647,0.445104316,0.659488311,1,"Geno_at_37"
"Zfp113","ENSMUSG00000037007.17",0.0565736171,4.34773803,0.899185193,0.375824052,1,"Geno_at_37"
"Eny2","ENSMUSG00000022338.8",0.0565731642,5.96178402,1.72093037,0.0957209147,1,"Geno_at_37"
"Ctdp1","ENSMUSG00000033323.14",-0.0565704273,6.12076422,-1.5312396,0.136348033,1,"Geno_at_37"
"Gm22753","ENSMUSG00000065591.1",0.0565668295,0.223698572,0.449123014,0.65662002,1,"Geno_at_37"
"R3hdm1","ENSMUSG00000056211.13",0.0565499149,7.04429758,1.74639794,0.0911322485,1,"Geno_at_37"
"Exosc5","ENSMUSG00000061286.7",-0.0565491609,5.72143021,-1.48338068,0.148562899,1,"Geno_at_37"
"Aga","ENSMUSG00000031521.5",-0.0565451568,4.18515687,-1.05737478,0.298909389,1,"Geno_at_37"
"Gm45631","ENSMUSG00000110243.1",-0.0565363427,-0.552445154,-0.515960767,0.609721649,1,"Geno_at_37"
"Slco3a1","ENSMUSG00000025790.14",-0.0565284013,6.09464129,-1.31772701,0.197721519,1,"Geno_at_37"
"Acot2","ENSMUSG00000021226.7",-0.0565006983,2.67806545,-0.704757749,0.486479635,1,"Geno_at_37"
"Gm15344","ENSMUSG00000084899.1",-0.0564966851,1.00981143,-0.481122012,0.633973704,1,"Geno_at_37"
"Ski","ENSMUSG00000029050.15",-0.0564936636,8.55938793,-1.38435202,0.177366817,1,"Geno_at_37"
"Gm4759","ENSMUSG00000053541.3",0.0564893237,4.08419046,0.442356494,0.663534741,1,"Geno_at_37"
"Ago3","ENSMUSG00000028842.15",0.0564800537,5.43838266,1.56909321,0.127274913,1,"Geno_at_37"
"Ppp1r11","ENSMUSG00000036398.13",0.0564783461,5.51790683,1.5623857,0.128845672,1,"Geno_at_37"
"Abl2","ENSMUSG00000026596.13",0.0564749976,6.44254874,1.46794518,0.152684901,1,"Geno_at_37"
"Dennd5b","ENSMUSG00000030313.15",0.0564658751,-0.657024126,0.466336041,0.644395006,1,"Geno_at_37"
"Gm8995","ENSMUSG00000063286.7",0.0564615688,8.713688,1.10541801,0.28123451,1,"Geno_at_37"
"Gm23037","ENSMUSG00000065808.1",-0.0564400332,-0.316396007,-0.340553713,0.736251173,1,"Geno_at_37"
"Gm11847","ENSMUSG00000060989.8",0.0564381638,5.01270214,1.13101888,0.26714425,1,"Geno_at_37"
"Gm14769","ENSMUSG00000081583.1",0.0564341546,2.48323083,0.714019298,0.480818201,1,"Geno_at_37"
"4930417H01Rik","ENSMUSG00000087017.7",0.0564310256,-0.604661493,0.504749733,0.617478642,1,"Geno_at_37"
"Usf2","ENSMUSG00000058239.13",-0.0564244059,5.62683331,-1.57401263,0.126132875,1,"Geno_at_37"
"Pds5a","ENSMUSG00000029202.12",0.0564231271,8.72395261,2.1347894,0.0411936843,1,"Geno_at_37"
"Napa","ENSMUSG00000006024.13",-0.0564144371,6.83142191,-1.85701888,0.073302985,1,"Geno_at_37"
"Gm29361","ENSMUSG00000099708.1",0.0564117999,3.1578615,0.470557795,0.642471322,1,"Geno_at_37"
"Ccdc14","ENSMUSG00000022833.7",0.0563967959,4.46625204,1.19950095,0.239864049,1,"Geno_at_37"
"Hsbp1l1","ENSMUSG00000078963.3",-0.0563899685,-0.581246575,-0.558981627,0.580386711,1,"Geno_at_37"
"Tollip","ENSMUSG00000025139.14",-0.0563846463,6.38923402,-1.20435731,0.2381868,1,"Geno_at_37"
"Gm42547","ENSMUSG00000106990.1",-0.0563835589,3.55848908,-0.709162377,0.483782443,1,"Geno_at_37"
"Gm10184","ENSMUSG00000066878.5",0.0563778797,5.78763717,1.11413005,0.274293705,1,"Geno_at_37"
"1700027J07Rik","ENSMUSG00000111422.1",-0.0563776486,-0.942566605,-0.754476153,0.45653499,1,"Geno_at_37"
"Cacna1d","ENSMUSG00000015968.18",0.056362411,1.01648115,0.407204097,0.686793236,1,"Geno_at_37"
"Ddc","ENSMUSG00000020182.16",0.0563570314,0.136590766,0.377390108,0.708581005,1,"Geno_at_37"
"Kmt2c","ENSMUSG00000038056.15",0.0563464621,7.69240899,1.07619863,0.29319306,1,"Geno_at_37"
"BC060293","ENSMUSG00000108737.1",-0.056337605,-0.299873893,-0.434084505,0.667380497,1,"Geno_at_37"
"Gm5509","ENSMUSG00000117669.1",-0.0563285455,2.24691431,-0.674393335,0.505304044,1,"Geno_at_37"
"Fads3","ENSMUSG00000024664.5",0.0563157658,0.707437914,0.469526612,0.642139936,1,"Geno_at_37"
"Gm15624","ENSMUSG00000085782.2",-0.0563115072,-0.555530551,-0.599856286,0.553174976,1,"Geno_at_37"
"Hyal3","ENSMUSG00000036091.8",-0.0563095481,-0.165800612,-0.41946123,0.677913311,1,"Geno_at_37"
"Heatr1","ENSMUSG00000050244.9",0.0562992466,7.63849597,2.04384838,0.0499725829,1,"Geno_at_37"
"Gm867","ENSMUSG00000050157.6",-0.0562941613,0.242906429,-0.387310909,0.701301989,1,"Geno_at_37"
"Abhd5","ENSMUSG00000032540.16",-0.0562924812,3.11804459,-0.816706143,0.420632841,1,"Geno_at_37"
"Impact","ENSMUSG00000024423.6",-0.0562900783,4.97449581,-1.13446208,0.265721081,1,"Geno_at_37"
"Ap3m1-ps","ENSMUSG00000094683.2",-0.0562890425,3.36889806,-0.830070846,0.413155575,1,"Geno_at_37"
"Mettl8","ENSMUSG00000041975.17",-0.0562836508,3.82240202,-0.76655568,0.449427369,1,"Geno_at_37"
"Hic2","ENSMUSG00000050240.16",0.0562737901,3.0190167,0.713216701,0.481307318,1,"Geno_at_37"
"Zfp367","ENSMUSG00000044934.13",0.0562613635,6.43393589,0.926658346,0.364194948,1,"Geno_at_37"
"Ccnb1-ps","ENSMUSG00000048574.9",-0.056261172,5.14967055,-1.23483652,0.226621591,1,"Geno_at_37"
"Gm37292","ENSMUSG00000104113.1",0.0562583593,-0.685875574,0.457972632,0.650322504,1,"Geno_at_37"
"Erh","ENSMUSG00000021131.14",-0.0562484111,6.25232868,-1.42749492,0.16392159,1,"Geno_at_37"
"Trbv13-1","ENSMUSG00000076467.3",-0.0562422359,3.46662651,-0.883826295,0.383925398,1,"Geno_at_37"
"Ndufb5","ENSMUSG00000027673.12",-0.0562322921,5.66263733,-1.46415117,0.153711962,1,"Geno_at_37"
"Rnf168","ENSMUSG00000014074.17",0.0562269377,5.7501213,1.44178395,0.159879564,1,"Geno_at_37"
"Gas2l3","ENSMUSG00000074802.11",-0.0562241791,5.05894592,-1.19768506,0.240559768,1,"Geno_at_37"
"Gm25291","ENSMUSG00000084744.1",-0.0562181856,0.0577980862,-0.414291928,0.681652673,1,"Geno_at_37"
"Chchd6","ENSMUSG00000030086.16",-0.0562138894,3.08357128,-0.729987793,0.4711461,1,"Geno_at_37"
"Gm13070","ENSMUSG00000086767.1",0.0562016196,-0.330022319,0.401478518,0.690956969,1,"Geno_at_37"
"Cirbp","ENSMUSG00000045193.13",-0.0561993204,5.87533316,-1.21599162,0.233614173,1,"Geno_at_37"
"Arhgap25","ENSMUSG00000030047.14",-0.0561656455,6.47970842,-1.28237766,0.209680383,1,"Geno_at_37"
"Fam174b","ENSMUSG00000078670.3",0.0561634489,1.50077458,0.558411997,0.580770552,1,"Geno_at_37"
"Ipo11","ENSMUSG00000042590.17",0.0561488315,5.99685806,1.63638112,0.112369208,1,"Geno_at_37"
"Gm6180","ENSMUSG00000053038.8",0.0561324964,5.95628355,1.31677718,0.198035848,1,"Geno_at_37"
"Trim34b","ENSMUSG00000090215.9",-0.0561200096,-0.623309587,-0.550756516,0.585941233,1,"Geno_at_37"
"2010016I18Rik","ENSMUSG00000091575.2",-0.0561054883,4.5331848,-0.606388028,0.55085926,1,"Geno_at_37"
"Ano10","ENSMUSG00000037949.8",-0.0560984062,4.50659403,-1.08375727,0.287237225,1,"Geno_at_37"
"Maml1","ENSMUSG00000050567.16",-0.0560649993,5.73742856,-1.28609464,0.208397559,1,"Geno_at_37"
"Zfp12","ENSMUSG00000029587.16",-0.0560421672,4.52823203,-1.2247936,0.230328338,1,"Geno_at_37"
"Metrnl","ENSMUSG00000039208.15",0.0560402025,-0.339884705,0.489283852,0.628253503,1,"Geno_at_37"
"Gm48870","ENSMUSG00000113065.1",-0.0560281092,0.203116772,-0.370884706,0.71336939,1,"Geno_at_37"
"AW549877","ENSMUSG00000041935.10",-0.0560058926,6.78175117,-0.855961171,0.402259505,1,"Geno_at_37"
"Hdhd2","ENSMUSG00000025421.15",0.0559958819,3.00857676,0.853156504,0.40043613,1,"Geno_at_37"
"Gm1859","ENSMUSG00000118240.1",-0.0559940459,2.74277157,-0.789506747,0.436106152,1,"Geno_at_37"
"Slc35b1","ENSMUSG00000020873.15",-0.0559904432,5.64639686,-1.31967244,0.197078913,1,"Geno_at_37"
"Tmem88","ENSMUSG00000045377.5",0.0559844459,-0.0999416898,0.427627949,0.672022676,1,"Geno_at_37"
"Spopl","ENSMUSG00000026771.14",0.0559776355,5.34141156,1.37915897,0.178196772,1,"Geno_at_37"
"Acp5","ENSMUSG00000001348.15",0.0559773934,4.53353156,0.573537118,0.572752483,1,"Geno_at_37"
"Spg11","ENSMUSG00000033396.13",0.0559726258,5.60903859,1.20831606,0.236507914,1,"Geno_at_37"
"Tjp3","ENSMUSG00000034917.8",0.0559719237,2.36298201,0.646432814,0.522989093,1,"Geno_at_37"
"Kmt2d","ENSMUSG00000048154.17",0.0559506077,8.25754333,1.32395155,0.196504461,1,"Geno_at_37"
"Zcchc17","ENSMUSG00000028772.19",0.0559484215,5.34736087,1.32734073,0.194561599,1,"Geno_at_37"
"Enah","ENSMUSG00000022995.16",0.0559454724,4.36512021,0.949830786,0.349903384,1,"Geno_at_37"
"Dusp18","ENSMUSG00000047205.12",-0.0559449637,0.844897689,-0.367792089,0.715657498,1,"Geno_at_37"
"Rmnd5b","ENSMUSG00000001054.9",-0.0559438986,5.03904336,-1.1946982,0.241707365,1,"Geno_at_37"
"Zfp953","ENSMUSG00000098905.2",0.0559382502,3.9337642,0.860409278,0.396491681,1,"Geno_at_37"
"Plekhj1","ENSMUSG00000035278.9",0.0559202856,5.60132534,1.67447992,0.10459098,1,"Geno_at_37"
"Mcm2","ENSMUSG00000002870.8",0.0559075778,8.12339568,1.71821969,0.0962205765,1,"Geno_at_37"
"4930570N18Rik","ENSMUSG00000089683.2",-0.0558905015,0.193492061,-0.478646896,0.635712958,1,"Geno_at_37"
"Gm16998","ENSMUSG00000097069.1",-0.0558669966,-0.42254067,-0.48360894,0.632228289,1,"Geno_at_37"
"Trim7","ENSMUSG00000040350.16",-0.0558585234,-0.0149210049,-0.405255741,0.688208998,1,"Geno_at_37"
"Egr1","ENSMUSG00000038418.7",-0.0558574916,6.00451024,-0.265534562,0.793945579,1,"Geno_at_37"
"Golm1","ENSMUSG00000021556.12",-0.0558570748,6.43515608,-1.27051098,0.213816109,1,"Geno_at_37"
"Cabp7","ENSMUSG00000009075.2",0.055851644,-0.590586063,0.524790953,0.603644216,1,"Geno_at_37"
"Rhobtb3","ENSMUSG00000021589.13",0.0558466077,-0.532769965,0.49173245,0.626541956,1,"Geno_at_37"
"Cd93","ENSMUSG00000027435.8",-0.0558463519,-0.654657587,-0.550752085,0.585944233,1,"Geno_at_37"
"Gm47798","ENSMUSG00000114253.1",0.0558389046,1.98591725,0.591978037,0.558368328,1,"Geno_at_37"
"Ltbp3","ENSMUSG00000024940.11",-0.0558290691,0.527459052,-0.375004963,0.710335228,1,"Geno_at_37"
"Rom1","ENSMUSG00000071648.4",0.0558249497,1.63798286,0.627322079,0.535266323,1,"Geno_at_37"
"C130036L24Rik","ENSMUSG00000073627.7",-0.0558242375,2.18454898,-0.688436429,0.496548199,1,"Geno_at_37"
"Prnp","ENSMUSG00000079037.9",-0.0558204269,7.33593898,-1.47648093,0.150394286,1,"Geno_at_37"
"Ropn1l","ENSMUSG00000022236.10",0.0558155035,-0.335071385,0.498698707,0.621684186,1,"Geno_at_37"
"Fdx1","ENSMUSG00000032051.9",-0.055812028,4.37477063,-1.10485709,0.278137767,1,"Geno_at_37"
"Tnc","ENSMUSG00000028364.15",-0.0557984069,-0.423287947,-0.426025266,0.673177034,1,"Geno_at_37"
"Pim2","ENSMUSG00000031155.17",0.0557966483,6.36288847,1.03683184,0.309643316,1,"Geno_at_37"
"9930104L06Rik","ENSMUSG00000044730.17",-0.0557959465,4.40223585,-1.14393861,0.261832544,1,"Geno_at_37"
"Sidt1","ENSMUSG00000022696.17",-0.0557589977,3.16675269,-0.666207105,0.510447343,1,"Geno_at_37"
"Gm9396","ENSMUSG00000063328.6",-0.0557578481,0.116408795,-0.447973405,0.657439998,1,"Geno_at_37"
"Pald1","ENSMUSG00000020092.9",0.0557544902,-0.1867271,0.450137165,0.655897022,1,"Geno_at_37"
"Gm45738","ENSMUSG00000108101.1",-0.0557388865,1.00883063,-0.559236834,0.580214782,1,"Geno_at_37"
"Rpl15-ps2","ENSMUSG00000098915.1",0.0557272459,-0.539652127,0.488746834,0.628629156,1,"Geno_at_37"
"Tmem156","ENSMUSG00000037913.12",0.0557233045,3.67250179,0.884181517,0.383736768,1,"Geno_at_37"
"4631405J19Rik","ENSMUSG00000075027.10",-0.0557202276,-0.132309265,-0.455514946,0.652068823,1,"Geno_at_37"
"Hinfp","ENSMUSG00000032119.5",-0.0557164399,5.75120186,-1.47961723,0.149559592,1,"Geno_at_37"
"Gm8188","ENSMUSG00000112163.1",-0.0557163973,0.636030648,-0.477647494,0.636415833,1,"Geno_at_37"
"Cd9","ENSMUSG00000030342.8",0.0557143947,6.0213439,1.18887584,0.243956045,1,"Geno_at_37"
"Gm14639","ENSMUSG00000082253.3",-0.0556931198,0.888364224,-0.41840358,0.678677717,1,"Geno_at_37"
"Gm23849","ENSMUSG00000065767.1",0.0556930556,-0.634385908,0.514752982,0.610555134,1,"Geno_at_37"
"Cdhr4","ENSMUSG00000032595.10",0.0556808305,-0.621242128,0.561048809,0.578994805,1,"Geno_at_37"
"Ripk2","ENSMUSG00000041135.15",-0.0556758323,5.19394344,-1.13825249,0.26416076,1,"Geno_at_37"
"Gm13785","ENSMUSG00000081730.1",-0.0556721205,-0.414137496,-0.404199144,0.68897725,1,"Geno_at_37"
"Spty2d1","ENSMUSG00000049516.9",0.05566102,5.67770301,1.40379187,0.170804632,1,"Geno_at_37"
"Bmp7","ENSMUSG00000008999.7",0.0556607933,0.096014731,0.410926597,0.684091514,1,"Geno_at_37"
"Nprl2","ENSMUSG00000010057.8",-0.0556585924,3.67011317,-0.89304411,0.379049883,1,"Geno_at_37"
"Srsf7","ENSMUSG00000024097.11",0.0556430756,8.53053591,1.62345246,0.115115373,1,"Geno_at_37"
"Slfn2","ENSMUSG00000072620.3",0.0556390576,7.35094446,1.36563419,0.182360638,1,"Geno_at_37"
"Tmem216","ENSMUSG00000024667.12",0.0556175758,3.29268367,0.76087374,0.452762388,1,"Geno_at_37"
"Zfp94","ENSMUSG00000074282.10",-0.0556072907,2.1635629,-0.554204565,0.583609565,1,"Geno_at_37"
"Rab5c","ENSMUSG00000019173.11",-0.0556024932,7.45395347,-1.8087697,0.0806740642,1,"Geno_at_37"
"Cd70","ENSMUSG00000019489.7",0.0555988386,0.518100758,0.420863521,0.676900354,1,"Geno_at_37"
"Bcas3","ENSMUSG00000059439.15",-0.0555861711,4.68330162,-0.895769036,0.37761631,1,"Geno_at_37"
"Gba","ENSMUSG00000028048.11",-0.0555835457,5.25321532,-1.21367281,0.234485587,1,"Geno_at_37"
"Gm37277","ENSMUSG00000103280.1",-0.0555734862,-0.594254322,-0.462381582,0.647194765,1,"Geno_at_37"
"Pias3","ENSMUSG00000028101.18",0.0555633358,4.38180812,1.13968427,0.263573098,1,"Geno_at_37"
"Gm38215","ENSMUSG00000103556.1",0.0555504008,-0.826618296,0.622817544,0.538182254,1,"Geno_at_37"
"Gm5555","ENSMUSG00000083477.2",0.0555425981,3.72708981,0.854667561,0.399612297,1,"Geno_at_37"
"Mcm5","ENSMUSG00000005410.6",0.0555385345,8.8022757,1.63092884,0.113520631,1,"Geno_at_37"
"Rps25","ENSMUSG00000009927.9",-0.0555243153,8.38234096,-1.55726524,0.130055407,1,"Geno_at_37"
"Gm26622","ENSMUSG00000096962.1",0.0555124847,-0.835938084,0.637012647,0.529021806,1,"Geno_at_37"
"Trav9n-4","ENSMUSG00000094231.2",0.0555077535,0.315856714,0.426792191,0.672624542,1,"Geno_at_37"
"Gm17080","ENSMUSG00000067389.3",0.0554997824,1.57421731,0.535229887,0.596496699,1,"Geno_at_37"
"Mst1","ENSMUSG00000032591.15",0.0554906617,1.08394933,0.429876089,0.670404788,1,"Geno_at_37"
"Atp5k-ps2","ENSMUSG00000081700.1",-0.0554800933,1.5742541,-0.282063784,0.780789695,1,"Geno_at_37"
"St18","ENSMUSG00000033740.17",0.0554784858,-0.934492857,0.648087544,0.521933244,1,"Geno_at_37"
"Arrb2","ENSMUSG00000060216.15",-0.0554517545,6.44482979,-1.46730327,0.152858282,1,"Geno_at_37"
"Slc29a2","ENSMUSG00000024891.6",0.0554517298,2.03989385,0.650999124,0.520078226,1,"Geno_at_37"
"Pygl","ENSMUSG00000021069.17",-0.055436501,3.99192751,-0.261038067,0.79734137,1,"Geno_at_37"
"1810058I24Rik","ENSMUSG00000073155.12",-0.0554349842,5.773248,-1.36584813,0.182294186,1,"Geno_at_37"
"Gm44659","ENSMUSG00000109214.1",-0.0554270908,-0.29792625,-0.41510372,0.681064892,1,"Geno_at_37"
"Map3k15","ENSMUSG00000031303.8",-0.0554059031,2.18663652,-0.506982954,0.615929839,1,"Geno_at_37"
"Polr1c","ENSMUSG00000067148.15",0.055405338,6.20745194,1.56896522,0.12730474,1,"Geno_at_37"
"Tmem200b","ENSMUSG00000070720.4",-0.0554039611,2.17837186,-0.548433692,0.587514551,1,"Geno_at_37"
"Ndrg4","ENSMUSG00000036564.17",-0.0554036391,5.36350968,-0.530064415,0.602865554,1,"Geno_at_37"
"Mms19","ENSMUSG00000025159.8",-0.0553995531,6.62034559,-1.84131727,0.0756355643,1,"Geno_at_37"
"Usp43","ENSMUSG00000020905.11",0.0553933427,-0.954513439,0.737995397,0.466338686,1,"Geno_at_37"
"Zfp131","ENSMUSG00000094870.8",-0.0553888979,6.15265277,-1.48519564,0.148084143,1,"Geno_at_37"
"Gm10132","ENSMUSG00000063556.5",-0.0553846784,3.08158995,-0.826884497,0.414930717,1,"Geno_at_37"
"Ap4s1","ENSMUSG00000020955.9",-0.0553297223,3.74593578,-0.890651657,0.380311443,1,"Geno_at_37"
"Gm13082","ENSMUSG00000081227.1",-0.0553271561,-0.489876457,-0.52445205,0.60387694,1,"Geno_at_37"
"Zkscan3","ENSMUSG00000021327.19",0.0552966366,6.25973591,1.19312607,0.24231303,1,"Geno_at_37"
"Bok","ENSMUSG00000026278.14",0.0552910768,0.488040843,0.441941835,0.661749198,1,"Geno_at_37"
"Ing2","ENSMUSG00000063049.4",-0.0552803326,4.43916023,-1.03429344,0.309390735,1,"Geno_at_37"
"Calcoco1","ENSMUSG00000023055.10",-0.0552747419,5.29911376,-0.699484511,0.492167286,1,"Geno_at_37"
"Pnkd","ENSMUSG00000026179.14",-0.0552678608,3.65384092,-0.841069897,0.407064339,1,"Geno_at_37"
"Smim24","ENSMUSG00000078439.9",-0.0552673823,1.50874407,-0.481742809,0.633537806,1,"Geno_at_37"
"Mtmr11","ENSMUSG00000045934.15",-0.0552643159,1.93817502,-0.536629174,0.595541697,1,"Geno_at_37"
"Gm44190","ENSMUSG00000108267.1",-0.0552599055,-0.585170247,-0.434232555,0.667274207,1,"Geno_at_37"
"Flot2","ENSMUSG00000061981.14",-0.0552511077,5.81928146,-1.5081176,0.142143802,1,"Geno_at_37"
"Gm14418","ENSMUSG00000078867.9",-0.055240854,-0.625086652,-0.477474346,0.636537643,1,"Geno_at_37"
"Irak2","ENSMUSG00000060477.14",-0.0552271148,4.90939619,-1.01472117,0.318476512,1,"Geno_at_37"
"Tmem205","ENSMUSG00000040883.18",-0.0552189143,1.65199836,-0.437573479,0.664877515,1,"Geno_at_37"
"Gm44878","ENSMUSG00000108477.1",0.0552185146,-0.525345577,0.504967978,0.617327204,1,"Geno_at_37"
"Eme2","ENSMUSG00000073436.11",-0.055217222,3.48345245,-0.987112687,0.331602441,1,"Geno_at_37"
"Agl","ENSMUSG00000033400.14",-0.0552055608,4.49926891,-0.758442322,0.454788087,1,"Geno_at_37"
"Grin3b","ENSMUSG00000035745.9",0.0552024937,-0.200994896,0.443572547,0.660582981,1,"Geno_at_37"
"Gm15990","ENSMUSG00000087256.1",0.0551835711,-0.923963466,0.768927718,0.448039444,1,"Geno_at_37"
"Acbd7","ENSMUSG00000026644.7",-0.0551742387,-0.293904749,-0.439717864,0.663341082,1,"Geno_at_37"
"Gm10698","ENSMUSG00000079884.6",0.0551656398,5.99474374,1.33090468,0.193400115,1,"Geno_at_37"
"Trgc3","ENSMUSG00000091682.2",-0.0551566042,1.7924725,-0.434375976,0.667171247,1,"Geno_at_37"
"Gm6419","ENSMUSG00000072407.4",0.0551445231,3.19126806,0.720318693,0.476989139,1,"Geno_at_37"
"Gm16178","ENSMUSG00000086681.1",0.0551419699,-0.633425397,0.532048864,0.598670445,1,"Geno_at_37"
"Tyro3","ENSMUSG00000027298.17",0.0551416624,4.25327839,0.859405394,0.397036173,1,"Geno_at_37"
"Gm4430","ENSMUSG00000103009.1",0.0551277492,1.8053794,0.441952597,0.661741499,1,"Geno_at_37"
"Myo6","ENSMUSG00000033577.18",0.0551228174,3.02222878,0.562889679,0.57783498,1,"Geno_at_37"
"Scn5a","ENSMUSG00000032511.17",0.0551129244,1.93709679,0.557183686,0.581598666,1,"Geno_at_37"
"Eef2kmt","ENSMUSG00000022544.14",-0.0551073712,3.90508922,-0.87822902,0.386905532,1,"Geno_at_37"
"Gpc1","ENSMUSG00000034220.7",0.0551022737,3.34450041,0.690800182,0.495082808,1,"Geno_at_37"
"Bicd2","ENSMUSG00000037933.16",0.0550806805,6.73183426,1.78554207,0.084442646,1,"Geno_at_37"
"Rit1","ENSMUSG00000028057.14",0.0550730975,3.87438191,0.854911913,0.399479176,1,"Geno_at_37"
"Cep76","ENSMUSG00000073542.3",0.0550580341,4.75149135,1.16555478,0.253117814,1,"Geno_at_37"
"Cfap410","ENSMUSG00000020284.16",0.0550512805,2.659365,0.653549153,0.518456499,1,"Geno_at_37"
"Atp10a","ENSMUSG00000025324.8",0.0550498831,6.58967202,1.74852952,0.0907567586,1,"Geno_at_37"
"Chd2","ENSMUSG00000078671.11",0.0550407058,7.19139977,1.37931778,0.178148325,1,"Geno_at_37"
"Get1","ENSMUSG00000023147.17",-0.0550402788,3.29728444,-0.730774212,0.470672699,1,"Geno_at_37"
"Phkg1","ENSMUSG00000025537.12",0.0550326712,0.384826836,0.520781994,0.606399862,1,"Geno_at_37"
"Gm26680","ENSMUSG00000097901.7",-0.0550114176,-0.511412598,-0.431200231,0.669452612,1,"Geno_at_37"
"Tmc6","ENSMUSG00000025572.17",-0.055002443,7.23339462,-1.55507791,0.130574989,1,"Geno_at_37"
"1700030K09Rik","ENSMUSG00000052794.13",-0.0549981752,3.52687144,-0.786447111,0.437868081,1,"Geno_at_37"
"Sap30l","ENSMUSG00000020519.5",-0.0549898242,4.27322693,-0.977719489,0.336150984,1,"Geno_at_37"
"Abcc10","ENSMUSG00000032842.13",-0.0549853335,3.8552551,-0.978025082,0.336002343,1,"Geno_at_37"
"Smchd1","ENSMUSG00000024054.14",0.0549852568,7.44571674,1.56718482,0.127720218,1,"Geno_at_37"
"Gm45280","ENSMUSG00000109721.1",-0.0549801287,-0.788368882,-0.553619178,0.5840051,1,"Geno_at_37"
"Hmgcr","ENSMUSG00000021670.14",-0.0549491768,8.39732916,-0.653587045,0.522318676,1,"Geno_at_37"
"Fbxo36","ENSMUSG00000073633.9",-0.0549443238,1.89888435,-0.56459828,0.576608674,1,"Geno_at_37"
"Klhdc9","ENSMUSG00000045259.4",0.0549379739,-0.497340896,0.521633607,0.605813992,1,"Geno_at_37"
"Ripor1","ENSMUSG00000038604.9",-0.0549366622,4.91067232,-1.06868411,0.293865725,1,"Geno_at_37"
"Med12l","ENSMUSG00000056476.13",-0.0549256271,1.39336299,-0.462224121,0.647306357,1,"Geno_at_37"
"Elk3","ENSMUSG00000008398.16",-0.0549213712,7.59285641,-1.38077861,0.177703162,1,"Geno_at_37"
"Gm9169","ENSMUSG00000098198.1",0.054912981,0.59731776,0.431437798,0.669281839,1,"Geno_at_37"
"Nt5dc2","ENSMUSG00000071547.4",-0.054910876,4.06353396,-0.856272338,0.398738542,1,"Geno_at_37"
"Pou2f2","ENSMUSG00000008496.19",-0.0549000772,6.99332035,-1.38998377,0.174918046,1,"Geno_at_37"
"Plpp1","ENSMUSG00000021759.14",0.0549000052,1.08863945,0.491574759,0.626652118,1,"Geno_at_37"
"Dedd2","ENSMUSG00000054499.9",-0.0548849572,5.31432332,-0.998122255,0.326378834,1,"Geno_at_37"
"Trpv6","ENSMUSG00000029868.14",0.0548707467,0.0264164262,0.36478112,0.717872839,1,"Geno_at_37"
"Mars2","ENSMUSG00000046994.9",0.0548664924,5.10454702,1.33570749,0.191843368,1,"Geno_at_37"
"Tmem164","ENSMUSG00000047045.17",-0.054855483,6.88939683,-1.3140389,0.198944186,1,"Geno_at_37"
"Nrg4","ENSMUSG00000032311.17",-0.0548511945,1.41731434,-0.41566732,0.680656935,1,"Geno_at_37"
"1700001G11Rik","ENSMUSG00000085984.7",0.0548507035,-0.163935348,0.550997911,0.585777847,1,"Geno_at_37"
"Ube2n","ENSMUSG00000074781.5",0.0548324338,6.0169087,1.61352635,0.117261228,1,"Geno_at_37"
"4930516B21Rik","ENSMUSG00000097504.1",-0.0548302729,0.840275326,-0.550204205,0.586315144,1,"Geno_at_37"
"Gm36787","ENSMUSG00000117739.1",0.0548277703,0.117888161,0.392087706,0.697807397,1,"Geno_at_37"
"Tcea3","ENSMUSG00000001604.14",0.0548192635,1.28588861,0.462487264,0.647119873,1,"Geno_at_37"
"Fam98c","ENSMUSG00000030590.15",0.0548076866,2.58736915,0.607270548,0.548310322,1,"Geno_at_37"
"Gm45081","ENSMUSG00000108777.1",0.0547963471,-0.217538258,0.439864445,0.663236113,1,"Geno_at_37"
"Zmiz1os1","ENSMUSG00000087535.2",-0.0547757463,-0.122148878,-0.529366937,0.600506065,1,"Geno_at_37"
"Gucy1a1","ENSMUSG00000033910.13",-0.0547661804,0.987604221,-0.31829573,0.752840872,1,"Geno_at_37"
"Mex3d","ENSMUSG00000048696.11",-0.0547597488,3.64404046,-0.756310002,0.455451689,1,"Geno_at_37"
"Gm47639","ENSMUSG00000114113.1",0.0547576388,-0.515011244,0.409676948,0.684998015,1,"Geno_at_37"
"Ap1s1","ENSMUSG00000004849.14",-0.0547471354,6.29041593,-1.56768566,0.127603229,1,"Geno_at_37"
"Smc3","ENSMUSG00000024974.10",0.0547424168,8.07044916,1.76293728,0.0882529155,1,"Geno_at_37"
"Sem1","ENSMUSG00000042541.10",-0.0547326226,6.73750867,-1.5062901,0.142610243,1,"Geno_at_37"
"Gm2614","ENSMUSG00000113113.1",-0.0547324376,3.69542642,-0.818072929,0.419864339,1,"Geno_at_37"
"Ndufb10","ENSMUSG00000040048.14",-0.0547259259,5.57467453,-1.47972864,0.149530009,1,"Geno_at_37"
"Gm6288","ENSMUSG00000072660.5",0.0547247792,-0.691750747,0.452703363,0.654069068,1,"Geno_at_37"
"Thy1","ENSMUSG00000032011.5",-0.0547183622,9.15514047,-2.05539801,0.048772973,1,"Geno_at_37"
"A430078I02Rik","ENSMUSG00000085589.7",0.0547159722,-0.455832836,0.534401077,0.597062701,1,"Geno_at_37"
"Gon4l","ENSMUSG00000054199.17",0.0547143885,5.89838434,1.43832186,0.160851563,1,"Geno_at_37"
"BC049352","ENSMUSG00000091996.8",-0.054713652,0.443714383,-0.38980696,0.699475102,1,"Geno_at_37"
"Tma16","ENSMUSG00000025591.6",0.0547120796,4.9365257,1.08765968,0.285538541,1,"Geno_at_37"
"Prr11","ENSMUSG00000020493.8",-0.0547112797,5.89821996,-1.59327996,0.121740512,1,"Geno_at_37"
"Gm18860","ENSMUSG00000110569.1",0.0546654835,1.39783569,0.482431637,0.633054295,1,"Geno_at_37"
"Alkbh2","ENSMUSG00000044339.12",-0.0546533955,1.82492342,-0.534687319,0.596867195,1,"Geno_at_37"
"9530085L11Rik","ENSMUSG00000107742.1",-0.054650364,1.11254981,-0.446343779,0.658603098,1,"Geno_at_37"
"Hectd1","ENSMUSG00000035247.16",0.0546438743,8.25616299,1.75090175,0.0903404172,1,"Geno_at_37"
"Rnf11","ENSMUSG00000028557.10",-0.0546370817,6.51105486,-1.58437709,0.123754225,1,"Geno_at_37"
"Rab3d","ENSMUSG00000019066.13",-0.0546361968,4.23522096,-0.749004646,0.459986076,1,"Geno_at_37"
"Cby1","ENSMUSG00000022428.8",0.0546254749,3.4824178,0.8705964,0.390993179,1,"Geno_at_37"
"Pla2r1","ENSMUSG00000054580.14",0.0546243853,-0.894803183,0.705427746,0.486068809,1,"Geno_at_37"
"Nhsl1","ENSMUSG00000039835.16",0.054613704,2.84247682,0.774789133,0.444620818,1,"Geno_at_37"
"Kcnk10","ENSMUSG00000033854.10",0.0546092585,-0.0383127668,0.470979751,0.641114017,1,"Geno_at_37"
"Sirt2","ENSMUSG00000015149.14",-0.0546081678,6.12294181,-1.66195158,0.107097665,1,"Geno_at_37"
"AC139347.1","ENSMUSG00000118410.1",0.0545914427,-0.0861372845,0.379579281,0.706972344,1,"Geno_at_37"
"Gm38248","ENSMUSG00000104164.1",-0.0545910135,1.43648592,-0.440434127,0.662828217,1,"Geno_at_37"
"Nr1d2","ENSMUSG00000021775.11",-0.054579769,5.77010484,-1.3144673,0.198801868,1,"Geno_at_37"
"A930015D03Rik","ENSMUSG00000092368.1",-0.0545763336,-0.249251008,-0.427805786,0.671894636,1,"Geno_at_37"
"Amh","ENSMUSG00000035262.5",-0.0545652008,0.369609342,-0.434929901,0.666773653,1,"Geno_at_37"
"Pusl1","ENSMUSG00000051557.15",0.0545633715,3.69051355,0.86657391,0.393158479,1,"Geno_at_37"
"Gm36933","ENSMUSG00000103772.1",-0.0545504076,-0.0194263931,-0.416501706,0.680053153,1,"Geno_at_37"
"Lrrc46","ENSMUSG00000020878.6",-0.0545484983,-0.568925565,-0.462516295,0.647099302,1,"Geno_at_37"
"Entpd1","ENSMUSG00000048120.16",0.0545451224,3.25583097,0.580106609,0.566411129,1,"Geno_at_37"
"Kank2","ENSMUSG00000032194.9",-0.0545404816,1.51252708,-0.510678843,0.613370583,1,"Geno_at_37"
"Slfn3","ENSMUSG00000018986.10",0.0545145967,4.58974178,1.07997824,0.288889031,1,"Geno_at_37"
"Tex261","ENSMUSG00000014748.13",-0.0545086195,6.9414316,-1.69742863,0.100126406,1,"Geno_at_37"
"Gm10277","ENSMUSG00000069804.2",-0.0545057189,-0.617397254,-0.437420747,0.664987002,1,"Geno_at_37"
"Nfe2","ENSMUSG00000058794.12",-0.0545043127,-0.286793172,-0.44388044,0.660362885,1,"Geno_at_37"
"Sp110","ENSMUSG00000070034.13",-0.054496843,7.33814839,-1.23384527,0.227516065,1,"Geno_at_37"
"Gm38147","ENSMUSG00000103162.1",0.0544829044,-0.387846873,0.367893401,0.715718907,1,"Geno_at_37"
"Gm43332","ENSMUSG00000107313.1",0.0544817028,-0.562061756,0.440639068,0.662681504,1,"Geno_at_37"
"Gm48838","ENSMUSG00000113894.1",-0.0544620955,1.75989933,-0.441605884,0.661989564,1,"Geno_at_37"
"Gm17808","ENSMUSG00000106878.1",0.0544410652,-0.379257926,0.393069184,0.697090201,1,"Geno_at_37"
"Trim8","ENSMUSG00000025034.9",-0.0544321872,6.99237316,-0.875621422,0.391466866,1,"Geno_at_37"
"Nrxn2","ENSMUSG00000033768.17",0.0544227704,-0.895019864,0.714185348,0.480717043,1,"Geno_at_37"
"Vps25","ENSMUSG00000078656.11",0.0544212272,0.299411809,0.486900856,0.629921215,1,"Geno_at_37"
"Vipr1","ENSMUSG00000032528.5",0.0544111618,1.83255221,0.555274336,0.58288708,1,"Geno_at_37"
"Slc25a25","ENSMUSG00000026819.15",-0.0544082946,4.79710981,-0.997633897,0.326557556,1,"Geno_at_37"
"Bglap3","ENSMUSG00000074489.9",-0.0544020424,-0.0235353963,-0.499349326,0.62123137,1,"Geno_at_37"
"Csnk1e","ENSMUSG00000022433.20",-0.0543925597,4.4992444,-1.1414448,0.262851807,1,"Geno_at_37"
"Rpl26-ps4","ENSMUSG00000059150.3",0.05438928,-0.445115459,0.335917885,0.739722508,1,"Geno_at_37"
"Gm11539","ENSMUSG00000083337.1",-0.0543661258,5.5540758,-1.30284689,0.202690081,1,"Geno_at_37"
"Socs2","ENSMUSG00000020027.18",-0.0543603079,9.46533592,-2.10194257,0.0441924211,1,"Geno_at_37"
"Tnfrsf9","ENSMUSG00000028965.13",0.0543573429,7.95346245,0.456227555,0.654268415,1,"Geno_at_37"
"Zmynd10","ENSMUSG00000010044.12",0.054348767,-0.415186482,0.450005174,0.655991101,1,"Geno_at_37"
"mt-Tp","ENSMUSG00000064372.1",-0.0543388952,4.22410424,-1.09112747,0.284035043,1,"Geno_at_37"
"Dhrs3","ENSMUSG00000066026.14",0.0543367126,1.18708207,0.446945604,0.65817346,1,"Geno_at_37"
"Msh2","ENSMUSG00000024151.13",0.0543223531,6.6750035,1.28739489,0.207950224,1,"Geno_at_37"
"Jkamp","ENSMUSG00000005078.16",-0.0543090024,4.21238308,-0.885891308,0.382829671,1,"Geno_at_37"
"Gm28935","ENSMUSG00000100392.1",0.0543089575,-0.69024647,0.503908783,0.61806233,1,"Geno_at_37"
"Ccdc115","ENSMUSG00000042111.9",-0.0543080827,5.37907441,-1.38255974,0.177161571,1,"Geno_at_37"
"Rapgef4","ENSMUSG00000049044.16",-0.0543075808,2.44274578,-0.528073735,0.601392141,1,"Geno_at_37"
"Slc2a6","ENSMUSG00000036067.12",0.0542979791,5.14613247,0.882390755,0.385261598,1,"Geno_at_37"
"Ppil3","ENSMUSG00000026035.15",-0.0542915944,4.49152271,-1.04258294,0.305597403,1,"Geno_at_37"
"Rassf5","ENSMUSG00000026430.16",-0.0542901233,7.98935439,-1.60263414,0.119653815,1,"Geno_at_37"
"Mcrip1","ENSMUSG00000061111.8",-0.0542895308,5.1141082,-1.38591651,0.176144386,1,"Geno_at_37"
"D430040D24Rik","ENSMUSG00000087589.3",-0.0542836978,-0.490970406,-0.492706234,0.625861877,1,"Geno_at_37"
"Cope","ENSMUSG00000055681.14",-0.0542794814,6.64199722,-1.42815076,0.163734311,1,"Geno_at_37"
"Asl","ENSMUSG00000025533.15",-0.0542713714,4.78480982,-1.24523562,0.222830712,1,"Geno_at_37"
"Dolpp1","ENSMUSG00000026856.14",-0.0542664353,4.28769873,-1.11641649,0.273241028,1,"Geno_at_37"
"Kcnd3","ENSMUSG00000040896.16",0.0542470818,-0.955384248,0.75642166,0.455385779,1,"Geno_at_37"
"Nrip2","ENSMUSG00000001520.12",0.0542467885,1.08586138,0.465635936,0.644890295,1,"Geno_at_37"
"Fbxl12os","ENSMUSG00000062470.10",-0.0542441238,0.613335006,-0.330136023,0.743754287,1,"Geno_at_37"
"Gm30251","ENSMUSG00000116847.1",0.0542357633,-0.4900374,0.59006838,0.55963092,1,"Geno_at_37"
"Coa6","ENSMUSG00000051671.7",0.0542328792,3.43288678,0.890875806,0.380193133,1,"Geno_at_37"
"Psmb5","ENSMUSG00000022193.7",0.0542179119,6.34823493,1.33186005,0.193089675,1,"Geno_at_37"
"Atr","ENSMUSG00000032409.15",0.0541943834,6.14346848,1.45705463,0.155647862,1,"Geno_at_37"
"Ntf5","ENSMUSG00000074121.3",0.0541890446,0.502783281,0.444405088,0.659987916,1,"Geno_at_37"
"Rpl19","ENSMUSG00000017404.12",-0.054179978,6.78094638,-1.41478716,0.16758394,1,"Geno_at_37"
"Gm38190","ENSMUSG00000102302.1",0.0541758043,2.46680362,0.602430574,0.551483413,1,"Geno_at_37"
"Mfsd14a","ENSMUSG00000089911.4",-0.0541752505,6.19151778,-1.37464013,0.179579632,1,"Geno_at_37"
"Btbd7","ENSMUSG00000041702.7",0.0541487374,6.37109586,1.46969713,0.152212492,1,"Geno_at_37"
"Slc4a5","ENSMUSG00000068323.12",-0.0541468386,-0.212263134,-0.431895061,0.668953191,1,"Geno_at_37"
"Ythdc1","ENSMUSG00000035851.14",0.0541426925,7.33415921,1.70735501,0.0982453449,1,"Geno_at_37"
"Rmdn2","ENSMUSG00000036368.8",-0.0541399886,2.00844898,-0.469917475,0.641863915,1,"Geno_at_37"
"Gm6851","ENSMUSG00000056836.8",0.0541376664,4.71774463,0.953916445,0.347865514,1,"Geno_at_37"
"Cnksr1","ENSMUSG00000028841.14",0.0541374645,-0.644240987,0.541753862,0.592050415,1,"Geno_at_37"
"Amz2","ENSMUSG00000020610.17",-0.0541316671,6.11612923,-1.12597822,0.269327477,1,"Geno_at_37"
"4930522L14Rik","ENSMUSG00000072762.9",0.0541276365,3.2085673,0.870987905,0.39078284,1,"Geno_at_37"
"A1cf","ENSMUSG00000052595.8",0.0541181098,-0.427075438,0.443815875,0.660409036,1,"Geno_at_37"
"Apopt1","ENSMUSG00000037787.14",-0.0541153619,4.26563031,-0.915133419,0.367530182,1,"Geno_at_37"
"Arhgap21","ENSMUSG00000036591.16",0.0541143036,6.27486645,1.40981626,0.169034007,1,"Geno_at_37"
"BC048403","ENSMUSG00000053684.8",0.0541096969,3.55692663,0.848356854,0.403060023,1,"Geno_at_37"
"Hacd3","ENSMUSG00000033629.6",-0.0541053748,6.86731426,-1.82794739,0.0776716699,1,"Geno_at_37"
"Psmd2","ENSMUSG00000006998.16",0.0541010104,8.53603307,1.998022,0.0549922483,1,"Geno_at_37"
"Gm13370","ENSMUSG00000084383.1",-0.0540793325,-0.368181712,-0.471770463,0.640556074,1,"Geno_at_37"
"Tmem242","ENSMUSG00000004945.15",-0.0540767599,5.53314359,-1.25431677,0.219559479,1,"Geno_at_37"
"Vps45","ENSMUSG00000015747.5",0.054073392,4.34352702,1.20571612,0.237494128,1,"Geno_at_37"
"Fam49b","ENSMUSG00000022378.14",-0.0540587893,7.81299928,-1.71976155,0.0959360949,1,"Geno_at_37"
"Pfdn2","ENSMUSG00000006412.10",0.0540551829,5.73008656,1.14997424,0.259377564,1,"Geno_at_37"
"Deaf1","ENSMUSG00000058886.9",0.0540328094,5.12423727,1.29378053,0.205763947,1,"Geno_at_37"
"Strada","ENSMUSG00000069631.14",-0.0540252293,4.83672277,-0.927975041,0.360939689,1,"Geno_at_37"
"Gm12279","ENSMUSG00000087120.1",-0.0540127177,-0.236802651,-0.46435731,0.645795289,1,"Geno_at_37"
"Gm26648","ENSMUSG00000097275.1",0.0540050228,2.19180524,0.464986541,0.645349859,1,"Geno_at_37"
"Rcan1","ENSMUSG00000022951.16",-0.054003555,4.70279169,-0.650630221,0.522009418,1,"Geno_at_37"
"Eaf2","ENSMUSG00000022838.14",0.0540002151,2.30119149,0.533901368,0.597404081,1,"Geno_at_37"
"Pfkfb4","ENSMUSG00000025648.18",-0.0539940746,2.34855036,-0.676541347,0.503959244,1,"Geno_at_37"
"Ubr4","ENSMUSG00000066036.14",0.0539902617,8.19183651,1.74406662,0.0915444243,1,"Geno_at_37"
"Tnfsf8","ENSMUSG00000028362.2",0.0539901695,4.41311725,0.436086128,0.668112569,1,"Geno_at_37"
"Efna2","ENSMUSG00000003070.6",0.0539898262,0.41031966,0.388077034,0.70074106,1,"Geno_at_37"
"Gm12195","ENSMUSG00000085192.1",0.053964162,0.248555273,0.423329473,0.675120547,1,"Geno_at_37"
"Ceacam2","ENSMUSG00000054385.14",0.053948089,-0.379698449,0.408647732,0.685744971,1,"Geno_at_37"
"Mypop","ENSMUSG00000048481.15",-0.0539474689,1.51891875,-0.462491076,0.647117172,1,"Geno_at_37"
"Gm20420","ENSMUSG00000092494.2",0.0539316376,-0.535293514,0.503388378,0.61842366,1,"Geno_at_37"
"E030024N20Rik","ENSMUSG00000057990.4",-0.0539108894,-0.593719176,-0.45104592,0.655249449,1,"Geno_at_37"
"Pold1","ENSMUSG00000038644.14",0.0538989194,7.32503818,1.53636859,0.13508873,1,"Geno_at_37"
"Gm9803","ENSMUSG00000045886.7",0.0538715822,3.44370458,0.836974326,0.409325844,1,"Geno_at_37"
"Gm10247","ENSMUSG00000068674.3",0.0538710394,-0.540467459,0.470161731,0.641691452,1,"Geno_at_37"
"Myo15b","ENSMUSG00000034427.17",0.0538643826,0.173248294,0.438632377,0.664118638,1,"Geno_at_37"
"Rpsa-ps12","ENSMUSG00000080746.3",-0.0538517557,6.15786901,-1.11505995,0.273987425,1,"Geno_at_37"
"Icam5","ENSMUSG00000032174.5",0.0538444081,-0.263538604,0.404567268,0.688709549,1,"Geno_at_37"
"Crip2","ENSMUSG00000006356.10",0.0538406854,1.51313399,0.372102733,0.712636888,1,"Geno_at_37"
"Prdm16","ENSMUSG00000039410.16",-0.0538328246,4.04155519,-0.258286289,0.799427034,1,"Geno_at_37"
"Gm38293","ENSMUSG00000103156.1",-0.0538253769,-0.177362384,-0.516976711,0.609020965,1,"Geno_at_37"
"Dgkh","ENSMUSG00000034731.11",0.0538122305,7.6193743,1.03915316,0.309564615,1,"Geno_at_37"
"Zfp992","ENSMUSG00000070605.4",0.0538041164,2.62300912,0.673346494,0.505960156,1,"Geno_at_37"
"Gm50270","ENSMUSG00000117670.1",0.0537932692,-0.525158773,0.497119457,0.622783935,1,"Geno_at_37"
"Gm11865","ENSMUSG00000083725.1",-0.0537811146,-0.378918267,-0.477810351,0.636301273,1,"Geno_at_37"
"Zc3hav1l","ENSMUSG00000047749.2",0.0537774707,3.91883434,0.965087847,0.342333963,1,"Geno_at_37"
"Ndufaf6","ENSMUSG00000050323.14",-0.05377134,3.10403494,-0.811882117,0.42335218,1,"Geno_at_37"
"Dkkl1","ENSMUSG00000030792.8",-0.0537633553,2.99149991,-0.745427969,0.461902223,1,"Geno_at_37"
"Mrpl46","ENSMUSG00000030612.6",-0.0537590319,4.77806804,-1.22407364,0.230595799,1,"Geno_at_37"
"Gm6627","ENSMUSG00000112550.1",0.0537544738,5.3900346,1.50631867,0.14260294,1,"Geno_at_37"
"Dazl","ENSMUSG00000010592.9",0.0537447437,-0.677690421,0.451176325,0.655156546,1,"Geno_at_37"
"Zdhhc23","ENSMUSG00000036304.14",0.0537380123,3.84002525,0.988790743,0.330794286,1,"Geno_at_37"
"Sh3pxd2b","ENSMUSG00000040711.8",0.0537373286,1.03861486,0.458173469,0.650179888,1,"Geno_at_37"
"Epn1","ENSMUSG00000035203.16",-0.0537311065,6.83625835,-1.67073656,0.105334776,1,"Geno_at_37"
"Slc3a1","ENSMUSG00000024131.8",-0.0537269075,-0.0540749979,-0.432407874,0.668584696,1,"Geno_at_37"
"Naf1","ENSMUSG00000014907.10",-0.0537199408,6.22868101,-1.2672471,0.214964402,1,"Geno_at_37"
"Afg3l1","ENSMUSG00000031967.15",0.0537171507,6.01035114,1.5763676,0.125589145,1,"Geno_at_37"
"Lpar1","ENSMUSG00000038668.14",-0.0537160747,-0.604572113,-0.478475669,0.635833357,1,"Geno_at_37"
"Dennd5a","ENSMUSG00000035901.14",0.0537137889,6.23363922,1.5871114,0.123132872,1,"Geno_at_37"
"Dnaaf5","ENSMUSG00000025857.10",0.0537082366,5.07593156,1.06907794,0.293691177,1,"Geno_at_37"
"Gm12475","ENSMUSG00000083338.1",0.0537044245,-0.523820659,0.515415286,0.610098017,1,"Geno_at_37"
"Dnmt1","ENSMUSG00000004099.16",0.0537039362,9.14509414,1.47003244,0.152165987,1,"Geno_at_37"
"Commd3","ENSMUSG00000051154.11",-0.0536949883,6.14461782,-1.38657126,0.175946514,1,"Geno_at_37"
"Zscan22","ENSMUSG00000054715.11",0.0536777113,3.39080536,0.660407465,0.514108529,1,"Geno_at_37"
"Rel","ENSMUSG00000020275.9",0.0536707537,7.61701435,1.13261889,0.267948011,1,"Geno_at_37"
"Stip1","ENSMUSG00000024966.9",0.0536706955,8.3394822,1.78134282,0.0851397067,1,"Geno_at_37"
"Kat6a","ENSMUSG00000031540.14",0.0536674211,7.51986451,1.64455335,0.110661523,1,"Geno_at_37"
"Gna14","ENSMUSG00000024697.4",-0.0536512284,-0.583754845,-0.451937141,0.654614635,1,"Geno_at_37"
"Gm27166","ENSMUSG00000098519.1",-0.0536426161,-0.97638593,-0.770895125,0.446890221,1,"Geno_at_37"
"Scmh1","ENSMUSG00000000085.16",-0.05364235,3.97742665,-0.774886385,0.444564229,1,"Geno_at_37"
"Morc3","ENSMUSG00000039456.10",0.0536101024,6.25390472,1.73196642,0.0937091169,1,"Geno_at_37"
"Tgfbr3","ENSMUSG00000029287.14",0.0536100018,3.87922089,0.76908328,0.447948511,1,"Geno_at_37"
"A930006L05Rik","ENSMUSG00000102097.1",0.053609529,-0.704145689,0.540137507,0.593150518,1,"Geno_at_37"
"Dpm1","ENSMUSG00000078919.10",-0.05360595,3.94378072,-0.819423883,0.419105591,1,"Geno_at_37"
"Abhd12","ENSMUSG00000032046.15",-0.0536029928,6.30160315,-1.52823677,0.137089718,1,"Geno_at_37"
"Ap3s1-ps2","ENSMUSG00000094257.2",-0.0535917595,1.66339413,-0.595151519,0.55627337,1,"Geno_at_37"
"C1s2","ENSMUSG00000079343.4",-0.0535824853,-0.263519415,-0.407499049,0.686579011,1,"Geno_at_37"
"Rnf43","ENSMUSG00000034177.15",0.0535740781,1.36871063,0.421951208,0.676115079,1,"Geno_at_37"
"Trappc3","ENSMUSG00000028847.8",0.0535687911,5.87969323,1.33528622,0.191979526,1,"Geno_at_37"
"Zbed5","ENSMUSG00000034173.13",-0.0535631936,4.32918586,-0.755866198,0.455884762,1,"Geno_at_37"
"Snip1","ENSMUSG00000050213.6",-0.0535538318,5.40103894,-1.18309247,0.246204923,1,"Geno_at_37"
"Dock4","ENSMUSG00000035954.10",0.0535224434,3.89009701,0.462387002,0.648886354,1,"Geno_at_37"
"Sod2","ENSMUSG00000006818.5",0.0535149347,6.18948112,1.75892926,0.0889435011,1,"Geno_at_37"
"Prpf18","ENSMUSG00000039449.14",-0.0535118419,6.62454591,-1.61771882,0.116350893,1,"Geno_at_37"
"Brms1l","ENSMUSG00000012076.8",-0.0535097766,4.82827312,-1.16465555,0.253476061,1,"Geno_at_37"
"Sh3bp2","ENSMUSG00000054520.15",-0.0535096507,5.25735304,-1.52676437,0.137454589,1,"Geno_at_37"
"Sdcbp2","ENSMUSG00000027456.8",-0.0535039385,2.92730456,-0.485126373,0.631586517,1,"Geno_at_37"
"Gm16374","ENSMUSG00000115205.1",-0.0534917491,-0.414701754,-0.509960609,0.613867545,1,"Geno_at_37"
"Foxp3","ENSMUSG00000039521.13",-0.0534896952,9.15267285,-0.683797651,0.503494494,1,"Geno_at_37"
"Dsg2","ENSMUSG00000044393.15",-0.0534892823,-0.711790314,-0.488314135,0.628931908,1,"Geno_at_37"
"Rhbdf1","ENSMUSG00000020282.18",-0.0534850069,1.93764479,-0.45780056,0.650444705,1,"Geno_at_37"
"Spon1","ENSMUSG00000038156.16",0.0534825491,1.86990815,0.499266171,0.621289235,1,"Geno_at_37"
"Sh3glb2","ENSMUSG00000026860.16",-0.0534780527,5.55935417,-1.36031648,0.184018424,1,"Geno_at_37"
"Galnt7","ENSMUSG00000031608.13",0.0534779961,6.16243407,1.42096573,0.165795294,1,"Geno_at_37"
"Syde1","ENSMUSG00000032714.6",-0.053467232,0.256998329,-0.471248567,0.64092431,1,"Geno_at_37"
"Tpra1","ENSMUSG00000002871.14",-0.0534552826,5.35606887,-1.0172181,0.31730727,1,"Geno_at_37"
"Rpl29","ENSMUSG00000048758.14",-0.0534545003,8.01499544,-1.55905832,0.129630731,1,"Geno_at_37"
"Ntn5","ENSMUSG00000070564.15",-0.0534499658,1.94050656,-0.481176566,0.633935393,1,"Geno_at_37"
"Klf2","ENSMUSG00000055148.7",-0.0534473196,6.37332847,-0.58247002,0.567906671,1,"Geno_at_37"
"Usp25","ENSMUSG00000022867.11",0.0534425569,6.62878022,1.75206724,0.0901364585,1,"Geno_at_37"
"Ddit4l","ENSMUSG00000046818.7",-0.0534369102,-0.707933689,-0.562922199,0.577734811,1,"Geno_at_37"
"Zfyve21","ENSMUSG00000021286.8",0.0534367783,2.57340647,0.635936012,0.529713651,1,"Geno_at_37"
"Gm47232","ENSMUSG00000111656.1",0.0534341204,0.284967558,0.468952342,0.64254557,1,"Geno_at_37"
"Trbv19","ENSMUSG00000076475.2",-0.0534283143,4.42575072,-1.05425843,0.300309819,1,"Geno_at_37"
"Gm44735","ENSMUSG00000108543.1",-0.0534257673,-0.117144121,-0.43901579,0.663843949,1,"Geno_at_37"
"Gm37691","ENSMUSG00000104348.1",0.0534059797,2.51815826,0.597177205,0.554938234,1,"Geno_at_37"
"Gm16133","ENSMUSG00000089854.2",0.053393513,-0.335155353,0.424973785,0.673934819,1,"Geno_at_37"
"BC029722","ENSMUSG00000074649.6",-0.0533832942,3.95936286,-0.887344266,0.382059918,1,"Geno_at_37"
"Gpr52","ENSMUSG00000118401.1",0.053368988,0.465210366,0.398798236,0.692909505,1,"Geno_at_37"
"Ddx3y","ENSMUSG00000069045.11",-0.0533643588,7.03921901,-1.21192246,0.235387791,1,"Geno_at_37"
"Gm49286","ENSMUSG00000115206.1",-0.0533615864,-0.53997967,-0.562493551,0.578022989,1,"Geno_at_37"
"Csnk1g3","ENSMUSG00000073563.3",-0.0533468806,6.02896496,-1.50737725,0.142332616,1,"Geno_at_37"
"Gm6206","ENSMUSG00000048949.8",0.0533464816,5.20262222,1.19050943,0.243323574,1,"Geno_at_37"
"AA465934","ENSMUSG00000093483.1",0.0533433584,2.09056012,0.462710149,0.646961939,1,"Geno_at_37"
"6720482G16Rik","ENSMUSG00000106553.1",-0.0533405921,-0.569526102,-0.46149457,0.647823494,1,"Geno_at_37"
"Mfsd2a","ENSMUSG00000028655.11",0.053323675,4.03684279,0.561281596,0.580096624,1,"Geno_at_37"
"Mettl4","ENSMUSG00000055660.9",0.0533141393,5.6218577,1.45172634,0.157114135,1,"Geno_at_37"
"Xylt2","ENSMUSG00000020868.15",-0.0533006508,4.46832711,-0.965278905,0.342239877,1,"Geno_at_37"
"Mir1950","ENSMUSG00000089151.1",-0.0532977063,-0.229233101,-0.427570053,0.672064362,1,"Geno_at_37"
"Rars","ENSMUSG00000018848.4",0.0532959414,7.41733818,1.84041649,0.0757712919,1,"Geno_at_37"
"Gm46453","ENSMUSG00000115380.1",0.053244865,-0.725874051,0.570985935,0.572326897,1,"Geno_at_37"
"Zfp36l2","ENSMUSG00000045817.8",-0.0532383156,7.67874365,-1.02380856,0.31668969,1,"Geno_at_37"
"Gm6034","ENSMUSG00000073407.1",-0.0532359984,-0.449921242,-0.497818558,0.622296989,1,"Geno_at_37"
"Zmynd11","ENSMUSG00000021156.17",0.0532356925,6.77841199,1.5940718,0.12156272,1,"Geno_at_37"
"Etv4","ENSMUSG00000017724.14",-0.0532287926,3.47003642,-0.75594748,0.455665719,1,"Geno_at_37"
"Arrdc4","ENSMUSG00000042659.15",0.0532197865,2.44565174,0.318382523,0.753566558,1,"Geno_at_37"
"Trpt1","ENSMUSG00000047656.9",-0.053205458,1.28114519,-0.439821785,0.663266662,1,"Geno_at_37"
"Ssbp1","ENSMUSG00000029911.14",-0.0531946693,5.4914667,-1.1837347,0.245954438,1,"Geno_at_37"
"Cacna1i","ENSMUSG00000022416.15",-0.0531934856,-0.631431528,-0.482420982,0.633061773,1,"Geno_at_37"
"9630013D21Rik","ENSMUSG00000059027.14",0.0531924117,2.16082644,0.58222403,0.564832528,1,"Geno_at_37"
"Tmem198","ENSMUSG00000051703.14",0.0531730662,1.60111651,0.483542622,0.632274806,1,"Geno_at_37"
"Prg4","ENSMUSG00000006014.16",0.0531680046,5.14764675,0.466807425,0.64658537,1,"Geno_at_37"
"Glra4","ENSMUSG00000018595.6",0.0531602382,-0.485254777,0.436555054,0.665607726,1,"Geno_at_37"
"Arid5b","ENSMUSG00000019947.10",-0.0531500326,6.49608676,-1.05478116,0.301000038,1,"Geno_at_37"
"Gnptg","ENSMUSG00000035521.13",-0.0531446674,3.93721225,-1.01118426,0.320137818,1,"Geno_at_37"
"Rab7-ps1","ENSMUSG00000111686.1",-0.0531360727,4.44213389,-1.07534595,0.290922956,1,"Geno_at_37"
"Dapk1","ENSMUSG00000021559.14",0.0531346824,3.33392009,0.783355363,0.439652869,1,"Geno_at_37"
"Vbp1","ENSMUSG00000031197.11",0.0531304408,6.59174753,1.4048646,0.17048828,1,"Geno_at_37"
"Camsap2","ENSMUSG00000041570.14",0.0531263997,6.93242265,1.59080172,0.122298335,1,"Geno_at_37"
"Septin2","ENSMUSG00000026276.20",0.0531209979,2.81345001,0.620581367,0.539632911,1,"Geno_at_37"
"Tmem222","ENSMUSG00000028857.16",-0.0531171301,5.43779885,-1.37137075,0.180585352,1,"Geno_at_37"
"Tnfrsf13b","ENSMUSG00000010142.12",0.0530930068,8.34985186,1.81684417,0.0793980804,1,"Geno_at_37"
"Stag1","ENSMUSG00000037286.15",0.0530871487,6.90353287,1.54110753,0.133933606,1,"Geno_at_37"
"Pkn2","ENSMUSG00000004591.16",0.0530843332,6.60091184,1.6185187,0.116177875,1,"Geno_at_37"
"Tspoap1","ENSMUSG00000034156.16",0.0530759198,2.86831039,0.507144191,0.616003128,1,"Geno_at_37"
"Wwc1","ENSMUSG00000018849.6",0.0530694741,0.0099425644,0.385124657,0.702903624,1,"Geno_at_37"
"Gm43292","ENSMUSG00000105776.1",-0.0530656962,0.350065381,-0.399347025,0.692509548,1,"Geno_at_37"
"B4galt3","ENSMUSG00000052423.14",-0.0530484159,4.79141292,-1.23451672,0.226738932,1,"Geno_at_37"
"mt-Ty","ENSMUSG00000064350.1",0.0530381784,-0.569837269,0.438329783,0.66433546,1,"Geno_at_37"
"Ighv6-3","ENSMUSG00000076677.1",-0.0530255805,-0.735940208,-0.549011147,0.587123231,1,"Geno_at_37"
"Gm38355","ENSMUSG00000102935.1",-0.0530255677,-0.3042527,-0.43104531,0.669563985,1,"Geno_at_37"
"Apool","ENSMUSG00000025525.12",-0.0530127025,4.69083295,-1.09285409,0.283288553,1,"Geno_at_37"
"Gm23205","ENSMUSG00000089296.1",-0.0530107624,-0.157586189,-0.515465536,0.610063341,1,"Geno_at_37"
"Gm6278","ENSMUSG00000116972.1",-0.0530064987,4.05921865,-0.947806001,0.350916265,1,"Geno_at_37"
"Flcn","ENSMUSG00000032633.12",-0.0529930671,5.5027994,-1.08300527,0.28756539,1,"Geno_at_37"
"Actr1a","ENSMUSG00000025228.5",-0.0529907201,7.23019655,-1.79503734,0.0828843486,1,"Geno_at_37"
"Rin3","ENSMUSG00000044456.16",-0.0529897886,5.71131564,-1.34038179,0.190337595,1,"Geno_at_37"
"Rpl21-ps8","ENSMUSG00000061684.6",-0.0529867266,1.11262583,-0.464791755,0.645487733,1,"Geno_at_37"
"Ccs","ENSMUSG00000034108.6",-0.0529718967,6.76784748,-1.29363126,0.205814853,1,"Geno_at_37"
"Gprin2","ENSMUSG00000071531.3",-0.0529710872,4.26570263,-0.456437456,0.653435592,1,"Geno_at_37"
"Gnpnat1","ENSMUSG00000037722.8",0.052967897,0.242862499,0.371867018,0.712645579,1,"Geno_at_37"
"Cdh11","ENSMUSG00000031673.6",0.0529595195,0.0152677127,0.516879138,0.609088244,1,"Geno_at_37"
"Gm3550","ENSMUSG00000078240.2",-0.0529531828,-0.0358286228,-0.472133701,0.640299838,1,"Geno_at_37"
"Rabac1","ENSMUSG00000003380.11",-0.0529465694,5.72028415,-1.1329324,0.26635266,1,"Geno_at_37"
"Iws1","ENSMUSG00000024384.4",0.0529337575,7.08219979,1.73855279,0.0925255398,1,"Geno_at_37"
"Tspan32","ENSMUSG00000000244.17",-0.052914345,6.90999433,-1.23957133,0.224889611,1,"Geno_at_37"
"Zfp638","ENSMUSG00000030016.14",0.0529080644,7.29434925,1.62767232,0.114212996,1,"Geno_at_37"
"Dbpht2","ENSMUSG00000029878.6",-0.0529025297,-0.983491483,-0.741809807,0.464058784,1,"Geno_at_37"
"Gm19265","ENSMUSG00000107230.1",-0.052901797,-0.381673372,-0.393041439,0.697110471,1,"Geno_at_37"
"Gm12799","ENSMUSG00000082264.1",-0.0529017632,4.74419637,-1.17436708,0.249626661,1,"Geno_at_37"
"Gm43080","ENSMUSG00000105556.1",-0.0528987473,0.341134954,-0.485238108,0.631086047,1,"Geno_at_37"
"4932438A13Rik","ENSMUSG00000037270.18",0.0528920766,7.13001812,1.21404454,0.234568939,1,"Geno_at_37"
"Arl5c","ENSMUSG00000038352.15",-0.0528881723,4.89033355,-0.838511433,0.408822544,1,"Geno_at_37"
"Dok1","ENSMUSG00000068335.6",-0.0528821459,5.07493419,-1.35745075,0.184916665,1,"Geno_at_37"
"C130089K02Rik","ENSMUSG00000104339.1",-0.0528685053,-0.169310194,-0.466183241,0.64450309,1,"Geno_at_37"
"Gm5512","ENSMUSG00000112693.1",0.0528609815,2.78702303,0.739334853,0.465537339,1,"Geno_at_37"
"Pkp4","ENSMUSG00000026991.20",0.0528545965,6.15017929,1.26675071,0.215139451,1,"Geno_at_37"
"Chga","ENSMUSG00000021194.6",0.0528502307,-0.928874719,0.688273461,0.49664932,1,"Geno_at_37"
"Zfand1","ENSMUSG00000039795.14",-0.052848811,4.03046253,-0.742567179,0.463606874,1,"Geno_at_37"
"Gm33091","ENSMUSG00000112501.1",-0.0528432579,2.89138051,-0.697658747,0.490844673,1,"Geno_at_37"
"5730480H06Rik","ENSMUSG00000029089.8",-0.0528419439,3.73454706,-0.872942886,0.389733593,1,"Geno_at_37"
"Zfp426","ENSMUSG00000059475.13",-0.0528354687,4.89172671,-1.3751144,0.179434102,1,"Geno_at_37"
"Stx17","ENSMUSG00000061455.13",-0.0528263708,4.98240309,-1.12412935,0.270008403,1,"Geno_at_37"
"Gm35106","ENSMUSG00000102914.1",0.0528152144,-0.680220537,0.564344676,0.576778997,1,"Geno_at_37"
"Inpp5k","ENSMUSG00000006127.9",-0.0528126151,6.34159085,-1.47095077,0.15187517,1,"Geno_at_37"
"Gm9403","ENSMUSG00000106499.1",-0.0528068907,-0.297826992,-0.428373306,0.671486098,1,"Geno_at_37"
"Gm43052","ENSMUSG00000107115.1",-0.0528062739,-0.269261491,-0.445390485,0.659283887,1,"Geno_at_37"
"Mecp2","ENSMUSG00000031393.16",0.0528062017,6.1492806,1.45019126,0.157538607,1,"Geno_at_37"
"4930573H18Rik","ENSMUSG00000104766.1",0.0527972122,-0.602824414,0.510554186,0.613456822,1,"Geno_at_37"
"Sidt2","ENSMUSG00000034908.16",-0.052785965,8.31407002,-1.72334824,0.0952770708,1,"Geno_at_37"
"Zcchc10","ENSMUSG00000018239.9",-0.0527804919,4.53707301,-1.11766046,0.272717781,1,"Geno_at_37"
"Arrdc3","ENSMUSG00000074794.10",0.052780124,5.41193516,0.660923579,0.516278496,1,"Geno_at_37"
"Atox1","ENSMUSG00000018585.9",-0.0527794209,4.33459255,-0.939238161,0.355223858,1,"Geno_at_37"
"Gm20426","ENSMUSG00000092247.2",-0.0527756277,0.11874329,-0.448213812,0.657268488,1,"Geno_at_37"
"8030456M14Rik","ENSMUSG00000117768.1",0.0527703036,-0.541447841,0.476379577,0.63730805,1,"Geno_at_37"
"AC124502.1","ENSMUSG00000118364.1",0.0527649923,2.84208805,0.597863681,0.554486149,1,"Geno_at_37"
"Selp","ENSMUSG00000026580.16",0.0527623183,-0.727488614,0.514435854,0.61077407,1,"Geno_at_37"
"Gm25632","ENSMUSG00000094251.1",0.0527415555,0.340150201,0.408625252,0.685761289,1,"Geno_at_37"
"Gm11652","ENSMUSG00000083465.1",0.052736445,3.17129373,0.721222618,0.476441134,1,"Geno_at_37"
"Gm28914","ENSMUSG00000102027.1",-0.0527339246,-0.168265587,-0.369136244,0.714658404,1,"Geno_at_37"
"Srsf10","ENSMUSG00000028676.17",0.0527133794,8.10641271,1.68853907,0.10183652,1,"Geno_at_37"
"Parp10","ENSMUSG00000063268.12",0.0527103936,5.56097178,1.08523093,0.286594915,1,"Geno_at_37"
"Ints2","ENSMUSG00000018068.13",0.052710371,6.09147288,1.28582362,0.208490891,1,"Geno_at_37"
"Gm15495","ENSMUSG00000081732.1",-0.0527020788,-0.561282608,-0.574319557,0.570098623,1,"Geno_at_37"
"Tet2","ENSMUSG00000040943.12",0.0526955485,7.22146402,1.46542545,0.153366393,1,"Geno_at_37"
"Slc38a10","ENSMUSG00000061306.16",-0.0526894836,7.26738666,-1.51808562,0.139621256,1,"Geno_at_37"
"Zfyve27","ENSMUSG00000018820.13",-0.0526879941,5.68655273,-1.6147931,0.116985555,1,"Geno_at_37"
"Gm9182","ENSMUSG00000112068.1",0.0526742924,1.55920877,0.473494598,0.639340231,1,"Geno_at_37"
"Phtf1","ENSMUSG00000058388.14",-0.0526731623,5.94109592,-1.68350904,0.102814947,1,"Geno_at_37"
"Rtkn2","ENSMUSG00000037846.18",-0.0526690685,1.60398903,-0.456761524,0.65118281,1,"Geno_at_37"
"Il4ra","ENSMUSG00000030748.9",-0.0526595998,8.14434352,-1.42273838,0.165284923,1,"Geno_at_37"
"Primpol","ENSMUSG00000038225.15",0.0526540762,4.69461222,0.940925966,0.354372528,1,"Geno_at_37"
"Smim4","ENSMUSG00000058351.11",-0.0526531552,2.82921987,-0.689094413,0.496140042,1,"Geno_at_37"
"Actr8","ENSMUSG00000015971.5",0.0526436995,5.15871206,1.21980424,0.232186633,1,"Geno_at_37"
"Ankhd1","ENSMUSG00000024483.19",0.0526369656,6.84408172,1.5920198,0.122023898,1,"Geno_at_37"
"Eci2","ENSMUSG00000021417.15",-0.0526251963,4.58230625,-1.02648583,0.312993354,1,"Geno_at_37"
"Gm9752","ENSMUSG00000025450.4",-0.0526245735,2.46686541,-0.639070301,0.527700904,1,"Geno_at_37"
"Capza1-ps1","ENSMUSG00000067017.5",0.0526090859,6.80832963,1.38881681,0.175269213,1,"Geno_at_37"
"Fam3a","ENSMUSG00000031399.15",-0.0526034196,4.38835322,-1.07199778,0.292399347,1,"Geno_at_37"
"AI413582","ENSMUSG00000062753.14",-0.0526033797,3.23161381,-0.725592776,0.47379685,1,"Geno_at_37"
"Slc19a1","ENSMUSG00000001436.15",-0.0525942772,6.98434332,-0.989610985,0.332362446,1,"Geno_at_37"
"Mmgt2","ENSMUSG00000048497.11",-0.0525908868,4.97323728,-1.06172835,0.296960665,1,"Geno_at_37"
"Ccdc152","ENSMUSG00000091119.2",-0.0525784086,-0.102493312,-0.384181972,0.703594659,1,"Geno_at_37"
"Ccdc7a","ENSMUSG00000025808.17",-0.052576174,-0.160443538,-0.373475965,0.711460624,1,"Geno_at_37"
"2410006H16Rik","ENSMUSG00000086841.1",-0.0525711776,6.46773776,-1.18549186,0.245270065,1,"Geno_at_37"
"Pcgf2","ENSMUSG00000018537.16",-0.0525643009,4.8096138,-0.999794228,0.325528206,1,"Geno_at_37"
"Btd","ENSMUSG00000021900.10",-0.0525628208,4.60227237,-1.06060923,0.297460747,1,"Geno_at_37"
"Gm5644","ENSMUSG00000100104.1",-0.0525589105,1.94856704,-0.496250389,0.623389509,1,"Geno_at_37"
"Gm7672","ENSMUSG00000097086.1",-0.0525464551,0.914344174,-0.405727476,0.687866109,1,"Geno_at_37"
"Mns1","ENSMUSG00000032221.14",-0.0525450063,3.74968079,-0.702341087,0.487963112,1,"Geno_at_37"
"Cdo1","ENSMUSG00000033022.8",-0.0525440747,0.504723045,-0.443427077,0.660686979,1,"Geno_at_37"
"Gm2792","ENSMUSG00000116812.1",0.0525432835,-0.952088696,0.740936504,0.464580187,1,"Geno_at_37"
"Gm37868","ENSMUSG00000102179.1",0.0525329247,-0.366869664,0.441801974,0.661849262,1,"Geno_at_37"
"Pabpn1","ENSMUSG00000022194.15",-0.0525326778,5.83653525,-0.666809218,0.512950377,1,"Geno_at_37"
"Pcnp","ENSMUSG00000071533.11",0.0525039871,6.57755629,1.59837041,0.120601272,1,"Geno_at_37"
"Alkbh3","ENSMUSG00000040174.14",-0.0524929923,4.41906471,-1.00669368,0.322255637,1,"Geno_at_37"
"Arhgef18","ENSMUSG00000004568.13",0.0524712315,5.38238213,0.941056386,0.354563588,1,"Geno_at_37"
"Hopxos","ENSMUSG00000087541.1",-0.0524630689,-0.683551154,-0.532087364,0.598644114,1,"Geno_at_37"
"Gm9214","ENSMUSG00000117241.1",-0.0524486778,1.33670516,-0.475278285,0.638083464,1,"Geno_at_37"
"Lpcat4","ENSMUSG00000027134.4",0.0524462732,4.77268358,1.21226867,0.23501444,1,"Geno_at_37"
"Epha7","ENSMUSG00000028289.12",-0.0524340052,-0.948603872,-0.752609823,0.45763904,1,"Geno_at_37"
"Gm17193","ENSMUSG00000079645.2",0.0524307802,1.22864042,0.335664655,0.739694819,1,"Geno_at_37"
"St3gal5","ENSMUSG00000056091.12",0.0524264374,1.94873355,0.625990361,0.536127515,1,"Geno_at_37"
"Zdhhc13","ENSMUSG00000030471.17",-0.0524253048,5.36256573,-1.08927627,0.284836948,1,"Geno_at_37"
"Fbxo45","ENSMUSG00000035764.5",0.0524239399,5.99960153,0.988350625,0.331724404,1,"Geno_at_37"
"Grk6","ENSMUSG00000074886.11",-0.0524227735,7.49227253,-1.58733673,0.123081781,1,"Geno_at_37"
"3110001I22Rik","ENSMUSG00000079737.4",-0.0524187105,3.09767353,-0.56166479,0.578580362,1,"Geno_at_37"
"Gm4961","ENSMUSG00000104667.1",-0.0524062794,-0.253498271,-0.44399634,0.660280043,1,"Geno_at_37"
"Gm19327","ENSMUSG00000113776.1",0.052403994,-0.0369898699,0.398968542,0.692785377,1,"Geno_at_37"
"Gm4900","ENSMUSG00000113651.1",0.0523946297,5.63011056,1.14510078,0.261358523,1,"Geno_at_37"
"Ttc4","ENSMUSG00000025413.13",0.0523908292,5.78731261,1.558264,0.129818719,1,"Geno_at_37"
"Gm18001","ENSMUSG00000110690.1",0.0523640414,-0.614383251,0.382740725,0.70474416,1,"Geno_at_37"
"Pwp2","ENSMUSG00000032834.11",0.052358804,5.80021908,1.47571842,0.150597781,1,"Geno_at_37"
"Gm26202","ENSMUSG00000064844.1",0.0523496766,0.71516736,0.411810322,0.683450745,1,"Geno_at_37"
"Socs7","ENSMUSG00000038485.6",0.0523435047,6.17044243,1.32175197,0.196393787,1,"Geno_at_37"
"Gm10052","ENSMUSG00000058922.7",0.0523377726,9.42210079,1.66070869,0.10734905,1,"Geno_at_37"
"Mef2b","ENSMUSG00000079033.10",-0.0523233079,-0.363834305,-0.394048907,0.696374572,1,"Geno_at_37"
"Gm49064","ENSMUSG00000114771.1",0.052314642,-0.521340933,0.424374625,0.67436678,1,"Geno_at_37"
"Acsf2","ENSMUSG00000076435.3",0.052299068,2.32432345,0.562736184,0.57785986,1,"Geno_at_37"
"Popdc2","ENSMUSG00000022803.12",0.0522961016,0.511549173,0.371251654,0.713098974,1,"Geno_at_37"
"Asic1","ENSMUSG00000023017.10",0.0522927806,1.64398631,0.513172101,0.611646891,1,"Geno_at_37"
"Ffar1","ENSMUSG00000044453.5",0.0522910388,-0.983269924,0.776719835,0.443498185,1,"Geno_at_37"
"Vegfc","ENSMUSG00000031520.6",0.0522907951,-0.447788479,0.445491979,0.659211391,1,"Geno_at_37"
"Prrt4","ENSMUSG00000079654.3",-0.0522870397,-0.737631882,-0.428428327,0.671446495,1,"Geno_at_37"
"Gm23753","ENSMUSG00000088200.1",0.052285203,-0.489029201,0.479294518,0.635257672,1,"Geno_at_37"
"Myo1d","ENSMUSG00000035441.14",0.0522830075,3.68028838,0.73168008,0.470127736,1,"Geno_at_37"
"Cpq","ENSMUSG00000039007.10",-0.0522771742,2.4376484,-0.605580207,0.549417433,1,"Geno_at_37"
"Ndufa1","ENSMUSG00000016427.7",-0.052265411,5.17680723,-1.07748547,0.289982288,1,"Geno_at_37"
"Bnip3","ENSMUSG00000078566.8",-0.0522639872,5.6567097,-0.354623733,0.72743157,1,"Geno_at_37"
"1110051M20Rik","ENSMUSG00000040591.18",-0.0522630877,2.5898814,-0.693936128,0.493142456,1,"Geno_at_37"
"1700010I14Rik","ENSMUSG00000023873.13",-0.0522605152,1.75722155,-0.601636189,0.552005117,1,"Geno_at_37"
"Nin","ENSMUSG00000021068.17",0.052259971,8.43496858,1.54337557,0.133383619,1,"Geno_at_37"
"Gm10463","ENSMUSG00000102759.1",-0.0522592609,-0.83525554,-0.550989659,0.585783432,1,"Geno_at_37"
"Tonsl","ENSMUSG00000059323.14",0.0522538432,5.76584561,1.10167374,0.27949725,1,"Geno_at_37"
"Gm15821","ENSMUSG00000081512.1",-0.0522426316,2.05696592,-0.475717073,0.637774466,1,"Geno_at_37"
"Thtpa","ENSMUSG00000045691.14",0.0522389334,2.40797116,0.553217298,0.584276718,1,"Geno_at_37"
"Tmod4","ENSMUSG00000005628.12",0.052233255,0.511312242,0.444217295,0.660122122,1,"Geno_at_37"
"Morn2","ENSMUSG00000045257.10",-0.0522277903,0.765805354,-0.473455104,0.63936807,1,"Geno_at_37"
"Mast3","ENSMUSG00000031833.10",-0.0522091801,6.793533,-1.24498689,0.222920824,1,"Geno_at_37"
"Ubl7","ENSMUSG00000055720.10",-0.052185753,7.38282876,-1.41270886,0.168189003,1,"Geno_at_37"
"Gm47897","ENSMUSG00000112514.1",-0.0521845667,-0.953329327,-0.753100874,0.4573484,1,"Geno_at_37"
"Ubtd1","ENSMUSG00000025171.2",-0.0521722049,3.62990176,-0.952954803,0.348344452,1,"Geno_at_37"
"Gm48375","ENSMUSG00000114094.1",-0.0521489657,-0.0879551007,-0.402047217,0.690542959,1,"Geno_at_37"
"Lnpk","ENSMUSG00000009207.15",0.052147317,5.47659962,0.990810549,0.329823322,1,"Geno_at_37"
"Srp54c","ENSMUSG00000079108.6",-0.0521298729,3.829564,-0.749817678,0.459293706,1,"Geno_at_37"
"Tshz2","ENSMUSG00000047907.11",0.0521104158,-0.740562396,0.505157101,0.617195987,1,"Geno_at_37"
"Ephx3","ENSMUSG00000037577.13",0.0521098964,-0.665339063,0.523626163,0.60444425,1,"Geno_at_37"
"Kif5b","ENSMUSG00000006740.14",0.0521039022,7.67198572,1.56451952,0.128344268,1,"Geno_at_37"
"Sbno1","ENSMUSG00000038095.15",0.0520997817,8.19629832,1.98241336,0.0568001719,1,"Geno_at_37"
"Gm13241","ENSMUSG00000073716.6",0.0520970693,1.33004534,0.474887578,0.638358659,1,"Geno_at_37"
"Slc10a3","ENSMUSG00000032806.13",-0.0520875553,4.08912186,-0.826804784,0.414975186,1,"Geno_at_37"
"Nt5dc1","ENSMUSG00000039480.14",-0.0520621867,5.04407963,-0.937872508,0.355913686,1,"Geno_at_37"
"Senp8","ENSMUSG00000051705.13",-0.0520493635,3.5057961,-0.59060421,0.559450021,1,"Geno_at_37"
"Cebpg","ENSMUSG00000056216.9",0.0520440151,6.25977347,1.07052795,0.293400208,1,"Geno_at_37"
"Btbd9","ENSMUSG00000062202.14",-0.052042403,4.95281447,-1.23736515,0.225695385,1,"Geno_at_37"
"Gm26931","ENSMUSG00000098062.1",0.0520409765,0.454901257,0.502090316,0.61932536,1,"Geno_at_37"
"Gm23582","ENSMUSG00000089155.1",0.0520334375,-0.225022992,0.433076212,0.668104571,1,"Geno_at_37"
"Hmbs","ENSMUSG00000032126.16",-0.0520217198,5.45783923,-1.32402622,0.195646612,1,"Geno_at_37"
"Anxa13","ENSMUSG00000055114.9",-0.052013913,-0.352608729,-0.473167127,0.639571082,1,"Geno_at_37"
"Zwint","ENSMUSG00000019923.14",0.0520126773,7.05655554,1.91509129,0.0652059162,1,"Geno_at_37"
"Zfp687","ENSMUSG00000019338.13",0.052008254,5.25128238,1.3403655,0.190342826,1,"Geno_at_37"
"Spata6","ENSMUSG00000034401.16",-0.0520038129,4.29440631,-1.02489607,0.313730453,1,"Geno_at_37"
"Gm31718","ENSMUSG00000110697.1",-0.0520023827,3.38169496,-0.571347921,0.572251696,1,"Geno_at_37"
"Spdya","ENSMUSG00000052525.14",-0.0520016088,0.541504308,-0.460749161,0.648352056,1,"Geno_at_37"
"Arhgef25","ENSMUSG00000019467.15",-0.0519994366,0.969983227,-0.430443739,0.669996529,1,"Geno_at_37"
"2610027K06Rik","ENSMUSG00000087013.7",-0.0519814301,-0.571591546,-0.468176641,0.643093663,1,"Geno_at_37"
"Gm9903","ENSMUSG00000097271.1",0.0519509409,-0.592026132,0.502488043,0.619049015,1,"Geno_at_37"
"Ttk","ENSMUSG00000038379.15",-0.0519423533,5.71241109,-1.25771906,0.218343271,1,"Geno_at_37"
"Mcub","ENSMUSG00000027994.14",0.0519369612,2.64890419,0.59953204,0.553388228,1,"Geno_at_37"
"Grpel1","ENSMUSG00000029198.3",-0.0519338775,6.0240878,-1.34806647,0.187881973,1,"Geno_at_37"
"Akap11","ENSMUSG00000022016.17",0.0518890717,6.78508761,1.23863535,0.225231198,1,"Geno_at_37"
"Retreg2","ENSMUSG00000049339.16",-0.0518674026,6.35987794,-1.45491181,0.156236218,1,"Geno_at_37"
"Klf12","ENSMUSG00000072294.5",-0.0518647152,-0.154247898,-0.435287549,0.666516994,1,"Geno_at_37"
"Zfp326","ENSMUSG00000029290.12",0.0518642617,6.02361478,1.49956649,0.144336981,1,"Geno_at_37"
"Polr2j","ENSMUSG00000039771.13",0.0518636446,5.2162834,1.13392299,0.265943537,1,"Geno_at_37"
"Hook1","ENSMUSG00000028572.13",0.051860846,6.60384709,1.54260817,0.133569504,1,"Geno_at_37"
"Tnrc18","ENSMUSG00000039477.16",-0.0518519547,5.47927672,-1.06731563,0.29447282,1,"Geno_at_37"
"Ablim3","ENSMUSG00000032735.15",-0.0518322739,-0.827639135,-0.582450592,0.564681952,1,"Geno_at_37"
"Vsir","ENSMUSG00000020101.14",-0.0518295535,6.89894564,-0.736986553,0.470303122,1,"Geno_at_37"
"Fam76a","ENSMUSG00000028878.11",-0.0518238584,5.33243555,-1.37141457,0.18057184,1,"Geno_at_37"
"Gm44567","ENSMUSG00000108447.1",-0.0518218125,0.860494834,-0.398035704,0.693465389,1,"Geno_at_37"
"Nudt19","ENSMUSG00000034875.5",-0.0518166259,4.2879959,-0.834687248,0.410592143,1,"Geno_at_37"
"Ripk1","ENSMUSG00000021408.15",0.0518165633,7.1430737,1.32618769,0.194938521,1,"Geno_at_37"
"Fxr1","ENSMUSG00000027680.15",0.0518160099,7.15488297,1.75076072,0.0903651235,1,"Geno_at_37"
"9930012K11Rik","ENSMUSG00000044551.13",-0.051815705,1.37929728,-0.44522605,0.659401347,1,"Geno_at_37"
"Cercam","ENSMUSG00000039787.13",0.0518015407,2.14348357,0.53133454,0.599159096,1,"Geno_at_37"
"Zfp800","ENSMUSG00000039841.14",0.0517998416,5.87747374,0.986034784,0.332613706,1,"Geno_at_37"
"Zfyve19","ENSMUSG00000068580.11",-0.0517918342,4.16981754,-0.941519082,0.354073682,1,"Geno_at_37"
"Pigbos1","ENSMUSG00000098332.2",0.0517864174,2.40564293,0.593932761,0.55707745,1,"Geno_at_37"
"4933417C20Rik","ENSMUSG00000103006.1",-0.0517856413,-0.411346951,-0.350668777,0.728467516,1,"Geno_at_37"
"Gm43421","ENSMUSG00000104706.1",0.0517839764,0.126869466,0.339454654,0.736668343,1,"Geno_at_37"
"Tm6sf1","ENSMUSG00000038623.9",-0.0517622798,0.608219841,-0.342892598,0.734106899,1,"Geno_at_37"
"Tmem171","ENSMUSG00000052485.7",0.0517610883,-0.98352088,0.755766063,0.455772849,1,"Geno_at_37"
"Ndufaf3","ENSMUSG00000070283.4",-0.0517361176,3.35824005,-0.842364369,0.406351186,1,"Geno_at_37"
"Eif4a2","ENSMUSG00000022884.16",0.0517360682,8.99010816,1.6312268,0.113457455,1,"Geno_at_37"
"Xlr3a","ENSMUSG00000057836.12",0.051728871,0.310907742,0.125854789,0.901385942,1,"Geno_at_37"
"AK157302","ENSMUSG00000078139.3",0.0517281496,2.81425293,0.702503003,0.487863639,1,"Geno_at_37"
"L3mbtl3","ENSMUSG00000039089.15",0.0517275446,5.62629553,1.0607217,0.297410461,1,"Geno_at_37"
"Rps24","ENSMUSG00000025290.17",-0.051725603,9.28070143,-1.68959927,0.101631291,1,"Geno_at_37"
"Ulbp1","ENSMUSG00000079685.10",0.0517218096,6.48930132,1.15293965,0.25817755,1,"Geno_at_37"
"4930404I05Rik","ENSMUSG00000087354.1",-0.0517119895,1.92372611,-0.530692594,0.599598397,1,"Geno_at_37"
"Gm16172","ENSMUSG00000086472.1",0.0517116217,0.323765352,0.437984793,0.664582697,1,"Geno_at_37"
"Chaf1a","ENSMUSG00000002835.9",0.0517089802,6.86655941,1.09613688,0.282556597,1,"Geno_at_37"
"Igf1r","ENSMUSG00000005533.10",0.0517088396,6.69749798,1.58579522,0.123431645,1,"Geno_at_37"
"Ctdsp2","ENSMUSG00000078429.9",-0.0517064441,7.34316165,-1.3582372,0.184669821,1,"Geno_at_37"
"Cdk16","ENSMUSG00000031065.14",-0.0517035088,6.45903288,-1.58902366,0.122699848,1,"Geno_at_37"
"Acox3","ENSMUSG00000029098.17",-0.0516986666,5.04385287,-1.10431866,0.278367375,1,"Geno_at_37"
"Stx7","ENSMUSG00000019998.6",-0.0516966622,5.02103573,-0.898350618,0.376261394,1,"Geno_at_37"
"Bloc1s3","ENSMUSG00000057667.7",0.0516965285,2.92619552,0.63106586,0.53284924,1,"Geno_at_37"
"Zcchc18","ENSMUSG00000031428.11",-0.0516931368,1.81562274,-0.500009166,0.62077229,1,"Geno_at_37"
"Eif1-ps1","ENSMUSG00000074553.4",0.051689296,0.736418432,0.42925375,0.670852498,1,"Geno_at_37"
"Gm6421","ENSMUSG00000114540.1",-0.0516787242,4.09347701,-0.770341625,0.447213359,1,"Geno_at_37"
"Gm13243","ENSMUSG00000094417.1",-0.051675235,0.0855144374,-0.468526615,0.642846354,1,"Geno_at_37"
"Rfesd","ENSMUSG00000043190.14",0.0516751548,2.78263251,0.640274476,0.526928711,1,"Geno_at_37"
"Hsf2","ENSMUSG00000019878.8",0.0516691657,5.35815284,0.555182127,0.585596732,1,"Geno_at_37"
"Ptges3","ENSMUSG00000071072.12",0.0516689136,6.75128248,1.42282286,0.165260631,1,"Geno_at_37"
"Dohh","ENSMUSG00000078440.10",-0.0516614388,3.63908949,-0.830052964,0.413165524,1,"Geno_at_37"
"I730030J21Rik","ENSMUSG00000116504.1",-0.0516608349,4.13789106,-0.687913395,0.49708276,1,"Geno_at_37"
"Smarce1-ps1","ENSMUSG00000094568.1",0.051659176,4.53866574,1.05290005,0.300921683,1,"Geno_at_37"
"Lpgat1","ENSMUSG00000026623.16",-0.0516235178,7.99678666,-1.30169229,0.203108469,1,"Geno_at_37"
"Pde2a","ENSMUSG00000110195.1",0.0516206901,0.133857175,0.391575223,0.698181996,1,"Geno_at_37"
"Msmo1","ENSMUSG00000031604.10",-0.0516185799,6.94014235,-0.612791404,0.548073277,1,"Geno_at_37"
"Zfp507","ENSMUSG00000044452.10",0.0516176041,6.12890698,1.52998261,0.136658108,1,"Geno_at_37"
"Gm807","ENSMUSG00000097848.2",-0.0516151655,-0.771222961,-0.555991168,0.582403204,1,"Geno_at_37"
"Acot12","ENSMUSG00000021620.4",0.0516147911,0.435066867,0.422307295,0.675858075,1,"Geno_at_37"
"Ccdc80","ENSMUSG00000022665.15",-0.0516033352,-0.434124372,-0.405595192,0.687962255,1,"Geno_at_37"
"Dusp10","ENSMUSG00000039384.8",-0.0515932563,2.96048881,-0.684574806,0.498947407,1,"Geno_at_37"
"Traj6","ENSMUSG00000076922.1",-0.0515860191,0.539093621,-0.393606118,0.696697967,1,"Geno_at_37"
"Cnih3","ENSMUSG00000026514.14",-0.0515827383,3.19365896,-0.748835951,0.459876328,1,"Geno_at_37"
"1700037H04Rik","ENSMUSG00000027327.16",0.0515738453,4.53762453,0.991351509,0.329563601,1,"Geno_at_37"
"Gm35013","ENSMUSG00000105892.1",0.0515681457,2.13301865,0.520258901,0.606759857,1,"Geno_at_37"
"Glb1","ENSMUSG00000045594.10",-0.0515594118,6.1970441,-1.5660368,0.127988709,1,"Geno_at_37"
"Rnf26","ENSMUSG00000053128.15",-0.0515577135,3.41205212,-0.675315577,0.504726416,1,"Geno_at_37"
"Pip5k1c","ENSMUSG00000034902.17",-0.0515503902,7.37168674,-1.4798669,0.149493304,1,"Geno_at_37"
"Srgap2","ENSMUSG00000026425.15",0.0515501036,6.40591831,1.68333637,0.102848674,1,"Geno_at_37"
"Maats1","ENSMUSG00000022805.17",-0.0515444547,-0.709475295,-0.468016341,0.643206953,1,"Geno_at_37"
"Gm11510","ENSMUSG00000084411.2",-0.0515315546,-0.574351278,-0.490033496,0.627729286,1,"Geno_at_37"
"Ppp1r12b","ENSMUSG00000073557.12",0.0515169375,3.9907744,0.82682055,0.41496639,1,"Geno_at_37"
"Lnpep","ENSMUSG00000023845.7",0.0514575837,7.98293545,1.5689546,0.127307215,1,"Geno_at_37"
"Cxcl2","ENSMUSG00000058427.10",0.0514554681,-0.311899323,0.341439857,0.735321329,1,"Geno_at_37"
"Nr4a1","ENSMUSG00000023034.7",-0.0514448598,7.90300685,-0.296775558,0.770407365,1,"Geno_at_37"
"Gm10382","ENSMUSG00000072612.3",0.0514435126,0.190134508,0.390859556,0.698705243,1,"Geno_at_37"
"Gm7278","ENSMUSG00000080950.1",-0.0514384149,0.336535219,-0.389469978,0.699721636,1,"Geno_at_37"
"Suz12","ENSMUSG00000017548.15",0.0514377499,8.55493172,1.62783263,0.114178833,1,"Geno_at_37"
"Fbxo8","ENSMUSG00000038206.13",-0.0514324866,4.8462812,-1.11336246,0.274528699,1,"Geno_at_37"
"1700110K17Rik","ENSMUSG00000087047.8",-0.0514215381,-0.751129004,-0.601674917,0.551979678,1,"Geno_at_37"
"Ptpre","ENSMUSG00000041836.10",0.051416075,2.82078153,0.722168915,0.475867831,1,"Geno_at_37"
"Mier3","ENSMUSG00000032727.14",0.051405941,6.70982074,1.18907931,0.243877202,1,"Geno_at_37"
"Vipas39","ENSMUSG00000021038.17",-0.0514046159,5.31160342,-1.04184153,0.305935353,1,"Geno_at_37"
"Adar","ENSMUSG00000027951.16",0.051399287,6.82759478,1.62950767,0.113822356,1,"Geno_at_37"
"Pim1","ENSMUSG00000024014.8",0.0513834126,8.51702972,0.52163556,0.608933644,1,"Geno_at_37"
"Rexo5","ENSMUSG00000030924.16",0.0513752405,4.92871234,0.921018633,0.364500081,1,"Geno_at_37"
"Dusp23","ENSMUSG00000026544.6",-0.0513741879,0.438963095,-0.424727166,0.674112604,1,"Geno_at_37"
"Mdk","ENSMUSG00000027239.14",-0.0513728549,2.10022337,-0.458808162,0.649729273,1,"Geno_at_37"
"Osgep","ENSMUSG00000006289.14",-0.0513710684,5.23574117,-1.24333439,0.2235202,1,"Geno_at_37"
"Kcnip4","ENSMUSG00000029088.16",-0.0513525485,0.600683761,-0.325271586,0.74730135,1,"Geno_at_37"
"Gm11560","ENSMUSG00000086688.4",0.0513406473,5.72790423,1.14728676,0.260468614,1,"Geno_at_37"
"Tctex1d1","ENSMUSG00000028523.14",-0.0513396901,-0.60864528,-0.497654418,0.622411302,1,"Geno_at_37"
"Gm19503","ENSMUSG00000100551.1",0.0513355465,-0.454165186,0.493924212,0.625011726,1,"Geno_at_37"
"Tnfrsf18","ENSMUSG00000041954.18",0.0513254509,6.3850018,0.894461284,0.380202828,1,"Geno_at_37"
"Numbl","ENSMUSG00000063160.12",-0.0513206086,1.79341408,-0.520131383,0.606847631,1,"Geno_at_37"
"Gm48478","ENSMUSG00000111424.1",0.0513181248,0.719013279,0.363530038,0.718797214,1,"Geno_at_37"
"Xpa","ENSMUSG00000028329.13",-0.0513162041,3.39077554,-0.839242381,0.408072493,1,"Geno_at_37"
"Gm20186","ENSMUSG00000106874.1",0.0513155682,3.26752591,0.754515556,0.456511698,1,"Geno_at_37"
"Txndc17","ENSMUSG00000020803.3",-0.0513048206,5.73120466,-1.20802074,0.236619781,1,"Geno_at_37"
"C630043F03Rik","ENSMUSG00000084910.1",0.0513030251,0.294012967,0.369429625,0.714442056,1,"Geno_at_37"
"Snx24","ENSMUSG00000024535.16",0.0512908374,-0.294136195,0.411551069,0.683638699,1,"Geno_at_37"
"Nhs","ENSMUSG00000059493.13",0.0512663916,4.96558079,0.761490159,0.453258363,1,"Geno_at_37"
"Gm49424","ENSMUSG00000116188.2",-0.0512632425,0.0144686993,-0.393154944,0.697027547,1,"Geno_at_37"
"Hspe1","ENSMUSG00000073676.4",0.0512628926,6.99727905,1.54579938,0.132797888,1,"Geno_at_37"
"Gm12543","ENSMUSG00000080772.1",0.0512590707,0.934030038,0.469136934,0.642415172,1,"Geno_at_37"
"Pnkp","ENSMUSG00000002963.17",-0.0512269409,5.01069787,-1.26506688,0.215734045,1,"Geno_at_37"
"Gm10516","ENSMUSG00000097316.2",-0.0512159023,0.294748808,-0.401985419,0.690587943,1,"Geno_at_37"
"Zfp738","ENSMUSG00000048280.18",0.0512133058,4.81878258,0.918803409,0.365638695,1,"Geno_at_37"
"Mboat4","ENSMUSG00000071113.4",-0.0512079554,0.00951758512,-0.324348084,0.748048036,1,"Geno_at_37"
"Stk25","ENSMUSG00000026277.14",-0.0512072197,6.44786587,-1.39659687,0.17293841,1,"Geno_at_37"
"Mphosph8","ENSMUSG00000079184.10",-0.0512070946,6.18934331,-1.4338983,0.162100321,1,"Geno_at_37"
"Smc6","ENSMUSG00000020608.7",0.0511834111,8.11754426,1.75970882,0.0888088252,1,"Geno_at_37"
"Psmb3","ENSMUSG00000069744.7",-0.0511807976,6.61438675,-1.5420772,0.13369824,1,"Geno_at_37"
"Eif2b5","ENSMUSG00000003235.13",-0.0511753061,6.59031999,-1.78522571,0.0844949917,1,"Geno_at_37"
"Gm10327","ENSMUSG00000071343.2",0.0511735335,-0.0538994951,0.454666602,0.652672085,1,"Geno_at_37"
"Zfp628","ENSMUSG00000074406.5",-0.0511531639,4.64086494,-1.00356741,0.323735694,1,"Geno_at_37"
"Zfp691","ENSMUSG00000045268.13",0.0511476941,2.44445344,0.395566975,0.695747282,1,"Geno_at_37"
"Med19","ENSMUSG00000027080.6",0.0511429596,4.90316714,1.07972925,0.288998098,1,"Geno_at_37"
"Dnajc16","ENSMUSG00000040697.10",-0.0511365994,4.93990135,-1.22110548,0.231700909,1,"Geno_at_37"
"Fgf6","ENSMUSG00000000183.6",-0.0511334104,-0.97642429,-0.726151788,0.473459217,1,"Geno_at_37"
"Zfp639","ENSMUSG00000027667.13",-0.0511318242,5.38367025,-1.41523569,0.167453584,1,"Geno_at_37"
"Vim","ENSMUSG00000026728.9",-0.0511296951,10.975239,-1.11289451,0.278600842,1,"Geno_at_37"
"Sde2","ENSMUSG00000038806.7",0.0511188573,6.29703321,1.68584202,0.10236017,1,"Geno_at_37"
"Dhrs1","ENSMUSG00000002332.16",-0.0511094949,4.30566622,-1.05337215,0.300708935,1,"Geno_at_37"
"9930024M15Rik","ENSMUSG00000111131.1",0.0510921898,-0.0116214836,0.379963922,0.706689842,1,"Geno_at_37"
"Unc80","ENSMUSG00000055567.18",0.0510853049,-0.927880358,0.661050859,0.513701662,1,"Geno_at_37"
"Npm2","ENSMUSG00000047911.6",0.0510807431,-0.063402177,0.416714955,0.679898876,1,"Geno_at_37"
"Scamp1","ENSMUSG00000021687.14",-0.0510793711,4.12748401,-0.916942503,0.366596993,1,"Geno_at_37"
"Nrip1","ENSMUSG00000048490.14",0.0510791224,7.12287574,0.784317551,0.442329835,1,"Geno_at_37"
"Rpl34","ENSMUSG00000062006.12",-0.0510633395,7.88591008,-1.57243509,0.126498182,1,"Geno_at_37"
"Gm29322","ENSMUSG00000099543.1",0.0510493158,-0.762896683,0.50367837,0.618222299,1,"Geno_at_37"
"Tbc1d22a","ENSMUSG00000051864.10",-0.0510471934,5.13468666,-1.38186661,0.177372176,1,"Geno_at_37"
"Pfn2","ENSMUSG00000027805.16",-0.0510415982,6.63919502,-0.928198272,0.36266372,1,"Geno_at_37"
"Cog3","ENSMUSG00000034893.9",0.0510406118,6.2671031,1.21919058,0.232415964,1,"Geno_at_37"
"Tango6","ENSMUSG00000041949.6",-0.0510381041,4.17448594,-0.856655347,0.398530184,1,"Geno_at_37"
"Col18a1","ENSMUSG00000001435.15",0.0510352053,1.1873771,0.395630257,0.695220088,1,"Geno_at_37"
"Cwc27","ENSMUSG00000021715.12",-0.0510307663,4.77851101,-1.15754714,0.256321073,1,"Geno_at_37"
"Gm5846","ENSMUSG00000104309.1",0.0510274738,4.59382687,0.915926146,0.367121074,1,"Geno_at_37"
"Gm11743","ENSMUSG00000084306.1",-0.051024333,-0.726754897,-0.494355544,0.624710782,1,"Geno_at_37"
"Phlda1","ENSMUSG00000020205.8",-0.051024014,3.98960656,-0.257509621,0.800008551,1,"Geno_at_37"
"Zfp944","ENSMUSG00000033972.9",-0.0510174674,5.66800071,-1.26708242,0.215022465,1,"Geno_at_37"
"Gm29257","ENSMUSG00000100228.1",0.0510161054,0.171441046,0.436134713,0.665909209,1,"Geno_at_37"
"Pdss2","ENSMUSG00000038240.13",0.0510117691,2.94239228,0.719706596,0.477360427,1,"Geno_at_37"
"Gm15547","ENSMUSG00000082265.1",0.0510077201,0.0378244803,0.284014623,0.778730676,1,"Geno_at_37"
"Tmem178","ENSMUSG00000024245.4",0.0510019113,-0.454848148,0.372312952,0.712317085,1,"Geno_at_37"
"Zfp442","ENSMUSG00000068130.11",0.05099819,0.751224463,0.482632578,0.632913279,1,"Geno_at_37"
"Gm45133","ENSMUSG00000109274.1",0.0509948292,2.92722639,0.443188639,0.661409593,1,"Geno_at_37"
"Gm7204","ENSMUSG00000048164.9",0.0509643302,1.09301692,0.445162188,0.659446968,1,"Geno_at_37"
"Gm22847","ENSMUSG00000088332.1",0.0509627474,-0.731738551,0.515934575,0.609739718,1,"Geno_at_37"
"Gm8856","ENSMUSG00000101049.1",-0.0509590796,0.746176258,-0.50413078,0.617908222,1,"Geno_at_37"
"Nox1","ENSMUSG00000031257.14",-0.0509559042,-0.141020111,-0.477028227,0.636851534,1,"Geno_at_37"
"Gm14154","ENSMUSG00000087004.1",-0.0509556804,-0.322900108,-0.392595501,0.6974363,1,"Geno_at_37"
"Eldr","ENSMUSG00000087060.7",0.0509519635,2.71357402,0.54468583,0.590057414,1,"Geno_at_37"
"Srp9","ENSMUSG00000026511.7",-0.0509484311,6.19583957,-1.66569018,0.106344455,1,"Geno_at_37"
"Sirt1","ENSMUSG00000020063.16",0.0509381722,5.97898891,1.15080837,0.259039608,1,"Geno_at_37"
"Ddn","ENSMUSG00000059213.7",0.050924028,-0.444546134,0.478771957,0.635625027,1,"Geno_at_37"
"Jrk","ENSMUSG00000046380.3",0.0509222429,2.85694038,0.746159497,0.461466921,1,"Geno_at_37"
"Glo1","ENSMUSG00000024026.13",0.0509196361,5.37573178,1.26386207,0.216160248,1,"Geno_at_37"
"Myh7","ENSMUSG00000053093.16",-0.0508889022,-0.825158683,-0.587383126,0.561408766,1,"Geno_at_37"
"mt-Co3","ENSMUSG00000064358.1",-0.0508775404,2.05530594,-0.559701546,0.579901777,1,"Geno_at_37"
"Mtss2","ENSMUSG00000033763.14",-0.0508769574,0.0749466629,-0.406098702,0.687596324,1,"Geno_at_37"
"Gm42883","ENSMUSG00000107085.1",-0.0508617378,-0.479714896,-0.400558098,0.691627235,1,"Geno_at_37"
"Mcm3","ENSMUSG00000041859.10",0.0508592022,8.70129885,1.32265186,0.196321381,1,"Geno_at_37"
"Anxa6","ENSMUSG00000018340.13",0.0508580381,7.2485475,1.06220178,0.297933898,1,"Geno_at_37"
"Gm13602","ENSMUSG00000082218.1",0.0508562618,0.0219644703,0.418355057,0.678712795,1,"Geno_at_37"
"Gm12411","ENSMUSG00000081559.3",-0.0508363178,1.96431445,-0.53887054,0.594013513,1,"Geno_at_37"
"Cep85","ENSMUSG00000037443.13",-0.0508140633,5.90315208,-0.681232493,0.503728864,1,"Geno_at_37"
"Trim29","ENSMUSG00000032013.6",0.0508072158,-0.3841462,0.504421545,0.617706402,1,"Geno_at_37"
"Txn2","ENSMUSG00000005354.16",-0.050805675,6.72841335,-1.34189497,0.189852107,1,"Geno_at_37"
"Gm48878","ENSMUSG00000112794.1",0.0507999677,-0.405666246,0.436545957,0.665614251,1,"Geno_at_37"
"Drap1","ENSMUSG00000024914.16",-0.0507966896,6.15085405,-1.01291573,0.319772735,1,"Geno_at_37"
"D930020B18Rik","ENSMUSG00000047642.15",0.0507944678,-0.786907044,0.478565336,0.635770306,1,"Geno_at_37"
"Sms-ps","ENSMUSG00000081752.3",0.0507892037,5.94739194,1.10978958,0.276040659,1,"Geno_at_37"
"Hspd1","ENSMUSG00000025980.14",0.0507827604,8.93994965,1.68540449,0.10244533,1,"Geno_at_37"
"Amph","ENSMUSG00000021314.13",-0.0507745734,-0.62311481,-0.441803631,0.661848076,1,"Geno_at_37"
"Ankrd49","ENSMUSG00000031931.4",0.0507734758,5.37247332,0.998227108,0.326274683,1,"Geno_at_37"
"Zfp866","ENSMUSG00000043090.18",0.0507727583,5.11891791,1.02438192,0.313969096,1,"Geno_at_37"
"Gm3571","ENSMUSG00000090610.3",0.0507699184,5.6198137,0.861619923,0.396824094,1,"Geno_at_37"
"Ivd","ENSMUSG00000027332.11",-0.0507660497,4.78993521,-0.954818605,0.3474166,1,"Geno_at_37"
"Agps","ENSMUSG00000042410.16",0.0507653693,7.00690375,1.49312161,0.146007916,1,"Geno_at_37"
"Rab6b","ENSMUSG00000032549.7",-0.0507633145,3.83254686,-0.324740312,0.749349377,1,"Geno_at_37"
"Gm6829","ENSMUSG00000083670.1",-0.0507464134,3.00004638,-0.758263858,0.454299173,1,"Geno_at_37"
"2310022A10Rik","ENSMUSG00000049643.15",-0.0507404844,5.49633818,-1.11675854,0.27309708,1,"Geno_at_37"
"Ell2","ENSMUSG00000001542.7",-0.0507310937,6.49683305,-0.972781612,0.339739649,1,"Geno_at_37"
"Gm8292","ENSMUSG00000100215.1",0.0507254228,-0.0394214258,0.443392484,0.660711712,1,"Geno_at_37"
"4833418N02Rik","ENSMUSG00000085287.8",0.0507175931,1.24560284,0.451609649,0.654847876,1,"Geno_at_37"
"Matn2","ENSMUSG00000022324.15",-0.0507169531,0.631610552,-0.405096689,0.688324623,1,"Geno_at_37"
"Pnp","ENSMUSG00000115338.2",-0.0507036812,5.25269731,-0.944559876,0.352544184,1,"Geno_at_37"
"Calhm1","ENSMUSG00000079258.2",-0.0506973404,-0.59328668,-0.496262472,0.623381088,1,"Geno_at_37"
"Gm18736","ENSMUSG00000117300.1",0.0506948243,2.09525619,0.506697475,0.616127727,1,"Geno_at_37"
"Ccny","ENSMUSG00000024286.8",-0.0506917448,6.80053483,-1.67874165,0.103749528,1,"Geno_at_37"
"Otoa","ENSMUSG00000034990.15",0.0506706283,-0.671942272,0.49808835,0.622109118,1,"Geno_at_37"
"Armc5","ENSMUSG00000042178.6",-0.0506703505,5.27626768,-1.12845088,0.268209253,1,"Geno_at_37"
"Gm37266","ENSMUSG00000102600.1",0.0506515309,-0.352008454,0.469663227,0.642043455,1,"Geno_at_37"
"Gm18852","ENSMUSG00000099241.2",-0.0506423173,-0.522701322,-0.399783464,0.692191534,1,"Geno_at_37"
"Gm35584","ENSMUSG00000102936.1",-0.0506387447,0.321744853,-0.390803787,0.698746023,1,"Geno_at_37"
"Pdk1","ENSMUSG00000006494.11",-0.0506292722,6.77155286,-0.687773491,0.500242885,1,"Geno_at_37"
"Zfp933","ENSMUSG00000059423.13",0.050628359,4.839682,0.962458545,0.34363052,1,"Geno_at_37"
"2810405F17Rik","ENSMUSG00000101493.1",-0.0506235037,1.18561389,-0.378810326,0.707537236,1,"Geno_at_37"
"Gm12693","ENSMUSG00000083179.3",-0.0506151694,4.79790106,-1.0774196,0.290011215,1,"Geno_at_37"
"Stard4","ENSMUSG00000024378.9",0.0506141893,7.76598935,0.914140588,0.370914822,1,"Geno_at_37"
"Ubash3b","ENSMUSG00000032020.15",0.050612142,7.87117221,1.49128759,0.146486248,1,"Geno_at_37"
"Plpp2","ENSMUSG00000052151.12",0.0505971833,2.89087033,0.526172004,0.602696293,1,"Geno_at_37"
"Fbxo48","ENSMUSG00000044966.4",0.0505747456,3.0838882,0.688706381,0.496380721,1,"Geno_at_37"
"Zfp871","ENSMUSG00000024298.15",0.050564201,7.48688749,1.58512389,0.123584266,1,"Geno_at_37"
"Gm20274","ENSMUSG00000108551.1",-0.0505599496,0.949317959,-0.438209844,0.66442141,1,"Geno_at_37"
"Gm47435","ENSMUSG00000113212.1",0.050553396,-0.30578865,0.449655293,0.656240511,1,"Geno_at_37"
"Arntl","ENSMUSG00000055116.8",0.0505531095,5.25905025,1.06685842,0.294675851,1,"Geno_at_37"
"Gfpt2","ENSMUSG00000020363.6",-0.0505525786,3.75991116,-0.412990901,0.684162858,1,"Geno_at_37"
"Gm42820","ENSMUSG00000106427.1",0.0505473258,0.32886917,0.409499623,0.685126685,1,"Geno_at_37"
"Klhl6","ENSMUSG00000043008.9",-0.0505412948,6.90294026,-1.29927188,0.20389793,1,"Geno_at_37"
"Scly","ENSMUSG00000026307.12",0.0505377698,5.64627796,1.36820417,0.181563631,1,"Geno_at_37"
"Arpc3","ENSMUSG00000029465.14",-0.0505279399,7.74032736,-1.76030057,0.0887067094,1,"Geno_at_37"
"Gm12537","ENSMUSG00000095042.1",-0.0505152145,0.495645187,-0.3887997,0.700212108,1,"Geno_at_37"
"Slc16a4","ENSMUSG00000027896.15",-0.0505056204,3.00316282,-0.594509322,0.556696987,1,"Geno_at_37"
"Nudt16l1","ENSMUSG00000022516.10",-0.0505006545,4.45036581,-1.14389589,0.261849977,1,"Geno_at_37"
"Tmem88b","ENSMUSG00000073680.2",0.0504961115,-0.825256975,0.599346049,0.55351057,1,"Geno_at_37"
"5830444F18Rik","ENSMUSG00000102744.1",-0.0504809387,-0.500275618,-0.427789725,0.6719062,1,"Geno_at_37"
"Gm43513","ENSMUSG00000105607.1",-0.050480309,0.899636108,-0.40832569,0.685978759,1,"Geno_at_37"
"Zfas1","ENSMUSG00000074578.14",-0.0504624172,7.10367468,-1.19918752,0.239984027,1,"Geno_at_37"
"Eef1e1","ENSMUSG00000001707.8",0.0504622393,6.10597006,0.85849376,0.399221207,1,"Geno_at_37"
"Sfxn2","ENSMUSG00000025036.7",0.0504498104,4.29583173,1.07448949,0.291300114,1,"Geno_at_37"
"Adh1","ENSMUSG00000074207.10",0.0504231407,-0.283078931,0.37241605,0.712241147,1,"Geno_at_37"
"Mis18bp1","ENSMUSG00000047534.17",-0.050420342,6.11293446,-1.37168832,0.180487468,1,"Geno_at_37"
"Mbd1","ENSMUSG00000024561.11",0.0504132939,6.93188696,1.51646404,0.140029136,1,"Geno_at_37"
"Gm17210","ENSMUSG00000090459.1",0.0504085697,0.573786082,0.339596681,0.736562464,1,"Geno_at_37"
"Lmf1","ENSMUSG00000002279.19",-0.0504067026,3.96588087,-0.88806862,0.381676541,1,"Geno_at_37"
"Rps12-ps3","ENSMUSG00000067038.6",-0.0503915222,7.4640652,-1.31484646,0.198675972,1,"Geno_at_37"
"Gm50217","ENSMUSG00000118000.1",0.0503771265,0.270938119,0.361259882,0.720475647,1,"Geno_at_37"
"Drg2","ENSMUSG00000020537.9",-0.0503757295,5.8962689,-1.48777102,0.147406931,1,"Geno_at_37"
"Gm12891","ENSMUSG00000080929.1",0.0503564662,1.14849922,0.413993187,0.681869028,1,"Geno_at_37"
"Ubc","ENSMUSG00000008348.9",-0.0503532939,6.91224985,-1.11468139,0.274334325,1,"Geno_at_37"
"Tuba1a","ENSMUSG00000072235.6",-0.0503525649,6.70329434,-1.130705,0.267335006,1,"Geno_at_37"
"Gm12906","ENSMUSG00000084874.4",-0.0503503881,0.581501979,-0.444452091,0.659954326,1,"Geno_at_37"
"Cep44","ENSMUSG00000038215.15",-0.0503351264,5.05789898,-1.25950512,0.217706854,1,"Geno_at_37"
"Rps12","ENSMUSG00000061983.7",-0.0503346012,5.81547783,-1.28230486,0.209705567,1,"Geno_at_37"
"Il11ra1","ENSMUSG00000073889.10",0.0503334741,1.97137301,0.507367568,0.615663279,1,"Geno_at_37"
"Atp6v0e","ENSMUSG00000015575.15",-0.050333445,6.13213698,-1.38866431,0.175315148,1,"Geno_at_37"
"Palb2","ENSMUSG00000044702.13",0.0503280767,4.75410618,1.02132164,0.315392135,1,"Geno_at_37"
"Gzma","ENSMUSG00000023132.8",-0.0503262187,0.371848526,-0.24465991,0.808960746,1,"Geno_at_37"
"Pot1a","ENSMUSG00000029676.15",0.0503243675,4.96063096,1.08495435,0.286715385,1,"Geno_at_37"
"Mthfs","ENSMUSG00000066442.17",0.0503037412,1.78637103,0.47321695,0.639535957,1,"Geno_at_37"
"Rab1b","ENSMUSG00000024870.6",-0.0503012677,6.9188137,-1.52282174,0.138435473,1,"Geno_at_37"
"Pigu","ENSMUSG00000038383.16",-0.0502995159,5.56842769,-1.18199144,0.246634785,1,"Geno_at_37"
"Sh3kbp1","ENSMUSG00000040990.17",-0.0502923522,7.19222618,-1.60763971,0.118549342,1,"Geno_at_37"
"Cox6a1","ENSMUSG00000041697.8",-0.0502894845,6.64535478,-1.44084736,0.160142056,1,"Geno_at_37"
"Phf19","ENSMUSG00000026873.9",0.0502837752,4.96006895,0.830568053,0.413042305,1,"Geno_at_37"
"Gm15510","ENSMUSG00000086604.2",-0.0502809448,-0.0623153852,-0.386393353,0.701974016,1,"Geno_at_37"
"2310026L22Rik","ENSMUSG00000078519.3",0.0502784868,0.149950423,0.394571907,0.695992667,1,"Geno_at_37"
"Ccnd1","ENSMUSG00000070348.5",-0.0502718737,0.242788133,-0.321207829,0.750318801,1,"Geno_at_37"
"Aph1a","ENSMUSG00000015750.15",0.0502670422,5.18059823,0.988044972,0.331153285,1,"Geno_at_37"
"Cars2","ENSMUSG00000056228.10",-0.0502599572,4.74735417,-0.977920553,0.33605318,1,"Geno_at_37"
"Otud6b","ENSMUSG00000040550.17",0.0502358056,5.96294393,1.45111164,0.157283998,1,"Geno_at_37"
"Utf1","ENSMUSG00000047751.9",0.0502354891,0.491753621,0.376390403,0.70931607,1,"Geno_at_37"
"P2ry10b","ENSMUSG00000054293.10",0.0502290701,3.4992437,0.751309067,0.458409449,1,"Geno_at_37"
"Lpin2","ENSMUSG00000024052.17",-0.0502276518,5.13141128,-0.911351301,0.369486152,1,"Geno_at_37"
"Abcc3","ENSMUSG00000020865.16",-0.0502254892,1.04142641,-0.347718399,0.73051668,1,"Geno_at_37"
"Gins2","ENSMUSG00000031821.11",0.0502192889,5.27966945,1.28807153,0.207717724,1,"Geno_at_37"
"Gm47260","ENSMUSG00000113328.1",0.0502183274,3.27376544,0.750475228,0.458903715,1,"Geno_at_37"
"Nktr","ENSMUSG00000032525.15",0.0502140396,7.75327015,1.66413978,0.106656274,1,"Geno_at_37"
"2810039B14Rik","ENSMUSG00000099034.7",-0.0502113276,1.46950267,-0.560161824,0.579591841,1,"Geno_at_37"
"D1Ertd622e","ENSMUSG00000044768.16",0.0502105684,5.27104333,0.93320468,0.358278234,1,"Geno_at_37"
"Gm47350","ENSMUSG00000111471.1",0.0502045928,-0.481655642,0.488047336,0.629118616,1,"Geno_at_37"
"Mgst2","ENSMUSG00000074604.9",-0.0501791682,5.49693679,-0.827489847,0.415585985,1,"Geno_at_37"
"Ugdh","ENSMUSG00000029201.14",-0.0501784751,6.25770024,-1.40576249,0.170223846,1,"Geno_at_37"
"Il2ra","ENSMUSG00000026770.5",-0.0501726219,11.5994017,-1.47616038,0.151427746,1,"Geno_at_37"
"Gorasp1","ENSMUSG00000032513.8",0.0501689137,3.85284331,0.822174243,0.417563505,1,"Geno_at_37"
"2610044O15Rik8","ENSMUSG00000071302.10",-0.0501679263,4.39557133,-0.967039158,0.341373864,1,"Geno_at_37"
"1700016P03Rik","ENSMUSG00000085609.1",0.0501608542,0.270022661,0.336024804,0.739226826,1,"Geno_at_37"
"5430437J10Rik","ENSMUSG00000110018.2",0.0501606256,-0.593327949,0.445700975,0.65906212,1,"Geno_at_37"
"Pacc1","ENSMUSG00000026627.7",-0.0501502075,4.31683009,-1.13452865,0.265693621,1,"Geno_at_37"
"Urm1","ENSMUSG00000069020.9",0.0501494878,5.265061,1.42068596,0.165875957,1,"Geno_at_37"
"Rasl11a","ENSMUSG00000029641.8",0.0501490964,-0.490806059,0.422730948,0.675552359,1,"Geno_at_37"
"Gm26891","ENSMUSG00000097455.1",-0.0501418657,-0.636771201,-0.401902538,0.690648275,1,"Geno_at_37"
"Ckap2l","ENSMUSG00000048327.6",-0.0501397105,6.65151232,-1.20708552,0.236974304,1,"Geno_at_37"
"Atg5","ENSMUSG00000038160.7",-0.0501317166,5.46945532,-1.43371852,0.162151236,1,"Geno_at_37"
"4933421O10Rik","ENSMUSG00000085037.1",0.050130072,1.83819558,0.520985659,0.606259726,1,"Geno_at_37"
"Traj37","ENSMUSG00000076893.1",-0.0501243738,-0.264993808,-0.315665214,0.754695558,1,"Geno_at_37"
"Sptlc1","ENSMUSG00000021468.8",-0.0501196866,6.39341753,-1.254747,0.219405402,1,"Geno_at_37"
"Apaf1","ENSMUSG00000019979.12",0.0501180801,5.84463569,1.26510373,0.215721019,1,"Geno_at_37"
"Gm5111","ENSMUSG00000052730.7",-0.0501159248,-0.135114491,-0.459306165,0.6493758,1,"Geno_at_37"
"Malt1","ENSMUSG00000032688.9",0.050114933,8.35560221,1.58650391,0.123270698,1,"Geno_at_37"
"D130062J10Rik","ENSMUSG00000114598.1",0.0501129219,0.768797085,0.374356717,0.710812279,1,"Geno_at_37"
"Gm45874","ENSMUSG00000110683.1",-0.0501093209,-0.643760265,-0.47954865,0.635079054,1,"Geno_at_37"
"Uap1","ENSMUSG00000026670.15",0.0501029287,6.84099267,0.518455173,0.610988007,1,"Geno_at_37"
"Psmd9","ENSMUSG00000029440.15",-0.0500913672,5.10557937,-1.20161047,0.239057704,1,"Geno_at_37"
"Rpl17-ps3","ENSMUSG00000113948.1",-0.050087392,7.15582663,-1.09413161,0.283411624,1,"Geno_at_37"
"Pid1","ENSMUSG00000045658.16",-0.0500773339,1.59642418,-0.32258291,0.74965462,1,"Geno_at_37"
"Crebrf","ENSMUSG00000048249.14",-0.0500593844,5.85602926,-1.02123379,0.315433048,1,"Geno_at_37"
"Wnt10b","ENSMUSG00000022996.15",0.0500498502,5.12751629,0.929344256,0.360241614,1,"Geno_at_37"
"Fam167a","ENSMUSG00000035095.11",-0.0500471779,0.650924167,-0.327775248,0.745392939,1,"Geno_at_37"
"Tmlhe","ENSMUSG00000079834.2",-0.0500381893,3.23596388,-0.54495623,0.589914468,1,"Geno_at_37"
"Gm14010","ENSMUSG00000079053.3",0.0500372743,-0.721410576,0.486310606,0.630334602,1,"Geno_at_37"
"Dusp8","ENSMUSG00000037887.11",0.0500261753,0.294854655,0.235504191,0.816043443,1,"Geno_at_37"
"Imp3","ENSMUSG00000032288.9",-0.0500238177,5.60315499,-1.17025962,0.251249481,1,"Geno_at_37"
"Otos","ENSMUSG00000044055.5",0.0500180571,-0.629848577,0.510948353,0.61318415,1,"Geno_at_37"
"Gm45627","ENSMUSG00000109846.1",-0.0500110556,0.493554734,-0.417450766,0.679366652,1,"Geno_at_37"
"Gm13456","ENSMUSG00000082536.1",-0.0500074927,10.0257983,-1.97051935,0.0582125323,1,"Geno_at_37"
"Rptoros","ENSMUSG00000085081.1",0.0500058744,-0.204215825,0.440327117,0.662904829,1,"Geno_at_37"
"Hsd17b4","ENSMUSG00000024507.6",0.0499984827,5.80156553,1.4181004,0.166622898,1,"Geno_at_37"
"Pycard","ENSMUSG00000030793.4",-0.0499977665,4.70980691,-0.90305843,0.373798681,1,"Geno_at_37"
"Trav6-2","ENSMUSG00000076764.3",-0.0499920584,-0.00604798575,-0.438725866,0.664051656,1,"Geno_at_37"
"Cdc6","ENSMUSG00000017499.15",0.0499903185,6.67268003,0.981855277,0.335303285,1,"Geno_at_37"
"Gm17228","ENSMUSG00000091426.1",0.0499887842,-0.6240443,0.382062129,0.705149547,1,"Geno_at_37"
"6030468B19Rik","ENSMUSG00000025573.4",-0.0499850513,3.23251,-0.731920907,0.469982917,1,"Geno_at_37"
"Gzmd","ENSMUSG00000059256.6",-0.0499818639,-0.956596791,-0.687097585,0.497379283,1,"Geno_at_37"
"Sema3a","ENSMUSG00000028883.17",-0.0499818639,-0.933432305,-0.582677408,0.564531228,1,"Geno_at_37"
"Ckap2","ENSMUSG00000037725.8",-0.0499691159,5.78501742,-1.33702128,0.191419217,1,"Geno_at_37"
"Acoxl","ENSMUSG00000027380.10",-0.0499231789,-0.685514328,-0.490366913,0.627496194,1,"Geno_at_37"
"Ctso","ENSMUSG00000028015.3",-0.0499166269,4.32122717,-0.729480287,0.47145175,1,"Geno_at_37"
"Gm28901","ENSMUSG00000100454.1",0.0499159321,2.93697363,0.61887602,0.540740588,1,"Geno_at_37"
"Dusp28","ENSMUSG00000047067.7",0.0499099747,2.09357629,0.582236463,0.564824265,1,"Geno_at_37"
"Tmem139","ENSMUSG00000071506.4",0.0499072499,-0.0228480198,0.45768475,0.650526956,1,"Geno_at_37"
"Golga5","ENSMUSG00000021192.16",-0.0499039024,5.89550965,-1.39925931,0.172146395,1,"Geno_at_37"
"Kbtbd4","ENSMUSG00000005505.12",-0.0499017054,3.71731295,-0.686539466,0.497725965,1,"Geno_at_37"
"Rps15","ENSMUSG00000063457.14",-0.0498972246,9.73723103,-1.67346273,0.104792659,1,"Geno_at_37"
"Wnk3","ENSMUSG00000041245.13",0.0498906826,-0.167408145,0.427016908,0.672462692,1,"Geno_at_37"
"Gm5904","ENSMUSG00000109894.1",-0.0498855599,2.19031047,-0.534939721,0.596694827,1,"Geno_at_37"
"4930445E18Rik","ENSMUSG00000115355.1",0.0498762954,-0.86648885,0.580086339,0.566254265,1,"Geno_at_37"
"Braf","ENSMUSG00000002413.15",0.0498716243,6.49162175,1.35954407,0.184260196,1,"Geno_at_37"
"Aplf","ENSMUSG00000030051.10",0.0498600996,3.17866948,0.65189011,0.519511279,1,"Geno_at_37"
"Gm45442","ENSMUSG00000110208.1",-0.0498466195,-0.203749955,-0.402395345,0.690289572,1,"Geno_at_37"
"Slc24a5","ENSMUSG00000035183.14",0.0498207353,1.73952599,0.46291993,0.646813305,1,"Geno_at_37"
"Usp22","ENSMUSG00000042506.15",-0.0498163057,7.11450913,-1.44481382,0.15903275,1,"Geno_at_37"
"Zfp865","ENSMUSG00000074405.8",-0.0498146081,5.62695353,-1.19191553,0.242780154,1,"Geno_at_37"
"Hoxb9","ENSMUSG00000020875.9",-0.0498101766,1.17609226,-0.407291536,0.686729726,1,"Geno_at_37"
"Lrrfip2","ENSMUSG00000032497.19",-0.0498089164,5.90832757,-1.24402006,0.223271355,1,"Geno_at_37"
"Snora78","ENSMUSG00000089255.1",0.0498054943,-0.00707082254,0.382114721,0.705110956,1,"Geno_at_37"
"Carmil1","ENSMUSG00000021338.17",0.0497850492,2.8910436,0.533911246,0.597397331,1,"Geno_at_37"
"Gemin5","ENSMUSG00000037275.14",0.0497822421,6.42428345,1.51835522,0.139553536,1,"Geno_at_37"
"1810013L24Rik","ENSMUSG00000022507.6",-0.0497820615,5.89333473,-1.1138285,0.274331922,1,"Geno_at_37"
"Dtnb","ENSMUSG00000071454.13",-0.0497770722,5.11425848,-1.01342528,0.319084505,1,"Geno_at_37"
"Cops9","ENSMUSG00000073616.10",-0.0497717996,5.33703127,-0.975605292,0.337180552,1,"Geno_at_37"
"Bmpr1a","ENSMUSG00000021796.15",-0.0497649783,5.16143994,-0.96211663,0.343799366,1,"Geno_at_37"
"Gm4799","ENSMUSG00000071151.3",-0.0497373936,4.66649549,-0.994128866,0.328232353,1,"Geno_at_37"
"Grasp","ENSMUSG00000000531.5",0.0497343102,3.14597671,0.443214386,0.66152355,1,"Geno_at_37"
"M1ap","ENSMUSG00000030041.9",0.0497310442,0.780871039,0.411190112,0.683900421,1,"Geno_at_37"
"Ldah","ENSMUSG00000037669.15",0.0497192697,5.84503062,1.29199562,0.206373278,1,"Geno_at_37"
"Vwa7","ENSMUSG00000007030.8",0.0497173498,-0.412443007,0.434177562,0.667313687,1,"Geno_at_37"
"Macf1","ENSMUSG00000028649.21",0.0496983355,8.7630984,1.02145844,0.317922193,1,"Geno_at_37"
"Ercc2","ENSMUSG00000030400.17",0.0496869022,4.92651882,1.10401582,0.278496578,1,"Geno_at_37"
"Uhmk1","ENSMUSG00000026667.14",0.0496857115,7.67004883,1.4437132,0.159339946,1,"Geno_at_37"
"Psen2","ENSMUSG00000010609.15",-0.049684119,5.07372291,-1.12814118,0.268337901,1,"Geno_at_37"
"Serpinc1","ENSMUSG00000026715.12",-0.0496632219,2.37302534,-0.444865163,0.65965917,1,"Geno_at_37"
"Ppef1","ENSMUSG00000062168.12",0.0496609723,1.72326958,0.27693254,0.784522464,1,"Geno_at_37"
"Ube2s","ENSMUSG00000060860.8",-0.049655521,4.80648048,-0.990618557,0.329915533,1,"Geno_at_37"
"Gm45477","ENSMUSG00000108394.1",0.0496397936,1.69428982,0.316209142,0.754522586,1,"Geno_at_37"
"Dnajc14","ENSMUSG00000025354.5",0.0496336737,6.49144014,1.75313807,0.0899494089,1,"Geno_at_37"
"Cep135","ENSMUSG00000036403.15",0.04962671,5.26145805,1.03061777,0.311083178,1,"Geno_at_37"
"Dnajc2","ENSMUSG00000029014.14",-0.0496214638,7.51144324,-1.79722678,0.0825285282,1,"Geno_at_37"
"Xiap","ENSMUSG00000025860.15",0.0496060938,7.25537535,1.45564908,0.156033585,1,"Geno_at_37"
"Cfap126","ENSMUSG00000026649.14",-0.049605076,-0.502282604,-0.480148192,0.634657751,1,"Geno_at_37"
"Uchl5","ENSMUSG00000018189.12",0.0495963446,6.49043246,1.20243395,0.238743485,1,"Geno_at_37"
"Gm17511","ENSMUSG00000090460.3",-0.049579767,-0.680835664,-0.454995153,0.652438422,1,"Geno_at_37"
"H3c2","ENSMUSG00000069267.2",-0.0495761811,-0.528406297,-0.415890322,0.680495545,1,"Geno_at_37"
"Dgki","ENSMUSG00000038665.15",-0.0495755267,-0.6493316,-0.46889895,0.642583289,1,"Geno_at_37"
"Gm23964","ENSMUSG00000088591.1",0.0495747081,0.415637597,0.39631582,0.694719816,1,"Geno_at_37"
"Cdyl","ENSMUSG00000059288.14",0.0495484311,5.04646359,0.939021039,0.355333472,1,"Geno_at_37"
"Tfcp2l1","ENSMUSG00000026380.10",0.0495381355,-0.0582048605,0.419206786,0.678097175,1,"Geno_at_37"
"Smkr-ps","ENSMUSG00000045709.11",-0.0495307503,0.383344597,-0.419883738,0.677608044,1,"Geno_at_37"
"Gm22121","ENSMUSG00000092889.1",0.0495017839,-0.17215297,0.44828065,0.657220807,1,"Geno_at_37"
"AC107792.1","ENSMUSG00000117102.1",0.0494761812,-0.755121011,0.538652494,0.594162096,1,"Geno_at_37"
"Snx27","ENSMUSG00000028136.15",0.0494698885,6.80018598,1.35188591,0.186670657,1,"Geno_at_37"
"Gm26397","ENSMUSG00000065637.1",0.049463259,1.02718212,0.398528711,0.693105969,1,"Geno_at_37"
"Vegfa","ENSMUSG00000023951.18",-0.0494609362,5.44113176,-0.478948759,0.638031747,1,"Geno_at_37"
"Gm35363","ENSMUSG00000110301.1",-0.0494592641,0.483982772,-0.351889822,0.727418285,1,"Geno_at_37"
"Phf6","ENSMUSG00000025626.16",0.0494497886,6.95085173,1.75234749,0.0900874743,1,"Geno_at_37"
"Tuba4a","ENSMUSG00000026202.13",-0.0494374764,6.65216504,-1.29593991,0.205028615,1,"Geno_at_37"
"Pogk","ENSMUSG00000040596.15",0.0494237318,5.37316601,1.21823,0.232775278,1,"Geno_at_37"
"Eif2s3x","ENSMUSG00000035150.15",0.0494043374,5.83111716,1.16791422,0.252179592,1,"Geno_at_37"
"Pfkp","ENSMUSG00000021196.14",0.0493990752,8.93142309,0.701627374,0.492288785,1,"Geno_at_37"
"Llph-ps2","ENSMUSG00000083364.4",0.049397406,4.56107788,0.723377248,0.475429248,1,"Geno_at_37"
"Soat1","ENSMUSG00000026600.12",-0.0493905133,6.01432516,-1.24632205,0.222437435,1,"Geno_at_37"
"Gm41333","ENSMUSG00000115862.1",0.0493861807,4.28998596,0.601635103,0.552851655,1,"Geno_at_37"
"Ccnb2","ENSMUSG00000032218.7",-0.0493766795,6.78660496,-1.74027314,0.0922184768,1,"Geno_at_37"
"1700048M11Rik","ENSMUSG00000085637.2",0.0493632618,0.127198675,0.369851191,0.714131222,1,"Geno_at_37"
"Gm26788","ENSMUSG00000096992.3",-0.0493594467,0.521834944,-0.395177367,0.69555065,1,"Geno_at_37"
"Tbc1d24","ENSMUSG00000036473.16",0.0493528544,2.8376578,0.713722508,0.480999037,1,"Geno_at_37"
"Henmt1","ENSMUSG00000045662.17",0.0493510408,-0.617679488,0.518497908,0.607972519,1,"Geno_at_37"
"Rpl27a-ps4","ENSMUSG00000062461.7",0.0493368786,-0.380558765,0.481043817,0.634028619,1,"Geno_at_37"
"Foxf2","ENSMUSG00000038402.2",-0.0493352126,4.11291455,-0.793569923,0.433772974,1,"Geno_at_37"
"Cox8a","ENSMUSG00000035885.5",-0.0493303135,6.60792707,-0.958309793,0.346845829,1,"Geno_at_37"
"Ndufb9","ENSMUSG00000022354.4",-0.0493272197,4.76635497,-1.18903227,0.243895429,1,"Geno_at_37"
"Paqr3","ENSMUSG00000055725.11",0.0493212591,1.76283563,0.524403767,0.603910099,1,"Geno_at_37"
"Elmsan1","ENSMUSG00000042507.15",0.0493200653,6.64744811,1.24190377,0.224040075,1,"Geno_at_37"
"Adgre4","ENSMUSG00000032915.6",0.0493111976,-0.749544533,0.440344423,0.662892439,1,"Geno_at_37"
"Ust","ENSMUSG00000047712.8",-0.0492946179,3.63903134,-0.862337928,0.395446942,1,"Geno_at_37"
"Zfp446","ENSMUSG00000033961.16",0.0492938751,3.58542476,0.686582444,0.497699263,1,"Geno_at_37"
"Qk","ENSMUSG00000062078.15",0.0492829715,7.65108918,1.5575011,0.12999948,1,"Geno_at_37"
"Clmn","ENSMUSG00000021097.15",0.0492809338,-0.651892154,0.445590507,0.659141018,1,"Geno_at_37"
"Gpr55","ENSMUSG00000049608.8",-0.049276988,4.19300089,-0.84883179,0.402799901,1,"Geno_at_37"
"1810041H14Rik","ENSMUSG00000102112.1",0.0492687172,-0.0396872901,0.427923801,0.671809673,1,"Geno_at_37"
"Mccc1","ENSMUSG00000027709.9",0.049267331,3.79726118,0.803224568,0.428259555,1,"Geno_at_37"
"Sirt7","ENSMUSG00000025138.14",0.0492490996,6.17452891,1.29622583,0.204931402,1,"Geno_at_37"
"Gm5841","ENSMUSG00000103921.1",-0.0492486865,2.50979826,-0.595803764,0.555843293,1,"Geno_at_37"
"Atpif1","ENSMUSG00000054428.12",-0.0492440688,5.16313481,-1.23591652,0.226225652,1,"Geno_at_37"
"Incenp","ENSMUSG00000024660.9",-0.0492220497,8.05531768,-1.12083744,0.27237918,1,"Geno_at_37"
"Gm43511","ENSMUSG00000104761.1",-0.0492209537,1.00570781,-0.349595275,0.729122023,1,"Geno_at_37"
"Klc2","ENSMUSG00000024862.16",-0.0492175309,4.47714164,-0.982437993,0.333860852,1,"Geno_at_37"
"Tpr","ENSMUSG00000006005.18",0.0492044965,9.0000732,2.0366181,0.0507367265,1,"Geno_at_37"
"Pard6a","ENSMUSG00000005699.16",-0.0491963874,3.01891174,-0.574112381,0.570236978,1,"Geno_at_37"
"Gm21399","ENSMUSG00000094530.2",-0.04918562,3.49234762,-0.824170264,0.416446571,1,"Geno_at_37"
"Lin37","ENSMUSG00000036845.12",-0.0491684256,4.3998096,-1.09545559,0.282166455,1,"Geno_at_37"
"Rassf3","ENSMUSG00000025795.8",-0.0491598126,5.94598237,-1.34268727,0.189598289,1,"Geno_at_37"
"Tti2","ENSMUSG00000031577.10",0.0491502351,4.53410825,0.908376234,0.371029518,1,"Geno_at_37"
"Agbl5","ENSMUSG00000029165.17",-0.0491436526,4.58683608,-1.11468087,0.273972286,1,"Geno_at_37"
"Pus1","ENSMUSG00000029507.16",0.0491261638,5.96702552,1.31541336,0.198487852,1,"Geno_at_37"
"Zan","ENSMUSG00000079173.11",0.0491177639,-0.806275411,0.550740172,0.585952296,1,"Geno_at_37"
"Pex10","ENSMUSG00000029047.13",-0.0490981021,3.14418738,-0.680637053,0.501400569,1,"Geno_at_37"
"Lamtor3","ENSMUSG00000091512.5",-0.0490923111,4.94442939,-1.03674252,0.30826663,1,"Geno_at_37"
"Neu3","ENSMUSG00000035239.6",0.049089592,5.22690643,1.02315096,0.314540963,1,"Geno_at_37"
"Trav13d-4","ENSMUSG00000096329.2",0.0490780295,-0.566298678,0.488250583,0.62897638,1,"Geno_at_37"
"Naa50","ENSMUSG00000022698.17",0.0490770274,8.09682024,1.57929504,0.12491592,1,"Geno_at_37"
"Gm49797","ENSMUSG00000116858.1",-0.0490729528,3.21929713,-0.642220431,0.525682123,1,"Geno_at_37"
"Robo3","ENSMUSG00000032128.15",0.0490603711,0.0734818174,0.469447749,0.642195634,1,"Geno_at_37"
"Ube2q2","ENSMUSG00000032307.16",-0.0490578657,5.91915951,-0.925306227,0.362879092,1,"Geno_at_37"
"Rfx2","ENSMUSG00000024206.15",0.0490557264,1.37384118,0.384567323,0.703312146,1,"Geno_at_37"
"Efna4","ENSMUSG00000028040.7",0.0490452775,0.726166016,0.361554096,0.720258041,1,"Geno_at_37"
"Nemp2","ENSMUSG00000043015.15",0.0490426085,5.29892238,0.944060184,0.352795224,1,"Geno_at_37"
"Per1","ENSMUSG00000020893.17",-0.0490362292,5.83696226,-0.791601173,0.436547191,1,"Geno_at_37"
"Eef1g","ENSMUSG00000071644.10",-0.049032759,8.6329128,-1.69367582,0.100845389,1,"Geno_at_37"
"Gm13127","ENSMUSG00000070610.4",-0.0490312697,4.7472407,-1.018128,0.316881926,1,"Geno_at_37"
"Ccdc40","ENSMUSG00000039963.20",-0.0490266911,0.98401983,-0.475644308,0.637825703,1,"Geno_at_37"
"Gm5865","ENSMUSG00000104923.1",-0.0490241283,2.70673507,-0.53502593,0.59663596,1,"Geno_at_37"
"Zfp142","ENSMUSG00000026135.17",0.0490184252,5.81696098,1.188713,0.24401916,1,"Geno_at_37"
"Gm7895","ENSMUSG00000100347.1",0.0490163998,3.51402524,0.735395956,0.467896131,1,"Geno_at_37"
"Mir466i","ENSMUSG00000080574.1",-0.0490142921,0.0497230355,-0.3702677,0.713824165,1,"Geno_at_37"
"Snx2","ENSMUSG00000034484.8",-0.0490091766,6.80387558,-1.29587431,0.205050927,1,"Geno_at_37"
"Nlrx1","ENSMUSG00000032109.15",0.0490017012,1.96307108,0.547385271,0.58822535,1,"Geno_at_37"
"Ndufa6","ENSMUSG00000022450.6",-0.049001149,5.78430566,-1.05502617,0.299964385,1,"Geno_at_37"
"A230020J21Rik","ENSMUSG00000097845.2",0.0489913327,-0.771454489,0.528545607,0.601068752,1,"Geno_at_37"
"Cln6","ENSMUSG00000032245.12",-0.0489903142,5.14599712,-1.24602326,0.222545541,1,"Geno_at_37"
"5430400D12Rik","ENSMUSG00000097699.2",-0.0489882613,0.295807898,-0.367401335,0.715938274,1,"Geno_at_37"
"Cul5","ENSMUSG00000032030.16",0.0489876077,6.13630665,1.33307918,0.192694085,1,"Geno_at_37"
"Gm22935","ENSMUSG00000077148.1",0.0489857718,-0.322233151,0.348672063,0.72980792,1,"Geno_at_37"
"Zc3h10","ENSMUSG00000039810.11",0.048984034,4.30839631,0.821648171,0.417858194,1,"Geno_at_37"
"Pgls","ENSMUSG00000031807.10",-0.0489823363,5.89509795,-1.23748085,0.225653074,1,"Geno_at_37"
"Gm10243","ENSMUSG00000095526.2",-0.048968591,0.0155244545,-0.45765955,0.650544854,1,"Geno_at_37"
"1110002J07Rik","ENSMUSG00000097134.2",0.0489605781,2.3227664,0.406553998,0.687426051,1,"Geno_at_37"
"Pitpnc1","ENSMUSG00000040430.18",0.0489516198,7.01296556,1.18131515,0.246899096,1,"Geno_at_37"
"Cavin3","ENSMUSG00000037060.3",0.0489445953,-0.400468627,0.36691737,0.716295453,1,"Geno_at_37"
"Gm17111","ENSMUSG00000090327.1",-0.0489380578,-0.0675267653,-0.33664636,0.738762952,1,"Geno_at_37"
"Gm49474","ENSMUSG00000116021.1",0.0489352289,0.733262937,0.422207563,0.675930053,1,"Geno_at_37"
"Snhg15","ENSMUSG00000085156.8",-0.048931999,5.58561433,-0.818804125,0.4204348,1,"Geno_at_37"
"Pex12","ENSMUSG00000018733.10",0.0489260807,3.42201775,0.689813667,0.495694095,1,"Geno_at_37"
"Cstf1","ENSMUSG00000027498.14",-0.0489220497,6.08486395,-1.36608055,0.182222015,1,"Geno_at_37"
"Rpl17","ENSMUSG00000062328.8",-0.0489214826,4.30585455,-1.02300475,0.314608934,1,"Geno_at_37"
"Sema4f","ENSMUSG00000000627.15",0.0489176951,3.06037291,0.598060447,0.554356602,1,"Geno_at_37"
"Gm44033","ENSMUSG00000108154.1",0.0489166165,-0.154155593,0.386173366,0.702135173,1,"Geno_at_37"
"Nop10","ENSMUSG00000027133.3",-0.0489079772,5.63107907,-1.15289238,0.258196646,1,"Geno_at_37"
"Cpne9","ENSMUSG00000030270.11",0.0489069142,-0.694889861,0.463443397,0.646442481,1,"Geno_at_37"
"Tmem120b","ENSMUSG00000054434.14",-0.0488927879,4.21814407,-0.822916145,0.417148135,1,"Geno_at_37"
"Gm42717","ENSMUSG00000106197.1",-0.0488899581,-0.0182121797,-0.352448059,0.727004,1,"Geno_at_37"
"Gm34868","ENSMUSG00000112784.1",0.048873678,-0.267230729,0.37923632,0.70722427,1,"Geno_at_37"
"Drc3","ENSMUSG00000056598.16",0.0488690863,0.281895322,0.382408487,0.704895408,1,"Geno_at_37"
"Bcl6","ENSMUSG00000022508.5",-0.048868605,4.36453125,-0.849740324,0.402302592,1,"Geno_at_37"
"Mlf2","ENSMUSG00000030120.14",-0.0488680246,7.02341603,-1.37548277,0.179321133,1,"Geno_at_37"
"Ptgir","ENSMUSG00000043017.9",0.0488653472,1.94165507,0.426990802,0.672481494,1,"Geno_at_37"
"Dot1l","ENSMUSG00000061589.14",0.0488648827,8.12014758,1.36395992,0.182881329,1,"Geno_at_37"
"Fbxo28","ENSMUSG00000047539.9",-0.0488641979,5.92623345,-1.29685161,0.20471876,1,"Geno_at_37"
"Gm37696","ENSMUSG00000103473.1",-0.0488615026,-0.220017542,-0.373910525,0.711140706,1,"Geno_at_37"
"Clcc1","ENSMUSG00000027884.16",-0.0488579416,5.51348602,-1.39613956,0.173074736,1,"Geno_at_37"
"Thyn1","ENSMUSG00000035443.10",-0.0488442738,5.36020756,-1.2131733,0.234673621,1,"Geno_at_37"
"Cd28","ENSMUSG00000026012.2",0.0488424798,7.82325366,1.05116827,0.303030444,1,"Geno_at_37"
"Gm5134","ENSMUSG00000033255.8",0.0488408353,0.179947861,0.378545201,0.707732042,1,"Geno_at_37"
"Pnpla7","ENSMUSG00000036833.16",-0.0488350102,5.10048149,-0.886023056,0.382759832,1,"Geno_at_37"
"Rack1","ENSMUSG00000020372.15",-0.0488250232,10.9262942,-1.8738377,0.0708733127,1,"Geno_at_37"
"Fam83d","ENSMUSG00000027654.2",-0.0488234946,4.71991475,-0.918635775,0.365724953,1,"Geno_at_37"
"Gm12917","ENSMUSG00000083104.1",0.0488217787,0.359950659,0.49836401,0.621917186,1,"Geno_at_37"
"Fam216a","ENSMUSG00000029463.5",0.0488199929,4.03871757,0.787863642,0.437051819,1,"Geno_at_37"
"Enpp6","ENSMUSG00000038173.15",-0.0488181909,-0.927363798,-0.605997628,0.54914393,1,"Geno_at_37"
"Arih2","ENSMUSG00000064145.12",-0.0488150482,6.20549459,-1.31803835,0.197618572,1,"Geno_at_37"
"Tnfrsf26","ENSMUSG00000045362.8",-0.0488140817,5.495652,-0.96927891,0.340274081,1,"Geno_at_37"
"Fth1","ENSMUSG00000024661.7",-0.0488063971,8.36649589,-1.49471879,0.145592378,1,"Geno_at_37"
"Ncapg2","ENSMUSG00000042029.7",0.0487986397,7.99599274,1.21945354,0.232413299,1,"Geno_at_37"
"Flnb","ENSMUSG00000025278.9",0.0487975722,6.85592189,1.13231303,0.266608696,1,"Geno_at_37"
"Gtf2a1","ENSMUSG00000020962.14",0.0487804811,5.55942896,0.843022003,0.40671068,1,"Geno_at_37"
"Gm37042","ENSMUSG00000103457.1",0.0487561246,-0.947327654,0.685010931,0.49867612,1,"Geno_at_37"
"Gm11423","ENSMUSG00000085175.7",0.0487345484,1.29510185,0.452673394,0.654090403,1,"Geno_at_37"
"Polr3a","ENSMUSG00000025280.8",0.0487264155,5.71607117,1.47718587,0.150206347,1,"Geno_at_37"
"Gm37802","ENSMUSG00000103303.1",0.048726165,-0.594007795,0.448596745,0.656995336,1,"Geno_at_37"
"Atrx","ENSMUSG00000031229.16",0.0487216716,8.81023893,1.68590282,0.10234834,1,"Geno_at_37"
"Gm10254","ENSMUSG00000069011.5",0.0487149726,5.71371848,1.40746535,0.169723231,1,"Geno_at_37"
"Lyplal1","ENSMUSG00000039246.8",0.0487100093,-0.643577018,0.417757924,0.67914453,1,"Geno_at_37"
"Crcp","ENSMUSG00000025532.13",0.0486990692,5.14952086,1.04390904,0.304993595,1,"Geno_at_37"
"Ddx20","ENSMUSG00000027905.15",-0.0486919194,5.99583021,-1.2374131,0.22567785,1,"Geno_at_37"
"Galnt6","ENSMUSG00000037280.12",-0.048680847,7.21722425,-1.07999953,0.289429995,1,"Geno_at_37"
"Gm29040","ENSMUSG00000099576.1",-0.048676848,-0.924418557,-0.621943979,0.53874871,1,"Geno_at_37"
"Zkscan6","ENSMUSG00000018347.16",-0.0486741933,4.02742023,-0.789321363,0.436212785,1,"Geno_at_37"
"Gucy2d","ENSMUSG00000074003.4",-0.0486629303,0.0169408187,-0.44257406,0.661296955,1,"Geno_at_37"
"Qars","ENSMUSG00000032604.16",-0.0486596115,7.74715766,-1.83244112,0.0769821416,1,"Geno_at_37"
"Cited2","ENSMUSG00000039910.10",-0.048657093,5.66166025,-0.707956412,0.486516812,1,"Geno_at_37"
"Fkbp5","ENSMUSG00000024222.17",0.048654864,5.85952222,1.02763804,0.312459878,1,"Geno_at_37"
"Cep104","ENSMUSG00000039523.16",0.0486378188,5.33395736,1.03004325,0.31134829,1,"Geno_at_37"
"Kirrel3","ENSMUSG00000032036.15",0.0486374394,0.833282894,0.386735266,0.701723567,1,"Geno_at_37"
"Slc4a4","ENSMUSG00000060961.16",0.0486362083,1.75528418,0.438650353,0.664105759,1,"Geno_at_37"
"Il1rn","ENSMUSG00000026981.15",0.0486272112,5.03962297,0.653709434,0.519857759,1,"Geno_at_37"
"H2ax","ENSMUSG00000049932.3",-0.0486217337,6.59424688,-1.05416499,0.300588125,1,"Geno_at_37"
"Slbp","ENSMUSG00000004642.13",0.0486205087,7.40900913,1.11268277,0.275276697,1,"Geno_at_37"
"Fcgrt","ENSMUSG00000003420.8",-0.0486199875,-0.557690809,-0.501107008,0.620008817,1,"Geno_at_37"
"Cenpb","ENSMUSG00000068267.5",-0.0486143865,6.4481565,-0.853698687,0.401945335,1,"Geno_at_37"
"Gm42937","ENSMUSG00000104737.1",-0.0486071517,0.674021513,-0.347250509,0.730864503,1,"Geno_at_37"
"Gm26254","ENSMUSG00000084440.1",0.0486059641,1.16229215,0.421875122,0.676169999,1,"Geno_at_37"
"9930004E17Rik","ENSMUSG00000096052.1",0.0486047882,-0.621055658,0.47977398,0.634920698,1,"Geno_at_37"
"Zbtb17","ENSMUSG00000006215.12",-0.0485972652,5.81660799,-1.27954213,0.210663033,1,"Geno_at_37"
"Eepd1","ENSMUSG00000036611.5",0.0485866243,0.684097495,0.333212678,0.741326788,1,"Geno_at_37"
"Rpl38","ENSMUSG00000057322.12",0.0485781824,2.235678,0.50701356,0.615908626,1,"Geno_at_37"
"Zfp592","ENSMUSG00000005621.11",-0.0485723566,6.97088844,-1.54519124,0.132944651,1,"Geno_at_37"
"Psen1","ENSMUSG00000019969.14",-0.0485688686,7.76424832,-1.57786831,0.125243655,1,"Geno_at_37"
"B930036N10Rik","ENSMUSG00000091993.2",0.0485608267,1.06293011,0.409625083,0.685035648,1,"Geno_at_37"
"Tnip3","ENSMUSG00000044162.12",-0.0485586712,1.34915784,-0.473205675,0.639543906,1,"Geno_at_37"
"Traj35","ENSMUSG00000076894.1",0.0485505298,-0.653049234,0.476029712,0.637554343,1,"Geno_at_37"
"Eml5","ENSMUSG00000051166.10",0.0485487054,4.92153146,0.979627265,0.335223765,1,"Geno_at_37"
"Surf1","ENSMUSG00000015790.16",-0.048547301,4.69784752,-0.912307409,0.368991047,1,"Geno_at_37"
"Dph2","ENSMUSG00000028540.6",0.0485426569,4.62043711,1.02471912,0.313812573,1,"Geno_at_37"
"Phtf1os","ENSMUSG00000089998.2",0.0485394943,0.584456501,0.348092827,0.730238377,1,"Geno_at_37"
"Zfp783","ENSMUSG00000072653.14",0.0485383742,4.61799681,0.830525573,0.412902629,1,"Geno_at_37"
"Pcnt","ENSMUSG00000001151.10",0.048538294,7.11299897,1.3626317,0.183295222,1,"Geno_at_37"
"Prss57","ENSMUSG00000020323.14",0.04853463,-0.573906882,0.516160397,0.609583937,1,"Geno_at_37"
"Lmo4","ENSMUSG00000028266.17",-0.048532352,4.09925414,-0.758209527,0.454331198,1,"Geno_at_37"
"Fads2","ENSMUSG00000024665.8",0.048525284,6.67497843,0.539074257,0.596864976,1,"Geno_at_37"
"Ssh2","ENSMUSG00000037926.15",-0.0485245417,7.52617324,-1.09201828,0.284325292,1,"Geno_at_37"
"Tmtc4","ENSMUSG00000041594.18",0.0485221749,4.3672847,0.705683647,0.485966887,1,"Geno_at_37"
"Gm45289","ENSMUSG00000109642.1",0.0485155499,-0.0899475784,0.359166955,0.722024302,1,"Geno_at_37"
"Pole","ENSMUSG00000007080.14",0.0485091133,7.45356943,1.25566386,0.219077328,1,"Geno_at_37"
"3110009E18Rik","ENSMUSG00000026388.15",-0.0484987006,1.56559008,-0.476714993,0.637071968,1,"Geno_at_37"
"Jmjd4","ENSMUSG00000036819.14",0.0484955967,4.06090376,1.03085939,0.310971728,1,"Geno_at_37"
"Cdk9","ENSMUSG00000009555.16",-0.0484926427,6.83332759,-1.37532472,0.179369598,1,"Geno_at_37"
"Fntb","ENSMUSG00000033373.16",-0.0484786205,5.43831229,-1.25621499,0.218880297,1,"Geno_at_37"
"Gm3555","ENSMUSG00000089791.1",-0.0484751167,4.34551316,-0.541085974,0.59380558,1,"Geno_at_37"
"Gpx4-ps1","ENSMUSG00000117518.1",0.0484620648,-0.104479902,0.399709986,0.692245071,1,"Geno_at_37"
"Gm42602","ENSMUSG00000104698.1",0.0484605387,0.516665996,0.391521853,0.698221012,1,"Geno_at_37"
"Adgre5","ENSMUSG00000002885.14",0.0484554777,6.34147465,1.0990327,0.28062873,1,"Geno_at_37"
"Kif13a","ENSMUSG00000021375.11",-0.0484510417,4.43488691,-0.846469764,0.404094625,1,"Geno_at_37"
"Depdc7","ENSMUSG00000027173.7",0.0484279683,-0.563637988,0.468953652,0.642544644,1,"Geno_at_37"
"Prok1","ENSMUSG00000070368.9",-0.0484250755,3.15907107,-0.652235057,0.519291874,1,"Geno_at_37"
"Nrep","ENSMUSG00000042834.15",-0.0484073745,5.08876621,-0.301384822,0.766941009,1,"Geno_at_37"
"Gm33378","ENSMUSG00000112790.1",-0.0483948871,0.467751464,-0.370534783,0.713627294,1,"Geno_at_37"
"Krtcap3","ENSMUSG00000029149.14",-0.0483830192,3.8339289,-0.431715562,0.67047726,1,"Geno_at_37"
"Gm43172","ENSMUSG00000107374.1",0.048379807,-0.551907307,0.431363142,0.669335503,1,"Geno_at_37"
"Glis1","ENSMUSG00000034762.9",-0.0483695351,-0.665290718,-0.459487214,0.649247315,1,"Geno_at_37"
"Gm2223","ENSMUSG00000079297.4",0.0483555302,6.62235392,1.56833097,0.127452622,1,"Geno_at_37"
"Akr1c13","ENSMUSG00000021213.12",0.0483509841,3.92307953,0.723129013,0.475286574,1,"Geno_at_37"
"Gm24837","ENSMUSG00000089308.1",0.048339023,-0.0874459452,0.385275724,0.702792909,1,"Geno_at_37"
"Hoxaas3","ENSMUSG00000085696.8",-0.0483343738,-0.552715401,-0.499981654,0.620791429,1,"Geno_at_37"
"Dnpep","ENSMUSG00000026209.15",-0.0483275972,5.20149805,-1.37407771,0.179752331,1,"Geno_at_37"
"Jpt2","ENSMUSG00000024165.9",0.0483226918,6.36612622,1.28249236,0.209640707,1,"Geno_at_37"
"Sestd1","ENSMUSG00000042272.17",-0.0483208169,6.26409179,-1.24885671,0.221521945,1,"Geno_at_37"
"Gm8013","ENSMUSG00000106357.1",-0.0483208055,0.230144725,-0.404251015,0.688939527,1,"Geno_at_37"
"Slc13a3","ENSMUSG00000018459.15",0.0483179654,0.759492786,0.34956056,0.72914781,1,"Geno_at_37"
"Rnf44","ENSMUSG00000034928.16",-0.0483158266,7.46243239,-1.37591922,0.179187356,1,"Geno_at_37"
"Gatb","ENSMUSG00000028085.12",0.0483141183,3.39468792,0.589815257,0.559798384,1,"Geno_at_37"
"Prmt7","ENSMUSG00000060098.11",0.0483110361,5.5986234,1.3198641,0.197015691,1,"Geno_at_37"
"Zfp647","ENSMUSG00000054967.7",0.0483077134,1.46150901,0.456055409,0.651684623,1,"Geno_at_37"
"Scrib","ENSMUSG00000022568.17",0.0483074651,7.12738576,1.3912326,0.174542852,1,"Geno_at_37"
"Spns1","ENSMUSG00000030741.15",-0.0483059223,5.49457011,-1.10876378,0.276475852,1,"Geno_at_37"
"Spsb3","ENSMUSG00000024160.16",0.0482978573,3.7269966,0.744047549,0.46272431,1,"Geno_at_37"
"Gm43307","ENSMUSG00000105990.1",-0.0482915417,-0.418417568,-0.426955899,0.672506632,1,"Geno_at_37"
"Thap4","ENSMUSG00000026279.14",-0.048286945,4.55994526,-0.975347581,0.337306197,1,"Geno_at_37"
"Cmah","ENSMUSG00000016756.17",0.0482860338,6.04946231,0.927442301,0.36179927,1,"Geno_at_37"
"Usp2","ENSMUSG00000032010.15",-0.0482738128,1.33707923,-0.370325964,0.713781217,1,"Geno_at_37"
"Tmc8","ENSMUSG00000050106.17",-0.0482690513,6.41894133,-1.04017316,0.306813171,1,"Geno_at_37"
"Ccdc167","ENSMUSG00000024018.18",0.0482680832,3.02307035,0.662721584,0.512645957,1,"Geno_at_37"
"Lbh","ENSMUSG00000024063.13",-0.0482679607,7.40997912,-0.771484804,0.4496145,1,"Geno_at_37"
"Calr3","ENSMUSG00000019732.14",-0.0482640821,0.629648391,-0.410586735,0.684338004,1,"Geno_at_37"
"Uba3","ENSMUSG00000030061.16",0.0482521709,6.67753219,1.40820273,0.169506812,1,"Geno_at_37"
"Gm20652","ENSMUSG00000093390.1",0.0482419064,-0.536794095,0.496774762,0.623024089,1,"Geno_at_37"
"Gm8185","ENSMUSG00000090119.1",-0.0482374472,-0.0617405712,-0.47876867,0.635627338,1,"Geno_at_37"
"Slc28a2b","ENSMUSG00000079071.2",-0.0482229643,2.97160585,-0.467147149,0.644017947,1,"Geno_at_37"
"Aim2","ENSMUSG00000037860.15",-0.0482202126,5.0759027,-1.06465446,0.295655919,1,"Geno_at_37"
"Cdc37l1","ENSMUSG00000024780.7",0.0482144572,6.16998092,1.25086186,0.220799718,1,"Geno_at_37"
"Tuba8","ENSMUSG00000030137.8",-0.0482139353,0.577322672,-0.340165879,0.73613819,1,"Geno_at_37"
"Phf8","ENSMUSG00000041229.15",0.0482126494,5.95996405,1.35065331,0.187060905,1,"Geno_at_37"
"Efcab2","ENSMUSG00000026495.8",0.0482020979,2.62755529,0.546654903,0.588720765,1,"Geno_at_37"
"A730061H03Rik","ENSMUSG00000053588.4",0.0482002392,-0.428354469,0.352453653,0.726999849,1,"Geno_at_37"
"Zswim5","ENSMUSG00000033948.3",0.0481950107,-0.373879815,0.362054618,0.719887899,1,"Geno_at_37"
"Gm22771","ENSMUSG00000077637.1",0.0481865594,-0.068188986,0.462453593,0.647143734,1,"Geno_at_37"
"Rbm6-ps1","ENSMUSG00000101589.1",0.0481741494,3.04524198,0.692937444,0.493759922,1,"Geno_at_37"
"St13","ENSMUSG00000022403.15",0.0481736467,8.0824871,1.75798549,0.0891067783,1,"Geno_at_37"
"Cfap100","ENSMUSG00000048794.14",0.0481727042,-0.334631162,0.349300499,0.729341001,1,"Geno_at_37"
"Hemk1","ENSMUSG00000032579.14",0.0481595857,6.7878632,0.569671245,0.576281999,1,"Geno_at_37"
"Brip1","ENSMUSG00000034329.16",0.0481557798,5.53219251,1.07622899,0.290534454,1,"Geno_at_37"
"Pea15a","ENSMUSG00000013698.12",-0.0481488822,5.28742589,-0.998856426,0.325974775,1,"Geno_at_37"
"Slc37a1","ENSMUSG00000024036.16",-0.0481151067,4.81254508,-0.785156673,0.438641639,1,"Geno_at_37"
"Med23","ENSMUSG00000019984.16",0.0481093185,5.99540257,1.35819442,0.184683243,1,"Geno_at_37"
"Ankrd16","ENSMUSG00000047909.11",-0.0481088991,5.88589053,-1.11017017,0.275879319,1,"Geno_at_37"
"Nos1","ENSMUSG00000029361.18",0.0480868425,-0.0404634578,0.371684539,0.712780017,1,"Geno_at_37"
"Iah1","ENSMUSG00000062054.7",-0.0480661568,4.18687492,-0.905530291,0.37250983,1,"Geno_at_37"
"Dpysl2","ENSMUSG00000022048.8",0.0480553777,6.1402382,1.3760729,0.179140269,1,"Geno_at_37"
"n-R5s85","ENSMUSG00000065387.1",0.0480531541,-0.729976149,0.531435883,0.599089759,1,"Geno_at_37"
"Zdhhc15","ENSMUSG00000033906.5",-0.0480471997,4.04233779,-0.862595545,0.395307525,1,"Geno_at_37"
"Ltbp1","ENSMUSG00000001870.16",-0.0480342463,-0.344488916,-0.424388661,0.67435666,1,"Geno_at_37"
"Cd14","ENSMUSG00000051439.7",-0.0480313513,-0.904978076,-0.620993449,0.539365429,1,"Geno_at_37"
"Mrm3","ENSMUSG00000038046.4",0.0480306857,3.67895269,0.777569893,0.443004447,1,"Geno_at_37"
"Gm6445","ENSMUSG00000100141.1",0.0480231933,-0.549341352,0.43284242,0.668272508,1,"Geno_at_37"
"Kcnh4","ENSMUSG00000035355.15",0.048020027,2.8319909,0.506886453,0.615996728,1,"Geno_at_37"
"4632415L05Rik","ENSMUSG00000048106.6",0.0480175253,4.12791839,0.786821388,0.437652318,1,"Geno_at_37"
"Eif4a1","ENSMUSG00000059796.16",-0.0480131105,8.17047519,-1.55111166,0.131521461,1,"Geno_at_37"
"Gm3756","ENSMUSG00000091639.2",-0.0480063906,3.80071381,-0.802156274,0.428867502,1,"Geno_at_37"
"Copz1","ENSMUSG00000060992.9",-0.0480049427,6.86283402,-1.49622665,0.145200954,1,"Geno_at_37"
"Trib1","ENSMUSG00000032501.9",0.0480043305,5.18909421,0.447524311,0.66007918,1,"Geno_at_37"
"Gm17377","ENSMUSG00000090790.2",0.0479960113,-0.412702702,0.421474794,0.67645899,1,"Geno_at_37"
"Cep120","ENSMUSG00000048799.8",0.0479959218,5.93015555,1.30504477,0.201950231,1,"Geno_at_37"
"C1qtnf3","ENSMUSG00000058914.12",-0.0479815763,-0.603341315,-0.479385436,0.635193767,1,"Geno_at_37"
"Rpl19-ps1","ENSMUSG00000064281.7",-0.0479717261,0.0339196869,-0.382226767,0.70502874,1,"Geno_at_37"
"Dtx3","ENSMUSG00000040415.15",-0.0479631516,6.24006708,-1.15363361,0.25789731,1,"Geno_at_37"
"Mfhas1","ENSMUSG00000070056.6",0.04795916,5.99507315,0.877105743,0.388400336,1,"Geno_at_37"
"Aanat","ENSMUSG00000020804.12",-0.0479587301,-0.83902466,-0.533139672,0.597924618,1,"Geno_at_37"
"Gm6767","ENSMUSG00000081453.1",0.0479567243,7.22336741,0.665100538,0.514391602,1,"Geno_at_37"
"Rpl10a","ENSMUSG00000037805.15",0.0479527987,6.98541895,1.40240184,0.171215241,1,"Geno_at_37"
"Gadd45gip1","ENSMUSG00000033751.5",-0.0479493305,4.17249603,-0.808481631,0.425275545,1,"Geno_at_37"
"Gm41414","ENSMUSG00000116029.1",0.0479071188,0.00251233765,0.337784134,0.737914079,1,"Geno_at_37"
"Arhgdia","ENSMUSG00000025132.13",-0.0479001835,9.25354568,-1.69455353,0.100676847,1,"Geno_at_37"
"Gm19810","ENSMUSG00000111897.1",-0.0479001647,4.75453834,-0.923653523,0.363148799,1,"Geno_at_37"
"Decr1","ENSMUSG00000028223.8",-0.0478968711,4.23283602,-0.758565028,0.454121676,1,"Geno_at_37"
"Lamtor2","ENSMUSG00000028062.15",0.0478943402,5.28762241,1.19086445,0.243186285,1,"Geno_at_37"
"Gm15518","ENSMUSG00000087066.1",0.0478896734,1.11497245,0.410563185,0.684355086,1,"Geno_at_37"
"Purb","ENSMUSG00000094483.2",0.0478896084,7.90506385,1.41905926,0.166345583,1,"Geno_at_37"
"Hdac1-ps","ENSMUSG00000061062.5",0.0478781298,6.78326681,1.32955374,0.193839752,1,"Geno_at_37"
"Gm13669","ENSMUSG00000081833.1",-0.0478690005,-0.577859233,-0.45184115,0.654682997,1,"Geno_at_37"
"Eif2s3y","ENSMUSG00000069049.11",-0.0478577866,6.95825465,-0.932066193,0.360307916,1,"Geno_at_37"
"Mettl18","ENSMUSG00000041396.13",0.04784235,2.85428225,0.515071716,0.610335126,1,"Geno_at_37"
"Fbxl3","ENSMUSG00000022124.15",-0.0478408364,6.79310984,-1.03966088,0.30734397,1,"Geno_at_37"
"Steap3","ENSMUSG00000026389.16",-0.0478240563,0.585948829,-0.409956374,0.684795277,1,"Geno_at_37"
"Crybg3","ENSMUSG00000022723.16",0.0478214344,6.34194213,0.983288654,0.333872143,1,"Geno_at_37"
"Aloxe3","ENSMUSG00000020892.10",0.0478127521,-0.680130841,0.462831933,0.64687565,1,"Geno_at_37"
"Gm20302","ENSMUSG00000101219.1",-0.0478109459,-0.789296106,-0.498939376,0.621516669,1,"Geno_at_37"
"Trmt12","ENSMUSG00000037085.8",0.0478011822,3.02231123,0.616397645,0.542352501,1,"Geno_at_37"
"Ank2","ENSMUSG00000032826.19",0.0477981552,-0.573318061,0.368180328,0.715363495,1,"Geno_at_37"
"Gm19557","ENSMUSG00000097990.1",0.0477939106,1.01579009,0.380314457,0.706432425,1,"Geno_at_37"
"Vps13d","ENSMUSG00000020220.16",0.0477887832,6.31540491,1.31231163,0.199518797,1,"Geno_at_37"
"Proser3","ENSMUSG00000036864.16",0.0477844749,2.97219743,0.678183289,0.502932619,1,"Geno_at_37"
"Igf2bp1","ENSMUSG00000013415.9",0.0477825062,-0.818374313,0.488654487,0.628693764,1,"Geno_at_37"
"Gm44982","ENSMUSG00000109399.1",0.0477705106,-0.518304615,0.380740883,0.706119327,1,"Geno_at_37"
"Vsig10","ENSMUSG00000066894.14",-0.0477700934,0.503181781,-0.451299932,0.655068491,1,"Geno_at_37"
"Ufsp2","ENSMUSG00000031634.13",-0.0477682546,5.11302235,-1.08176865,0.288105612,1,"Geno_at_37"
"Ccdc183","ENSMUSG00000026940.3",-0.047758591,-0.305525611,-0.406606067,0.687227669,1,"Geno_at_37"
"4732471J01Rik","ENSMUSG00000053714.8",-0.0477581271,0.627853833,-0.359067247,0.72209811,1,"Geno_at_37"
"H6pd","ENSMUSG00000028980.14",-0.047754592,4.70541498,-0.866116009,0.39340545,1,"Geno_at_37"
"Mettl1","ENSMUSG00000006732.14",-0.0477533172,5.10708073,-0.9001556,0.375315944,1,"Geno_at_37"
"Depdc1a","ENSMUSG00000028175.15",-0.0477471326,4.51283554,-1.04916356,0.302609246,1,"Geno_at_37"
"Fundc1","ENSMUSG00000025040.13",-0.0477367466,5.47570045,-1.0615182,0.297054524,1,"Geno_at_37"
"Zfp949","ENSMUSG00000032425.15",-0.0477305264,3.92837926,-0.749967229,0.459204991,1,"Geno_at_37"
"Trim30c","ENSMUSG00000078616.2",0.0477222313,-0.555353289,0.369736038,0.714216123,1,"Geno_at_37"
"Tbc1d13","ENSMUSG00000039678.12",-0.0477218037,5.9456462,-1.19268172,0.242484417,1,"Geno_at_37"
"Wdr73","ENSMUSG00000025722.16",-0.0477131607,4.94449878,-0.949662231,0.349987628,1,"Geno_at_37"
"Chmp5","ENSMUSG00000028419.5",0.0476912059,5.81117984,1.25114031,0.220699567,1,"Geno_at_37"
"Gbp4","ENSMUSG00000079363.7",-0.0476772034,5.2730499,-0.35859033,0.724476223,1,"Geno_at_37"
"Tcf24","ENSMUSG00000099032.2",0.047671655,-0.00931859359,0.36138786,0.720380989,1,"Geno_at_37"
"Msc","ENSMUSG00000025930.6",-0.0476546531,-0.459926578,-0.436973081,0.66530796,1,"Geno_at_37"
"Yif1a","ENSMUSG00000024875.5",-0.0476523857,4.10941016,-0.829219254,0.413629541,1,"Geno_at_37"
"Ermn","ENSMUSG00000026830.9",-0.0476475511,-0.922801863,-0.58269539,0.564519279,1,"Geno_at_37"
"2810013P06Rik","ENSMUSG00000099881.1",-0.047644533,3.68140849,-0.67742708,0.503405295,1,"Geno_at_37"
"Zbtb24","ENSMUSG00000019826.11",0.047644342,4.8073101,1.1728662,0.25021875,1,"Geno_at_37"
"H4c14","ENSMUSG00000091405.2",0.0476390933,-0.331475259,0.399719974,0.692237793,1,"Geno_at_37"
"Exosc9","ENSMUSG00000027714.11",-0.0476380024,5.75020108,-1.49365613,0.145868744,1,"Geno_at_37"
"Ralgapa1","ENSMUSG00000021027.17",0.0476287278,6.87918838,1.41794853,0.166666854,1,"Geno_at_37"
"Psmd5","ENSMUSG00000026869.12",-0.0476259708,5.5795222,-1.30951156,0.200453003,1,"Geno_at_37"
"Habp4","ENSMUSG00000021476.9",-0.0476192123,4.22535784,-0.864682309,0.394179361,1,"Geno_at_37"
"Evi2","ENSMUSG00000070354.13",-0.0475842342,0.15852713,-0.391941213,0.697914468,1,"Geno_at_37"
"Gm42763","ENSMUSG00000104983.1",0.0475801074,0.0638559243,0.305368175,0.762257601,1,"Geno_at_37"
"Zbp1","ENSMUSG00000027514.14",0.04757912,5.30091562,0.613731253,0.546082298,1,"Geno_at_37"
"Zc3h12c","ENSMUSG00000035164.8",0.0475789481,3.57596501,0.681394639,0.500928083,1,"Geno_at_37"
"Alas1","ENSMUSG00000032786.16",-0.0475731384,5.05453702,-0.862359121,0.395435472,1,"Geno_at_37"
"Nubp1","ENSMUSG00000022503.10",-0.0475670545,5.34954813,-1.26036268,0.217401783,1,"Geno_at_37"
"Gm42997","ENSMUSG00000105789.1",-0.0475523897,-0.406269404,-0.43307114,0.668108214,1,"Geno_at_37"
"Mtfr1","ENSMUSG00000027601.13",-0.0475509036,6.06091198,-1.20877541,0.236333989,1,"Geno_at_37"
"Tmem185b","ENSMUSG00000098923.1",-0.0475508909,4.62701284,-0.937362915,0.356171323,1,"Geno_at_37"
"Fem1a","ENSMUSG00000043683.4",-0.0475480689,5.23084997,-1.26096715,0.21718694,1,"Geno_at_37"
"Bcl7b","ENSMUSG00000029681.12",-0.047541255,4.93269921,-1.0779903,0.289760649,1,"Geno_at_37"
"Def8","ENSMUSG00000001482.15",-0.0475353101,4.51704377,-0.907871585,0.37129173,1,"Geno_at_37"
"Mical1","ENSMUSG00000019823.17",-0.0475348413,6.74400527,-1.30026879,0.203560562,1,"Geno_at_37"
"Cetn4","ENSMUSG00000045031.18",-0.047525883,2.99803015,-0.655548717,0.517186773,1,"Geno_at_37"
"Gm16754","ENSMUSG00000097439.6",0.0475220114,2.37455929,0.453556464,0.653461869,1,"Geno_at_37"
"Ankzf1","ENSMUSG00000026199.17",0.0475045597,5.01950911,0.862567809,0.395322533,1,"Geno_at_37"
"Zfp568","ENSMUSG00000074221.12",0.0475020111,4.70036127,0.909647017,0.370369764,1,"Geno_at_37"
"Mtif3","ENSMUSG00000016510.11",0.047498252,3.68838773,0.836762972,0.409442763,1,"Geno_at_37"
"Gpr152","ENSMUSG00000044724.9",0.0474931606,-0.852223274,0.528650294,0.600997018,1,"Geno_at_37"
"Tmem268","ENSMUSG00000045917.17",-0.0474918835,4.1779501,-0.949605037,0.350016217,1,"Geno_at_37"
"Pdxdc1","ENSMUSG00000022680.14",0.0474870581,5.78164941,1.30714122,0.201246456,1,"Geno_at_37"
"Pdcl3","ENSMUSG00000026078.10",0.0474856437,5.53661785,1.16242229,0.25436738,1,"Geno_at_37"
"Orc4","ENSMUSG00000026761.12",-0.0474832372,6.0361966,-1.29253356,0.206189491,1,"Geno_at_37"
"Lsm1","ENSMUSG00000037296.7",-0.0474742052,4.46008064,-1.09159593,0.283832369,1,"Geno_at_37"
"Ncor2","ENSMUSG00000029478.16",-0.047448193,6.85569302,-1.35333817,0.186211675,1,"Geno_at_37"
"Gm10054","ENSMUSG00000113368.1",0.0474147342,0.413121037,0.361377523,0.720388635,1,"Geno_at_37"
"Gm13427","ENSMUSG00000087549.1",0.0474102902,-0.526390255,0.361139898,0.720564396,1,"Geno_at_37"
"Gm41556","ENSMUSG00000117007.1",-0.0474014524,-0.543960243,-0.374885006,0.710423497,1,"Geno_at_37"
"Upf3b","ENSMUSG00000036572.16",-0.0473978483,5.79546378,-1.29298461,0.206035486,1,"Geno_at_37"
"Fbxo15","ENSMUSG00000034391.12",0.0473919345,-0.680016138,0.45774081,0.65048714,1,"Geno_at_37"
"Mis18a","ENSMUSG00000022978.11",0.0473903646,5.51599482,1.33566644,0.191856632,1,"Geno_at_37"
"Psmg3","ENSMUSG00000029551.13",0.047383564,4.05055918,0.820812188,0.418326749,1,"Geno_at_37"
"Ipo13","ENSMUSG00000033365.14",0.0473673566,5.22586961,1.03677421,0.308252103,1,"Geno_at_37"
"Foxq1","ENSMUSG00000038415.10",0.0473617817,-0.0726942985,0.343085578,0.733963211,1,"Geno_at_37"
"Nudt9","ENSMUSG00000029310.13",0.0473474369,4.97629435,1.20196856,0.23892103,1,"Geno_at_37"
"Rbmx2","ENSMUSG00000031107.6",-0.0473395668,4.53123504,-0.89302237,0.379061335,1,"Geno_at_37"
"Rsrp1","ENSMUSG00000037266.18",-0.0473381316,8.58833416,-1.36709581,0.181907025,1,"Geno_at_37"
"Fsip1","ENSMUSG00000027344.14",0.0473358288,-0.457949916,0.373301426,0.711589133,1,"Geno_at_37"
"Gm16793","ENSMUSG00000097357.2",-0.0473353622,1.12079066,-0.442289401,0.661500561,1,"Geno_at_37"
"Gm8522","ENSMUSG00000081633.1",0.0473347687,-0.565190489,0.475120626,0.638194504,1,"Geno_at_37"
"Sbsn","ENSMUSG00000046056.15",-0.0473323627,1.0576996,-0.408272445,0.686017416,1,"Geno_at_37"
"Il2rb","ENSMUSG00000068227.9",-0.0473212313,9.2901612,-1.74348169,0.0916480866,1,"Geno_at_37"
"Coasy","ENSMUSG00000001755.12",-0.0473190776,4.62625792,-1.08139395,0.288269441,1,"Geno_at_37"
"Gm4887","ENSMUSG00000086229.3",-0.0473127499,0.428354648,-0.397031991,0.694197357,1,"Geno_at_37"
"Pimreg","ENSMUSG00000020808.3",-0.0472873724,5.25969503,-1.04935033,0.302524737,1,"Geno_at_37"
"2810408I11Rik","ENSMUSG00000087213.2",-0.0472741614,1.54115931,-0.484061493,0.631910902,1,"Geno_at_37"
"Crebl2","ENSMUSG00000032652.13",0.047271362,4.35867677,0.819604288,0.419004333,1,"Geno_at_37"
"Gm16731","ENSMUSG00000085990.1",0.0472693915,-0.419703908,0.39581585,0.695084643,1,"Geno_at_37"
"Rad17","ENSMUSG00000021635.14",0.0472537386,5.10289858,1.08211462,0.287954398,1,"Geno_at_37"
"Gm14091","ENSMUSG00000086421.1",0.0472531676,1.82620405,0.466587515,0.64421714,1,"Geno_at_37"
"Pou5f2","ENSMUSG00000093668.3",-0.0472522709,-0.151525782,-0.352243578,0.727155742,1,"Geno_at_37"
"Dusp16","ENSMUSG00000030203.17",-0.0472459375,4.72061968,-1.02911919,0.311775028,1,"Geno_at_37"
"mt-Co2","ENSMUSG00000064354.1",0.0472438564,1.02408564,0.416042992,0.680385063,1,"Geno_at_37"
"Gm31544","ENSMUSG00000114375.1",-0.0472423156,0.335749896,-0.346151088,0.731682026,1,"Geno_at_37"
"Psmd12","ENSMUSG00000020720.13",0.0472284565,7.23200585,1.58889929,0.122727973,1,"Geno_at_37"
"Fkrp","ENSMUSG00000048920.8",0.0472237593,5.44645601,1.17790676,0.248234357,1,"Geno_at_37"
"Gm43707","ENSMUSG00000104903.1",0.0472164736,-0.517212093,0.4022845,0.690370247,1,"Geno_at_37"
"Cstad","ENSMUSG00000047363.4",-0.0472106314,-0.236308423,-0.363011753,0.719180281,1,"Geno_at_37"
"Zwilch","ENSMUSG00000032400.18",0.0472029333,6.11631735,1.45199022,0.157041263,1,"Geno_at_37"
"1700016G22Rik","ENSMUSG00000100625.7",-0.0472013863,-0.787068093,-0.49460918,0.624533848,1,"Geno_at_37"
"Gm10648","ENSMUSG00000108930.1",-0.0471921247,-0.795791583,-0.470807319,0.641235716,1,"Geno_at_37"
"Ccng2","ENSMUSG00000029385.14",-0.0471758196,6.89479811,-0.998300302,0.326898974,1,"Geno_at_37"
"Gsap","ENSMUSG00000039934.12",-0.0471656565,3.66055935,-0.703871144,0.487023583,1,"Geno_at_37"
"Nit2","ENSMUSG00000022751.9",-0.0471634095,4.35842966,-0.814301881,0.421986791,1,"Geno_at_37"
"Tnpo3","ENSMUSG00000012535.14",0.0471608794,7.25183351,1.72133603,0.095646327,1,"Geno_at_37"
"Gm8184","ENSMUSG00000117877.1",0.0471598356,2.94144315,0.612623212,0.544812187,1,"Geno_at_37"
"Gm5141","ENSMUSG00000091183.5",0.0471549257,2.83460814,0.626677643,0.535682974,1,"Geno_at_37"
"Scfd2","ENSMUSG00000062110.14",-0.0471489353,4.0655637,-0.761321369,0.452499119,1,"Geno_at_37"
"Clic1","ENSMUSG00000007041.9",-0.0471461026,8.32724862,-1.61287841,0.117402442,1,"Geno_at_37"
"Susd4","ENSMUSG00000038576.15",0.0471318331,-0.749453497,0.562452204,0.57805079,1,"Geno_at_37"
"Lats2","ENSMUSG00000021959.16",0.0471293831,2.77983139,0.635358198,0.530085154,1,"Geno_at_37"
"Nfatc2","ENSMUSG00000027544.16",-0.0471078296,7.61808287,-1.00203067,0.325681146,1,"Geno_at_37"
"Cep83os","ENSMUSG00000097164.2",0.0470934728,3.15932475,0.583348491,0.564085396,1,"Geno_at_37"
"Tnfrsf13c","ENSMUSG00000068105.11",-0.0470886946,2.76075106,-0.600227498,0.552930888,1,"Geno_at_37"
"Wdr11","ENSMUSG00000042055.13",0.0470826709,5.76808635,1.10204563,0.279338186,1,"Geno_at_37"
"Acat1","ENSMUSG00000032047.5",-0.0470815944,6.29288948,-1.45540181,0.156101522,1,"Geno_at_37"
"Gm26576","ENSMUSG00000097921.2",0.0470745611,-0.303222315,0.485666214,0.630786047,1,"Geno_at_37"
"Fcer2a","ENSMUSG00000005540.10",0.047072353,-0.60318739,0.52817508,0.601322679,1,"Geno_at_37"
"1700001O22Rik","ENSMUSG00000044320.14",-0.0470689756,1.87348587,-0.488382771,0.62888388,1,"Geno_at_37"
"Gm14139","ENSMUSG00000079009.8",-0.0470686137,-0.530652702,-0.4434507,0.66067009,1,"Geno_at_37"
"Ahsa2","ENSMUSG00000020288.13",0.0470651325,4.73159371,0.951305271,0.349167014,1,"Geno_at_37"
"Mvk","ENSMUSG00000041939.14",-0.0470646555,4.25620947,-0.862708518,0.395246396,1,"Geno_at_37"
"Ero1l","ENSMUSG00000021831.9",0.0470643169,7.00049264,0.373706442,0.713454787,1,"Geno_at_37"
"Zfp61","ENSMUSG00000050605.17",-0.0470542816,3.34450607,-0.536151822,0.595867404,1,"Geno_at_37"
"Ltbp2","ENSMUSG00000002020.15",0.0470535198,0.65193215,0.428919766,0.671092816,1,"Geno_at_37"
"Gipr","ENSMUSG00000030406.7",0.0470514727,-0.127335695,0.405043452,0.688363327,1,"Geno_at_37"
"4930556H04Rik","ENSMUSG00000114190.1",0.0470464838,1.26216469,0.420318574,0.677293928,1,"Geno_at_37"
"Sgf29","ENSMUSG00000030714.14",-0.0470443316,4.38544664,-0.854800082,0.399540097,1,"Geno_at_37"
"Gm50218","ENSMUSG00000117899.1",0.0470370283,0.969775914,0.410052578,0.684725481,1,"Geno_at_37"
"Tubgcp6","ENSMUSG00000051786.15",0.047036113,5.83826233,1.05314208,0.300812603,1,"Geno_at_37"
"Mindy2","ENSMUSG00000042444.10",0.0470345207,6.55223603,1.17989129,0.247456259,1,"Geno_at_37"
"Ro60","ENSMUSG00000018199.9",-0.0470240363,3.48255766,-0.698842668,0.490115169,1,"Geno_at_37"
"Cand2","ENSMUSG00000030319.8",-0.0470144993,4.06772937,-0.805971081,0.426698986,1,"Geno_at_37"
"Fam131a","ENSMUSG00000050821.14",-0.0470069992,-0.176508662,-0.363224264,0.719023204,1,"Geno_at_37"
"Rpl32-ps","ENSMUSG00000068969.3",-0.0470026458,-0.237795256,-0.461411846,0.647882144,1,"Geno_at_37"
"Gm6986","ENSMUSG00000115411.1",-0.0470008568,-0.580702471,-0.433864014,0.667538808,1,"Geno_at_37"
"Gm12631","ENSMUSG00000084809.1",0.0469882744,-0.566836246,0.357395937,0.723335698,1,"Geno_at_37"
"Pitpnm2","ENSMUSG00000029406.15",0.0469690096,6.51855679,1.06263782,0.296554703,1,"Geno_at_37"
"Taldo1","ENSMUSG00000025503.5",-0.046964625,6.30027933,-1.23516028,0.226502844,1,"Geno_at_37"
"Atp5h","ENSMUSG00000034566.10",-0.0469526547,5.97982654,-1.29502264,0.205340727,1,"Geno_at_37"
"Mapkapk2","ENSMUSG00000016528.10",-0.0469519282,8.05905791,-1.12952961,0.268247502,1,"Geno_at_37"
"Sdhaf4","ENSMUSG00000026154.4",0.0469256224,2.02180976,0.518076508,0.608262874,1,"Geno_at_37"
"Map3k14","ENSMUSG00000020941.7",-0.0469253768,5.4342047,-1.03409611,0.309481435,1,"Geno_at_37"
"A530017D24Rik","ENSMUSG00000072847.4",-0.0469069108,2.70364437,-0.644974152,0.523920791,1,"Geno_at_37"
"Ccr4","ENSMUSG00000047898.7",0.0468973634,8.03899221,1.3300834,0.193667293,1,"Geno_at_37"
"Susd1","ENSMUSG00000038578.15",0.0468831205,3.60273675,0.745796695,0.461682779,1,"Geno_at_37"
"Recql5","ENSMUSG00000020752.11",-0.0468797984,5.01148713,-1.049032,0.302668785,1,"Geno_at_37"
"Ctsz","ENSMUSG00000016256.10",-0.0468784973,7.31966777,-1.07189349,0.292836441,1,"Geno_at_37"
"Mrpl50","ENSMUSG00000044018.3",0.0468682056,5.44190334,1.08143108,0.288253201,1,"Geno_at_37"
"Gm4992","ENSMUSG00000084110.4",0.0468543242,-0.180168605,0.355517938,0.724727244,1,"Geno_at_37"
"Yars","ENSMUSG00000028811.12",0.0468415638,6.66860971,1.4365666,0.161346151,1,"Geno_at_37"
"Gm48079","ENSMUSG00000113527.1",0.0468409585,0.0153299795,0.360588916,0.720971995,1,"Geno_at_37"
"Gm19696","ENSMUSG00000117485.1",0.0468387816,-0.557702277,0.461747499,0.647644186,1,"Geno_at_37"
"Hyi","ENSMUSG00000006395.16",-0.0468216805,3.32148605,-0.688117846,0.496745888,1,"Geno_at_37"
"Adam1a","ENSMUSG00000072647.6",-0.0468210497,1.1283111,-0.386978814,0.70154519,1,"Geno_at_37"
"Rps27l","ENSMUSG00000036781.13",-0.0467943423,6.61455315,-1.23673702,0.225925196,1,"Geno_at_37"
"Gcc2","ENSMUSG00000038039.13",0.0467747723,5.84174415,1.3538128,0.18606186,1,"Geno_at_37"
"Gm8518","ENSMUSG00000115312.1",-0.0467736707,3.53568191,-0.476038202,0.638132458,1,"Geno_at_37"
"Gm15996","ENSMUSG00000090026.1",0.0467729002,0.194288842,0.324015745,0.7482087,1,"Geno_at_37"
"Parp12","ENSMUSG00000038507.6",0.0467728285,2.17726808,0.318230197,0.753135929,1,"Geno_at_37"
"Gm27042","ENSMUSG00000097792.2",-0.0467647313,1.32859553,-0.448584873,0.657003804,1,"Geno_at_37"
"Lgr6","ENSMUSG00000042793.13",-0.0467452065,-0.62187203,-0.385850703,0.702371574,1,"Geno_at_37"
"Cetn3","ENSMUSG00000021537.9",0.0467329916,6.26254466,1.2174344,0.233073192,1,"Geno_at_37"
"Kif15","ENSMUSG00000036768.6",0.0467320615,7.20834584,1.46655805,0.153059767,1,"Geno_at_37"
"Ncf1","ENSMUSG00000015950.13",0.0467097066,6.4081677,0.919341267,0.366154649,1,"Geno_at_37"
"Trbc1","ENSMUSG00000076490.6",-0.0467078019,7.62613654,-1.47023405,0.152067946,1,"Geno_at_37"
"Psmb1","ENSMUSG00000014769.10",-0.0467050813,7.61872112,-1.63669178,0.112303895,1,"Geno_at_37"
"Srcap","ENSMUSG00000053877.12",0.0467047367,4.28872885,0.734544198,0.468407116,1,"Geno_at_37"
"Gm47483","ENSMUSG00000111496.1",0.0466916584,2.31592824,0.434038811,0.667413304,1,"Geno_at_37"
"Ube4a","ENSMUSG00000059890.16",0.0466913267,6.41858878,1.18319551,0.246164721,1,"Geno_at_37"
"Prc1","ENSMUSG00000038943.16",-0.0466877532,6.86795448,-1.29968618,0.203757671,1,"Geno_at_37"
"Nudcd1","ENSMUSG00000038736.10",0.0466661721,5.68065228,1.13514993,0.265437433,1,"Geno_at_37"
"Hps6","ENSMUSG00000074811.3",-0.0466522559,4.13287676,-0.864998434,0.394008633,1,"Geno_at_37"
"Gm29488","ENSMUSG00000101778.1",0.046641401,-0.378083537,0.3488561,0.729671172,1,"Geno_at_37"
"Wdcp","ENSMUSG00000051721.6",-0.0466364745,3.49123613,-0.643664018,0.524758381,1,"Geno_at_37"
"2010300C02Rik","ENSMUSG00000026090.16",0.0466321478,-0.0199418128,0.403533299,0.689461559,1,"Geno_at_37"
"Gm11274","ENSMUSG00000085331.1",0.0466291254,-0.872618043,0.603341528,0.550885467,1,"Geno_at_37"
"Sdad1","ENSMUSG00000029415.4",0.0466280625,6.48656977,1.29945833,0.2038348,1,"Geno_at_37"
"Sergef","ENSMUSG00000030839.12",-0.0466252691,2.99923618,-0.701689332,0.488363633,1,"Geno_at_37"
"Eefsec","ENSMUSG00000033216.9",-0.046624103,4.9083496,-0.923808345,0.363069502,1,"Geno_at_37"
"Gm15753","ENSMUSG00000082088.1",0.0466240967,4.68435327,0.33249054,0.743687202,1,"Geno_at_37"
"Dnm1l","ENSMUSG00000022789.15",0.0466172318,7.22786241,1.64612407,0.110335783,1,"Geno_at_37"
"Slc7a5","ENSMUSG00000040010.10",-0.0466162011,7.84075135,-0.776272347,0.446808979,1,"Geno_at_37"
"Triap1","ENSMUSG00000029535.4",-0.0466127265,4.49399051,-0.915057832,0.367569206,1,"Geno_at_37"
"Cilk1","ENSMUSG00000009828.15",-0.0466089313,4.14964803,-0.836833711,0.409403628,1,"Geno_at_37"
"Gm37670","ENSMUSG00000103548.1",0.0465919162,1.90048733,0.527196545,0.601993526,1,"Geno_at_37"
"Iqsec2","ENSMUSG00000041115.16",0.0465830072,1.01514574,0.379031028,0.707375086,1,"Geno_at_37"
"Gm44616","ENSMUSG00000108701.1",-0.0465778169,1.03326104,-0.361091333,0.720600319,1,"Geno_at_37"
"Vps51","ENSMUSG00000024797.14",-0.0465776224,5.29411415,-0.912453504,0.368915432,1,"Geno_at_37"
"Ilvbl","ENSMUSG00000032763.11",-0.046572366,5.34322226,-1.06054622,0.297488921,1,"Geno_at_37"
"Gm22486","ENSMUSG00000080465.1",0.0465668717,-0.358332089,0.471367363,0.640840483,1,"Geno_at_37"
"Dapl1","ENSMUSG00000026989.5",-0.0465520049,0.292576174,-0.360125088,0.721315185,1,"Geno_at_37"
"2410131K14Rik","ENSMUSG00000032840.7",0.0465506743,3.77350863,0.779666897,0.441787862,1,"Geno_at_37"
"Gfer","ENSMUSG00000040888.10",-0.0465499922,4.60198694,-0.928695142,0.360572444,1,"Geno_at_37"
"Trav8d-1","ENSMUSG00000076770.3",-0.0465493433,0.253143838,-0.347333449,0.730802842,1,"Geno_at_37"
"Aqp7","ENSMUSG00000028427.13",-0.0465404655,-0.359668245,-0.402981898,0.689862728,1,"Geno_at_37"
"Zmat1","ENSMUSG00000052676.16",-0.0465349704,2.95970882,-0.515879473,0.609777733,1,"Geno_at_37"
"Bcar3","ENSMUSG00000028121.8",-0.046533856,0.12911117,-0.32368343,0.748457765,1,"Geno_at_37"
"Fiz1","ENSMUSG00000061374.14",-0.0465319768,5.64745852,-1.23108509,0.228000941,1,"Geno_at_37"
"Arid5a","ENSMUSG00000037447.16",0.0465315227,6.89812356,1.15136881,0.258812718,1,"Geno_at_37"
"Armh2","ENSMUSG00000085861.1",-0.0465296014,-0.338310228,-0.418751285,0.678426378,1,"Geno_at_37"
"Rapgef5","ENSMUSG00000041992.9",-0.0465226026,2.77547036,-0.493660425,0.625195806,1,"Geno_at_37"
"Abi2","ENSMUSG00000026782.15",0.0465216187,5.13777658,1.02747734,0.312534243,1,"Geno_at_37"
"Spryd3","ENSMUSG00000036966.15",0.0465200085,5.138183,1.01008179,0.320656871,1,"Geno_at_37"
"Mpp2","ENSMUSG00000017314.12",-0.0465178316,2.97564137,-0.486104157,0.630479219,1,"Geno_at_37"
"Retreg1","ENSMUSG00000022270.16",-0.0465071161,7.0497612,-1.36219654,0.183430985,1,"Geno_at_37"
"Ppil4","ENSMUSG00000015757.10",-0.0465008215,6.40195634,-1.52744737,0.137285239,1,"Geno_at_37"
"Gm9670","ENSMUSG00000082383.2",-0.0464831061,-0.174016867,-0.323858836,0.748326298,1,"Geno_at_37"
"Nutf2-ps1","ENSMUSG00000071497.4",0.0464730643,5.139829,0.858274846,0.397649932,1,"Geno_at_37"
"Alms1","ENSMUSG00000063810.7",0.0464730243,4.7272023,0.843773724,0.405575633,1,"Geno_at_37"
"Phf1","ENSMUSG00000024193.8",-0.0464713661,3.80958972,-0.756655524,0.455247751,1,"Geno_at_37"
"Rnf216","ENSMUSG00000045078.12",0.0464655343,6.20447494,1.30933255,0.200512839,1,"Geno_at_37"
"Prpf40b","ENSMUSG00000023007.15",-0.0464611476,2.7644202,-0.591898841,0.55842066,1,"Geno_at_37"
"Tmem80","ENSMUSG00000025505.16",-0.0464604848,4.05112459,-0.717720907,0.478566062,1,"Geno_at_37"
"Eef1b2","ENSMUSG00000025967.16",-0.0464600951,10.0535871,-1.69703719,0.100201198,1,"Geno_at_37"
"Rbfa","ENSMUSG00000024570.7",-0.046457506,4.16580063,-0.892508523,0.379332067,1,"Geno_at_37"
"Gm12251","ENSMUSG00000084384.3",-0.0464432196,2.79254671,-0.604566228,0.550082107,1,"Geno_at_37"
"Zfp316","ENSMUSG00000046658.16",0.0464407373,2.14789758,0.50484738,0.617410884,1,"Geno_at_37"
"AI504432","ENSMUSG00000056145.5",-0.0464372612,3.99510168,-0.619253818,0.540508769,1,"Geno_at_37"
"Abtb2","ENSMUSG00000032724.5",0.0464338838,5.55536546,0.641946268,0.527845426,1,"Geno_at_37"
"Usp18","ENSMUSG00000030107.10",0.0464293265,1.62427597,0.367939768,0.715540974,1,"Geno_at_37"
"Ccser2","ENSMUSG00000058690.14",-0.0464257361,6.06954727,-1.05946114,0.297974385,1,"Geno_at_37"
"Gm37522","ENSMUSG00000103783.1",-0.0464224061,-0.490445062,-0.409251634,0.685306648,1,"Geno_at_37"
"Rps11-ps3","ENSMUSG00000081715.1",-0.0464217375,1.17779267,-0.479330695,0.635232244,1,"Geno_at_37"
"Rac2","ENSMUSG00000033220.7",-0.0464139541,8.59355997,-1.35461888,0.185807641,1,"Geno_at_37"
"Zfp772","ENSMUSG00000066838.7",-0.0464091985,2.28496424,-0.587054366,0.561626628,1,"Geno_at_37"
"Glcci1","ENSMUSG00000029638.17",0.0464064423,2.09348374,0.435236215,0.66655383,1,"Geno_at_37"
"H2ac8","ENSMUSG00000069272.6",-0.0464020249,1.16519877,-0.455617624,0.651995825,1,"Geno_at_37"
"Tbc1d17","ENSMUSG00000038520.15",-0.0464006301,5.3177155,-0.971292034,0.339287618,1,"Geno_at_37"
"Soga1","ENSMUSG00000055485.6",-0.0463898942,-0.0881578844,-0.426015372,0.673184162,1,"Geno_at_37"
"Gm17056","ENSMUSG00000090387.1",0.0463897053,-0.630057174,0.464322084,0.645820229,1,"Geno_at_37"
"Gm37082","ENSMUSG00000102850.1",0.0463767211,-0.225672035,0.414056952,0.681822845,1,"Geno_at_37"
"Nrtn","ENSMUSG00000039481.5",0.0463727998,-0.292961974,0.370305337,0.713796422,1,"Geno_at_37"
"Phactr2","ENSMUSG00000062866.16",0.0463704841,5.45856594,1.04869025,0.302823482,1,"Geno_at_37"
"Flt1","ENSMUSG00000029648.13",-0.0463700927,-0.335837164,-0.39501877,0.695666424,1,"Geno_at_37"
"Tmem67","ENSMUSG00000049488.14",-0.0463574768,2.83540358,-0.533713758,0.597532272,1,"Geno_at_37"
"Zswim6","ENSMUSG00000032846.10",0.0463517911,5.1561239,0.55424825,0.585589326,1,"Geno_at_37"
"Slc25a39","ENSMUSG00000018677.9",-0.0463101736,6.03704707,-1.19370555,0.242089653,1,"Geno_at_37"
"Lctl","ENSMUSG00000032401.15",-0.0462891997,-0.675431087,-0.496984936,0.622877652,1,"Geno_at_37"
"Acvr1","ENSMUSG00000026836.15",-0.0462794743,4.89066029,-0.736229524,0.467676796,1,"Geno_at_37"
"Gas2l1","ENSMUSG00000034201.13",0.0462784767,2.49144059,0.452228749,0.654406981,1,"Geno_at_37"
"Polr2i","ENSMUSG00000019738.15",-0.0462771141,3.25616112,-0.756074062,0.45559098,1,"Geno_at_37"
"Hnrnph3","ENSMUSG00000020069.16",0.0462753394,5.91701884,1.2578755,0.218287471,1,"Geno_at_37"
"Gm13807","ENSMUSG00000085852.1",0.0462747598,1.73101464,0.396308463,0.694725184,1,"Geno_at_37"
"Gm42752","ENSMUSG00000106621.1",-0.0462742362,-0.841983636,-0.541556319,0.592184812,1,"Geno_at_37"
"Dysf","ENSMUSG00000033788.15",0.0462683572,-0.3531136,0.310281936,0.758644101,1,"Geno_at_37"
"Gm45041","ENSMUSG00000109317.1",0.0462657421,-0.567625761,0.421298609,0.676586191,1,"Geno_at_37"
"Gm43860","ENSMUSG00000106928.1",0.0462524188,1.74815253,0.424080803,0.674578651,1,"Geno_at_37"
"Gabpb2","ENSMUSG00000038766.16",0.0462445744,8.03750685,1.71797518,0.0962657545,1,"Geno_at_37"
"Gorasp2","ENSMUSG00000014959.12",-0.0462441571,6.69502761,-1.24632647,0.222435837,1,"Geno_at_37"
"Gm15455","ENSMUSG00000081402.4",0.0462417438,3.28060262,0.72910267,0.471679248,1,"Geno_at_37"
"Gm14140","ENSMUSG00000083055.1",-0.0462314204,-0.584964231,-0.4539199,0.653203265,1,"Geno_at_37"
"Foxs1","ENSMUSG00000074676.2",-0.0462312311,-0.828706267,-0.505984744,0.616621905,1,"Geno_at_37"
"Sec24a","ENSMUSG00000036391.16",0.0462233924,7.03738297,1.19367518,0.242101356,1,"Geno_at_37"
"Ncstn","ENSMUSG00000003458.12",-0.0462224154,6.77884523,-1.55702696,0.130111925,1,"Geno_at_37"
"Gzmm","ENSMUSG00000054206.2",0.0462128424,0.583005337,0.324801396,0.747619977,1,"Geno_at_37"
"Cdc14b","ENSMUSG00000033102.15",0.0462094105,5.16398468,1.02715487,0.31268351,1,"Geno_at_37"
"Gm9200","ENSMUSG00000083595.1",0.0462077773,1.16416944,0.420876506,0.676890978,1,"Geno_at_37"
"Pom121l2","ENSMUSG00000016982.6",-0.0462056306,-0.920575356,-0.62291624,0.538118275,1,"Geno_at_37"
"Grip2","ENSMUSG00000030098.15",-0.0462055423,-0.159739507,-0.331724579,0.742438851,1,"Geno_at_37"
"Gm13453","ENSMUSG00000083240.3",0.046204069,1.97929499,0.466505172,0.644275378,1,"Geno_at_37"
"Itpa","ENSMUSG00000074797.11",-0.0462030008,4.9589306,-0.922679226,0.363648075,1,"Geno_at_37"
"Zfp947","ENSMUSG00000063383.5",0.0462025792,0.883767914,0.35303974,0.726564985,1,"Geno_at_37"
"Tcea2","ENSMUSG00000059540.15",-0.0461866474,3.00515192,-0.716295943,0.479432323,1,"Geno_at_37"
"Uxs1","ENSMUSG00000057363.12",-0.0461610112,5.08615138,-1.21856914,0.232648372,1,"Geno_at_37"
"Gm43149","ENSMUSG00000105229.1",0.0461507294,-0.516151046,0.380059207,0.706619865,1,"Geno_at_37"
"Zfp932","ENSMUSG00000066613.14",-0.0461501782,4.96381035,-1.07229994,0.292265893,1,"Geno_at_37"
"Rhot1","ENSMUSG00000017686.17",0.046145639,6.01196216,1.35605684,0.185354806,1,"Geno_at_37"
"Nup88","ENSMUSG00000040667.11",-0.0461342049,7.37066936,-1.57854805,0.125087425,1,"Geno_at_37"
"Hsd17b12","ENSMUSG00000027195.10",-0.0461337853,7.03557652,-1.31386949,0.199000488,1,"Geno_at_37"
"Hmgb2","ENSMUSG00000054717.7",0.04612698,8.7739112,1.1654379,0.253673024,1,"Geno_at_37"
"Ipo8","ENSMUSG00000040029.15",0.0461243429,6.65728453,1.56405997,0.128452119,1,"Geno_at_37"
"Gm22478","ENSMUSG00000084519.1",0.0461214692,1.75190754,0.364844734,0.717825849,1,"Geno_at_37"
"Orc3","ENSMUSG00000040044.11",-0.0461003143,6.76529484,-1.51891384,0.139413304,1,"Geno_at_37"
"Alkbh4","ENSMUSG00000039754.10",-0.046056579,3.91866968,-0.775593392,0.444152964,1,"Geno_at_37"
"Epc2","ENSMUSG00000069495.12",-0.046045032,6.57896431,-1.2620813,0.21679137,1,"Geno_at_37"
"Gm20939","ENSMUSG00000095193.2",0.0460449286,2.4623175,0.528400268,0.601168348,1,"Geno_at_37"
"Gm20342","ENSMUSG00000101599.1",-0.0460444864,3.74293669,-0.701810932,0.488288892,1,"Geno_at_37"
"Gm45221","ENSMUSG00000109005.1",-0.0460348683,3.90676874,-0.673306505,0.505985229,1,"Geno_at_37"
"Vmn2r96","ENSMUSG00000091679.9",-0.0460299937,1.34276381,-0.345245097,0.732355957,1,"Geno_at_37"
"Gm10179","ENSMUSG00000066807.2",-0.0460168702,1.37198639,-0.423643925,0.674893727,1,"Geno_at_37"
"Gm6532","ENSMUSG00000115160.1",0.0460074737,2.19190175,0.338088886,0.738068683,1,"Geno_at_37"
"Gm42633","ENSMUSG00000106458.1",0.0460074555,-0.496990607,0.385223223,0.702831386,1,"Geno_at_37"
"Smarcd1","ENSMUSG00000023018.5",-0.0460070055,5.96411539,-1.20146995,0.239111354,1,"Geno_at_37"
"Efna3","ENSMUSG00000028039.11",0.046000093,-0.526778208,0.437930076,0.664621913,1,"Geno_at_37"
"Usp30","ENSMUSG00000029592.11",-0.0459925749,4.70754562,-1.17500657,0.249374699,1,"Geno_at_37"
"Pfn1","ENSMUSG00000018293.4",-0.0459908375,10.1175112,-1.64364786,0.110849668,1,"Geno_at_37"
"Tle3","ENSMUSG00000032280.16",-0.0459830763,7.44728591,-1.15187731,0.258606982,1,"Geno_at_37"
"S100a1","ENSMUSG00000044080.9",-0.0459796834,2.22110522,-0.532744573,0.598194712,1,"Geno_at_37"
"Slc39a3","ENSMUSG00000046822.14",-0.0459787075,4.55083241,-0.902562942,0.374057383,1,"Geno_at_37"
"4930537H20Rik","ENSMUSG00000105350.1",-0.0459750214,-0.393802174,-0.465994568,0.64463656,1,"Geno_at_37"
"4833439L19Rik","ENSMUSG00000025871.18",-0.0459590764,6.92772607,-1.5104509,0.141550053,1,"Geno_at_37"
"Gm4926","ENSMUSG00000086909.1",0.0459556186,4.5485308,0.412685219,0.684695636,1,"Geno_at_37"
"Fam228a","ENSMUSG00000079177.4",0.0459477546,-0.400838237,0.369126113,0.714665876,1,"Geno_at_37"
"Inka2","ENSMUSG00000048458.8",-0.045944874,3.54812063,-0.623631838,0.537654516,1,"Geno_at_37"
"Ywhaq-ps3","ENSMUSG00000080902.1",0.0459378801,1.93193486,0.535888033,0.596047429,1,"Geno_at_37"
"Ccnl1","ENSMUSG00000027829.15",0.0459356551,7.49512716,1.18907984,0.243876997,1,"Geno_at_37"
"Ociad1","ENSMUSG00000029152.13",-0.0459278797,7.35105963,-1.53920428,0.134396558,1,"Geno_at_37"
"Gramd1a","ENSMUSG00000001248.15",-0.0459103078,7.48462471,-1.02941461,0.312278243,1,"Geno_at_37"
"Top3a","ENSMUSG00000002814.15",0.0459007531,5.05752279,1.14240112,0.262460603,1,"Geno_at_37"
"Zfp260","ENSMUSG00000049421.13",-0.0458884853,6.09288613,-1.07680722,0.290280259,1,"Geno_at_37"
"Nxt1","ENSMUSG00000036992.10",0.0458877745,5.04990555,1.15784147,0.256202813,1,"Geno_at_37"
"Cd19","ENSMUSG00000030724.7",0.0458857411,-0.794735385,0.508091116,0.615161963,1,"Geno_at_37"
"Csnk1d","ENSMUSG00000025162.18",-0.0458692327,7.73432793,-1.83076613,0.0772385395,1,"Geno_at_37"
"Gm17110","ENSMUSG00000090779.1",0.0458691234,-0.576693673,0.408982599,0.685501904,1,"Geno_at_37"
"Tecpr1","ENSMUSG00000066621.12",-0.0458683188,7.31957195,-0.985159636,0.333418204,1,"Geno_at_37"
"Gm12946","ENSMUSG00000086961.1",-0.0458649986,-0.774578907,-0.445033291,0.659539052,1,"Geno_at_37"
"Gm6501","ENSMUSG00000099998.1",0.0458580901,5.47133895,1.11420532,0.274172891,1,"Geno_at_37"
"Slc35a2","ENSMUSG00000031156.18",0.0458575644,4.32606043,1.00335264,0.323837541,1,"Geno_at_37"
"Hdgfl2","ENSMUSG00000002833.11",-0.0458473455,6.60251323,-0.961384924,0.344642679,1,"Geno_at_37"
"Matn1","ENSMUSG00000040533.7",-0.0458409133,-0.734989076,-0.456334052,0.651486581,1,"Geno_at_37"
"Slc35g1","ENSMUSG00000044026.3",0.0458317541,6.08836346,1.13541693,0.265327389,1,"Geno_at_37"
"Recql","ENSMUSG00000030243.16",0.0458204547,5.69174216,1.05903895,0.298163427,1,"Geno_at_37"
"H3f3c","ENSMUSG00000082029.1",-0.0458186861,4.47844904,-0.778725062,0.442334023,1,"Geno_at_37"
"Ifit3b","ENSMUSG00000062488.9",0.0458068389,-0.663808567,0.425601669,0.673482271,1,"Geno_at_37"
"Zfp846","ENSMUSG00000058192.16",-0.0458035084,3.50656091,-0.820985613,0.41822952,1,"Geno_at_37"
"Sorbs1","ENSMUSG00000025006.18",0.045802922,3.61715372,0.402434053,0.691407085,1,"Geno_at_37"
"Ppp2r5a","ENSMUSG00000026626.11",-0.0457916106,7.27586126,-1.246245,0.222465311,1,"Geno_at_37"
"Gm13293","ENSMUSG00000086006.2",-0.0457859312,-0.380723255,-0.401682989,0.690808103,1,"Geno_at_37"
"Gm26448","ENSMUSG00000064380.1",0.0457792017,0.67427842,0.349987375,0.728830782,1,"Geno_at_37"
"Laptm5","ENSMUSG00000028581.17",-0.04577371,9.28589739,-1.5118545,0.141193848,1,"Geno_at_37"
"Gm49706","ENSMUSG00000116624.1",-0.0457672312,-0.0575257206,-0.386584005,0.70183436,1,"Geno_at_37"
"Myo5b","ENSMUSG00000025885.18",-0.0457554818,-0.283107388,-0.402636758,0.690113879,1,"Geno_at_37"
"Mrps36","ENSMUSG00000061474.11",0.0457515832,2.72852527,0.658406903,0.515374765,1,"Geno_at_37"
"Tcea1","ENSMUSG00000033813.15",0.0457496273,6.10399359,1.24089484,0.224407256,1,"Geno_at_37"
"Fkbp1b","ENSMUSG00000020635.8",-0.0457479798,0.130135692,-0.352888522,0.726677176,1,"Geno_at_37"
"Adgrv1","ENSMUSG00000069170.14",0.0457451198,-0.379440317,0.395175,0.695552378,1,"Geno_at_37"
"Vps28","ENSMUSG00000115987.1",-0.045730369,5.95671062,-1.20393005,0.238173392,1,"Geno_at_37"
"Mmut","ENSMUSG00000023921.9",0.0457297684,4.69332031,0.869223488,0.391731358,1,"Geno_at_37"
"Sox6","ENSMUSG00000051910.13",-0.0457186816,-0.933417993,-0.594806876,0.556500689,1,"Geno_at_37"
"9930022D16Rik","ENSMUSG00000045065.7",-0.0457052543,1.91070563,-0.34571992,0.732136982,1,"Geno_at_37"
"Sgsm3","ENSMUSG00000042303.19",-0.0457044017,3.60397229,-0.726209614,0.4734243,1,"Geno_at_37"
"Atp2b4","ENSMUSG00000026463.17",0.0456684081,6.27880577,0.35535864,0.72688714,1,"Geno_at_37"
"Rassf4","ENSMUSG00000042129.8",-0.0456624148,4.45108112,-0.522303259,0.606612969,1,"Geno_at_37"
"Gm42651","ENSMUSG00000104877.1",0.0456584672,-0.338645975,0.349763628,0.72899697,1,"Geno_at_37"
"Capn11","ENSMUSG00000058626.16",-0.0456544787,0.121854645,-0.0616269579,0.951613508,1,"Geno_at_37"
"Gap43","ENSMUSG00000047261.9",-0.0456510243,5.65477263,-0.490621552,0.629766522,1,"Geno_at_37"
"Cep72","ENSMUSG00000021572.9",-0.0456343649,4.31263429,-0.757427552,0.454792271,1,"Geno_at_37"
"Otulin","ENSMUSG00000046034.8",-0.0456267214,6.40937264,-0.962322863,0.343978002,1,"Geno_at_37"
"Vamp8","ENSMUSG00000050732.9",-0.0456109494,6.15281428,-1.14020864,0.263358113,1,"Geno_at_37"
"Pkm","ENSMUSG00000032294.17",0.0456103892,11.245665,0.607696653,0.551693568,1,"Geno_at_37"
"Plekhf1","ENSMUSG00000074170.5",0.0456068628,1.49945855,0.427493186,0.67211971,1,"Geno_at_37"
"Ess2","ENSMUSG00000003527.9",-0.0456061742,5.10103867,-1.03453655,0.309279026,1,"Geno_at_37"
"Rpl31","ENSMUSG00000073702.11",-0.0455968481,4.06019718,-1.02213806,0.31501206,1,"Geno_at_37"
"A3galt2","ENSMUSG00000028794.13",0.0455957913,-0.278325441,0.392548149,0.697470902,1,"Geno_at_37"
"Rasl11b","ENSMUSG00000049907.8",0.0455935154,2.48689182,0.356951981,0.724087984,1,"Geno_at_37"
"Mcoln1","ENSMUSG00000004567.16",-0.045587048,5.48106106,-1.10961877,0.276113089,1,"Geno_at_37"
"Bst1","ENSMUSG00000029082.17",0.0455625808,-0.692760277,0.393074413,0.69708638,1,"Geno_at_37"
"Uqcrq","ENSMUSG00000044894.14",-0.0455566136,6.03779442,-1.03257813,0.310179743,1,"Geno_at_37"
"Marveld1","ENSMUSG00000044345.9",0.0455480702,5.01029572,1.0273295,0.312602671,1,"Geno_at_37"
"Jade1","ENSMUSG00000025764.14",0.0455437425,6.0174463,1.14125984,0.262927517,1,"Geno_at_37"
"Tle5","ENSMUSG00000054452.10",-0.0455433351,7.84043015,-1.545936,0.132764934,1,"Geno_at_37"
"Gm12522","ENSMUSG00000074281.3",0.0455405502,-0.609366995,0.388538492,0.70040328,1,"Geno_at_37"
"Stk38l","ENSMUSG00000001630.13",-0.0455385267,6.7531589,-0.897283896,0.377905924,1,"Geno_at_37"
"Slc25a5","ENSMUSG00000016319.3",-0.0455298672,9.4222229,-1.46713352,0.152904159,1,"Geno_at_37"
"Lca5l","ENSMUSG00000045275.16",0.0455293339,-0.32118567,0.330807103,0.743124766,1,"Geno_at_37"
"Ppp1r15a","ENSMUSG00000040435.12",-0.0455281143,4.5599564,-0.367286146,0.717883729,1,"Geno_at_37"
"Traj30","ENSMUSG00000076899.1",-0.0455277175,-0.173961026,-0.289106728,0.774661848,1,"Geno_at_37"
"Fbxo42","ENSMUSG00000028920.9",0.0455162289,5.96815143,1.30209044,0.202945195,1,"Geno_at_37"
"Rab11fip4os1","ENSMUSG00000087434.1",0.0455146988,1.24992188,0.370914922,0.713347121,1,"Geno_at_37"
"Rrm2b","ENSMUSG00000022292.16",-0.0455093331,3.77217132,-0.583578196,0.563932834,1,"Geno_at_37"
"Hspa4l","ENSMUSG00000025757.13",0.0454858276,7.2540347,1.22545868,0.230081469,1,"Geno_at_37"
"Fastkd1","ENSMUSG00000027086.16",0.0454821067,3.34215256,0.599711169,0.553270412,1,"Geno_at_37"
"Spcs1","ENSMUSG00000021917.16",-0.0454798172,6.21748332,-1.38122866,0.177566191,1,"Geno_at_37"
"Frmd6","ENSMUSG00000048285.9",0.0454689259,5.14984182,0.874337128,0.388986398,1,"Geno_at_37"
"9530046B11Rik","ENSMUSG00000086047.1",-0.0454656893,-0.121174527,-0.369883307,0.714107544,1,"Geno_at_37"
"Mettl27","ENSMUSG00000040557.14",-0.0454628519,3.51750981,-0.705833683,0.485819994,1,"Geno_at_37"
"Tshz3","ENSMUSG00000021217.7",0.0454627516,-0.461946772,0.345353481,0.732275322,1,"Geno_at_37"
"Gm16386","ENSMUSG00000117333.1",-0.0454614192,0.268400613,-0.362363688,0.719659374,1,"Geno_at_37"
"Mettl16","ENSMUSG00000010554.14",0.045453696,6.03436506,1.09051532,0.284300038,1,"Geno_at_37"
"Rps2-ps11","ENSMUSG00000104280.1",0.0454441259,-0.539132102,0.421946189,0.676118701,1,"Geno_at_37"
"Rps4x","ENSMUSG00000031320.9",-0.0454408446,10.4663572,-1.58604197,0.123375587,1,"Geno_at_37"
"Cyhr1","ENSMUSG00000053929.17",-0.0454394307,6.37226516,-1.39382919,0.173764763,1,"Geno_at_37"
"Mdc1","ENSMUSG00000061607.15",0.045438947,6.5480078,1.22407983,0.230593501,1,"Geno_at_37"
"Arhgef7","ENSMUSG00000031511.16",-0.0454364046,5.97852444,-1.49772686,0.144812356,1,"Geno_at_37"
"Lsm10","ENSMUSG00000050188.8",-0.0454308298,3.302988,-0.754230169,0.456680415,1,"Geno_at_37"
"Fxn","ENSMUSG00000059363.10",0.0454254325,4.17447373,0.87165421,0.390425029,1,"Geno_at_37"
"Exosc4","ENSMUSG00000034259.8",0.0454192668,4.43941913,0.839975797,0.407667714,1,"Geno_at_37"
"Amotl2","ENSMUSG00000032531.15",0.0454161716,-0.900952153,0.521469226,0.605927058,1,"Geno_at_37"
"Gk","ENSMUSG00000025059.16",-0.0453881316,4.23370824,-0.96762636,0.3410853,1,"Geno_at_37"
"Gm13292","ENSMUSG00000082424.4",0.0453850742,-0.105644235,0.357393148,0.723337763,1,"Geno_at_37"
"Adarb1","ENSMUSG00000020262.15",-0.0453809666,6.60908067,-1.10176927,0.279456381,1,"Geno_at_37"
"Gm46496","ENSMUSG00000115116.1",-0.0453648391,2.58648762,-0.567711487,0.574519843,1,"Geno_at_37"
"Golph3","ENSMUSG00000022200.8",0.0453638534,7.76671423,1.45899814,0.155115756,1,"Geno_at_37"
"Sf3b5","ENSMUSG00000078348.4",-0.0453402739,5.75382584,-1.05122709,0.30167645,1,"Geno_at_37"
"Xpc","ENSMUSG00000030094.8",-0.0453358795,4.30310087,-0.820303466,0.418612039,1,"Geno_at_37"
"Gm16372","ENSMUSG00000057160.2",0.0453251849,3.07947925,0.638448405,0.528099941,1,"Geno_at_37"
"Golga4","ENSMUSG00000038708.10",0.0453230992,7.08378672,1.2565468,0.218761741,1,"Geno_at_37"
"Esco2","ENSMUSG00000022034.10",0.0453060859,6.48271963,1.08975339,0.284630113,1,"Geno_at_37"
"Fgf2","ENSMUSG00000037225.13",-0.0452931245,6.87616531,-1.27623027,0.211815184,1,"Geno_at_37"
"Nrm","ENSMUSG00000059791.14",-0.04528742,4.92522701,-0.950570657,0.349533757,1,"Geno_at_37"
"Tmem256","ENSMUSG00000070394.10",0.0452851457,4.50705069,0.960458734,0.344618868,1,"Geno_at_37"
"Naa10","ENSMUSG00000031388.14",-0.04527747,5.41571547,-1.19965328,0.239805754,1,"Geno_at_37"
"Gm28071","ENSMUSG00000100397.1",-0.0452764904,-0.295487588,-0.409305751,0.685267374,1,"Geno_at_37"
"Derl3","ENSMUSG00000009092.5",-0.0452760364,2.06768798,-0.390038511,0.69930572,1,"Geno_at_37"
"Il6","ENSMUSG00000025746.11",0.0452706178,-0.91527461,0.607446575,0.548195098,1,"Geno_at_37"
"Ppm1l","ENSMUSG00000027784.10",0.0452595042,5.57865616,0.998752813,0.32602414,1,"Geno_at_37"
"Cdc5l","ENSMUSG00000023932.9",0.0452395356,6.99057508,1.44601923,0.158696845,1,"Geno_at_37"
"Impdh2","ENSMUSG00000062867.13",-0.0452120397,6.20078443,-1.33263829,0.192837075,1,"Geno_at_37"
"Gm8615","ENSMUSG00000024437.6",-0.0451875394,1.45665057,-0.48447113,0.631623675,1,"Geno_at_37"
"Pmvk","ENSMUSG00000027952.16",0.0451854434,5.73570684,0.904743926,0.372919533,1,"Geno_at_37"
"Rpl18-ps1","ENSMUSG00000081382.1",-0.0451800762,3.19576399,-0.522819574,0.604998547,1,"Geno_at_37"
"Nck1","ENSMUSG00000032475.15",-0.0451792513,5.17994331,-0.890299923,0.380497144,1,"Geno_at_37"
"Scml2","ENSMUSG00000000037.17",0.0451724981,0.767320278,0.314671458,0.755222543,1,"Geno_at_37"
"Cit","ENSMUSG00000029516.19",0.0451696403,6.38511945,1.2324403,0.227501927,1,"Geno_at_37"
"Naa25","ENSMUSG00000042719.17",0.0451538418,6.32724166,1.51731078,0.139816035,1,"Geno_at_37"
"Smim11","ENSMUSG00000051989.11",-0.0451531559,3.84599477,-0.821017465,0.418211665,1,"Geno_at_37"
"Ndufv3","ENSMUSG00000024038.17",-0.0451506774,5.64601029,-0.799215418,0.431151679,1,"Geno_at_37"
"Rcor3","ENSMUSG00000037395.15",0.0451463124,4.53822495,0.836101262,0.409808949,1,"Geno_at_37"
"Gm12540","ENSMUSG00000083353.1",0.0451402572,-0.494993495,0.424792749,0.674065324,1,"Geno_at_37"
"Mir7001","ENSMUSG00000099238.1",0.0451273068,-0.457353938,0.474302896,0.638770577,1,"Geno_at_37"
"Asb8","ENSMUSG00000048175.13",-0.0451235102,4.53587337,-0.868384531,0.392182881,1,"Geno_at_37"
"Dhx32","ENSMUSG00000030986.13",0.045121971,5.39956984,1.16812499,0.252095903,1,"Geno_at_37"
"Gm37349","ENSMUSG00000102970.1",-0.0451145416,0.345396196,-0.348874217,0.729657711,1,"Geno_at_37"
"Tpcn2","ENSMUSG00000048677.9",0.0451137943,4.1459869,0.79544542,0.432698581,1,"Geno_at_37"
"Gm44171","ENSMUSG00000107696.1",0.0451121195,-0.902401146,0.553927861,0.583796512,1,"Geno_at_37"
"Map2","ENSMUSG00000015222.18",0.0451049709,0.792510988,0.348371685,0.730031134,1,"Geno_at_37"
"Snrnp35","ENSMUSG00000029402.8",0.0451011802,4.17380246,0.632780813,0.531743963,1,"Geno_at_37"
"Gucy2e","ENSMUSG00000020890.11",0.0450972014,-0.1635926,0.378716992,0.707605813,1,"Geno_at_37"
"D11Wsu47e","ENSMUSG00000041623.17",0.0450879249,3.99809153,0.903318106,0.373663148,1,"Geno_at_37"
"Prkx","ENSMUSG00000035725.13",0.0450864857,5.49528953,1.12719823,0.268729865,1,"Geno_at_37"
"Ptges3l","ENSMUSG00000097487.7",-0.0450795336,1.66501373,-0.398002577,0.693489543,1,"Geno_at_37"
"Fgd3","ENSMUSG00000037946.11",-0.045071607,5.65298879,-0.690725935,0.496688945,1,"Geno_at_37"
"Idh3g","ENSMUSG00000002010.17",-0.0450656444,6.60481998,-1.337391,0.191299986,1,"Geno_at_37"
"Ypel2","ENSMUSG00000018427.8",-0.0450628435,5.37544457,-0.873812928,0.389267217,1,"Geno_at_37"
"Ubap1l","ENSMUSG00000086228.3",-0.0450624671,-0.121045197,-0.361656486,0.720182317,1,"Geno_at_37"
"Gm25008","ENSMUSG00000065743.1",0.0450504826,-0.579847486,0.380412714,0.706360277,1,"Geno_at_37"
"Amd-ps3","ENSMUSG00000060096.5",0.0450393095,3.13292677,0.59651432,0.555374962,1,"Geno_at_37"
"Gm5861","ENSMUSG00000095918.7",-0.0450346573,0.238067526,-0.302925646,0.764069096,1,"Geno_at_37"
"Dclk2","ENSMUSG00000028078.14",-0.045029444,3.53946975,-0.649177778,0.521238218,1,"Geno_at_37"
"Mapk8ip2","ENSMUSG00000022619.5",0.0450276765,-0.607925929,0.482252733,0.633179857,1,"Geno_at_37"
"Kif21b","ENSMUSG00000041642.18",-0.0450149368,7.61217758,-0.833192626,0.413672479,1,"Geno_at_37"
"H2-Bl","ENSMUSG00000073406.10",-0.0450118596,-0.234576626,-0.337945451,0.737793751,1,"Geno_at_37"
"Smarce1","ENSMUSG00000037935.16",-0.0450084079,6.64916499,-1.23895227,0.225115494,1,"Geno_at_37"
"Gm37860","ENSMUSG00000103763.1",0.0449936771,-0.452345877,0.398753964,0.692941774,1,"Geno_at_37"
"Med13","ENSMUSG00000034297.14",0.044987904,7.14402567,1.19165696,0.242880016,1,"Geno_at_37"
"0610010K14Rik","ENSMUSG00000020831.18",0.0449862479,1.39672746,0.419098642,0.678175328,1,"Geno_at_37"
"Thrb","ENSMUSG00000021779.17",0.0449835977,1.39594136,0.34739057,0.730760378,1,"Geno_at_37"
"Fam102b","ENSMUSG00000040339.10",0.0449716661,4.48416246,0.827447517,0.414616709,1,"Geno_at_37"
"Usp54","ENSMUSG00000034235.17",0.0449703896,4.35158571,0.964006475,0.342866809,1,"Geno_at_37"
"Rps15a","ENSMUSG00000008683.16",-0.0449703777,8.91533414,-1.45348336,0.156629415,1,"Geno_at_37"
"Cbfb","ENSMUSG00000031885.14",0.0449681253,8.15653406,1.50535398,0.14284965,1,"Geno_at_37"
"Gm17066","ENSMUSG00000091509.7",-0.0449598499,4.14161635,-0.916100326,0.367031224,1,"Geno_at_37"
"Bcl3","ENSMUSG00000053175.17",0.0449483494,5.2896271,0.461116996,0.650323478,1,"Geno_at_37"
"Enox1","ENSMUSG00000022012.9",0.0449458205,0.569865918,0.341157006,0.735399617,1,"Geno_at_37"
"Ints13","ENSMUSG00000040250.14",0.0449447025,6.09860443,1.27799951,0.211199096,1,"Geno_at_37"
"BC026513","ENSMUSG00000118004.1",-0.0449435036,-0.639822253,-0.374200748,0.710927076,1,"Geno_at_37"
"Lingo3","ENSMUSG00000051067.8",-0.044937981,-0.913279398,-0.546124443,0.589080708,1,"Geno_at_37"
"Mroh8","ENSMUSG00000074627.11",0.0449340594,0.111322625,0.318002312,0.752719926,1,"Geno_at_37"
"Llgl2","ENSMUSG00000020782.18",0.0449289764,4.08218299,0.854063111,0.399941716,1,"Geno_at_37"
"Pigg","ENSMUSG00000029263.15",-0.0449169878,4.22654158,-0.743045249,0.463321752,1,"Geno_at_37"
"Gm5823","ENSMUSG00000117813.1",-0.0449044377,1.17251475,-0.442720122,0.661192492,1,"Geno_at_37"
"Clec16a","ENSMUSG00000068663.14",-0.044904361,4.83812057,-1.00772993,0.321766076,1,"Geno_at_37"
"Abraxas1","ENSMUSG00000035234.18",0.0449037309,4.63241689,0.988816777,0.330781759,1,"Geno_at_37"
"Kctd14","ENSMUSG00000051727.14",-0.0448967973,5.663676,-0.838886169,0.408586532,1,"Geno_at_37"
"Gm19221","ENSMUSG00000113491.1",0.0448967354,3.56540452,0.636672948,0.529240044,1,"Geno_at_37"
"Prkaca","ENSMUSG00000005469.10",-0.0448925537,5.98681181,-1.10115001,0.279721368,1,"Geno_at_37"
"Tfpi","ENSMUSG00000027082.15",0.0448883224,3.27642116,0.229077634,0.821601144,1,"Geno_at_37"
"Hmgn1","ENSMUSG00000040681.16",-0.0448661269,7.94460295,-1.13520494,0.265414757,1,"Geno_at_37"
"Gm24187","ENSMUSG00000088609.1",-0.044850627,2.08581583,-0.27748671,0.784036857,1,"Geno_at_37"
"Boll","ENSMUSG00000025977.15",0.0448351841,0.215990116,0.357617755,0.7231714,1,"Geno_at_37"
"Prdm9","ENSMUSG00000051977.16",0.0448324897,4.19225855,0.869604041,0.391526656,1,"Geno_at_37"
"Ufsp1","ENSMUSG00000051502.7",0.0448322348,0.442866254,0.31008909,0.758669891,1,"Geno_at_37"
"Gm15443","ENSMUSG00000082588.1",-0.0448321827,1.18252555,-0.371670664,0.712790239,1,"Geno_at_37"
"Nemp1","ENSMUSG00000040195.11",0.0448313132,6.39042323,1.27917299,0.210791216,1,"Geno_at_37"
"Gnat2","ENSMUSG00000009108.15",0.0448305668,-0.0477418251,0.367478208,0.715881546,1,"Geno_at_37"
"Myef2","ENSMUSG00000027201.16",0.0448295125,5.99724031,1.20957097,0.236032989,1,"Geno_at_37"
"Cap1","ENSMUSG00000028656.14",-0.0448292884,8.68914713,-1.53882977,0.134487809,1,"Geno_at_37"
"Ddhd1","ENSMUSG00000037697.19",0.0448193393,5.91018242,0.990442624,0.330000047,1,"Geno_at_37"
"Gps1","ENSMUSG00000025156.17",-0.0448056273,5.43617138,-1.17211671,0.250514807,1,"Geno_at_37"
"Cep170","ENSMUSG00000057335.11",0.0447976693,6.01146322,1.1182949,0.272451196,1,"Geno_at_37"
"Asb2","ENSMUSG00000021200.14",-0.0447928207,2.67637069,-0.464256596,0.645866596,1,"Geno_at_37"
"Fancb","ENSMUSG00000047757.17",0.0447900812,3.9928685,0.866493674,0.393201747,1,"Geno_at_37"
"Dhx30","ENSMUSG00000032480.17",0.0447760055,6.91305526,1.46112209,0.154535912,1,"Geno_at_37"
"Lypd6b","ENSMUSG00000026765.12",-0.0447545383,0.274921716,-0.280894247,0.780776281,1,"Geno_at_37"
"Usp9x","ENSMUSG00000031010.17",0.0447479352,7.83440102,1.46819816,0.152616612,1,"Geno_at_37"
"Gm7488","ENSMUSG00000039617.8",-0.0447478628,5.87978717,-1.42598457,0.164353522,1,"Geno_at_37"
"Fitm2","ENSMUSG00000048486.6",-0.0447326922,3.23641051,-0.644382369,0.524299038,1,"Geno_at_37"
"Gm9484","ENSMUSG00000105006.1",0.0447287681,-0.596587928,0.366619377,0.716515412,1,"Geno_at_37"
"Wdr5b","ENSMUSG00000034379.9",0.044717981,2.75224917,0.496421722,0.623270101,1,"Geno_at_37"
"Gm6275","ENSMUSG00000081295.1",-0.0447129188,-0.481183184,-0.41338634,0.682308606,1,"Geno_at_37"
"Pik3c3","ENSMUSG00000033628.15",-0.0447106604,5.87127015,-1.18274684,0.246339803,1,"Geno_at_37"
"Esco1","ENSMUSG00000024293.16",0.0447061261,5.95255952,1.10113848,0.279726301,1,"Geno_at_37"
"Gm17490","ENSMUSG00000091312.1",-0.0447027581,-0.633496986,-0.413410518,0.68229109,1,"Geno_at_37"
"Dync1i2","ENSMUSG00000027012.15",-0.0447001433,6.88982923,-1.25756308,0.218398919,1,"Geno_at_37"
"Zfp931","ENSMUSG00000078861.8",-0.0446984121,1.85579151,-0.431381568,0.669322258,1,"Geno_at_37"
"Snrnp27","ENSMUSG00000001158.13",-0.0446982829,5.2740091,-1.18172352,0.246739472,1,"Geno_at_37"
"Bbs2","ENSMUSG00000031755.6",-0.044690141,2.30625275,-0.501274247,0.619892552,1,"Geno_at_37"
"Mterf1a","ENSMUSG00000040429.6",0.0446807673,2.86540174,0.489266045,0.628265957,1,"Geno_at_37"
"Ggnbp2","ENSMUSG00000020530.14",-0.044672088,7.49681374,-1.39000315,0.174912217,1,"Geno_at_37"
"Gm25819","ENSMUSG00000084522.1",0.0446697344,-0.506365923,0.428148263,0.671648087,1,"Geno_at_37"
"Fxyd4","ENSMUSG00000004988.9",-0.0446687251,0.00247087536,-0.322522742,0.7493279,1,"Geno_at_37"
"G2e3","ENSMUSG00000035293.13",-0.0446618814,6.58097132,-1.24467896,0.22303242,1,"Geno_at_37"
"Fam199x","ENSMUSG00000042595.7",0.044656359,4.87373724,0.976702073,0.336646178,1,"Geno_at_37"
"Arl3","ENSMUSG00000025035.9",0.0446517538,4.53290866,0.948053052,0.350792575,1,"Geno_at_37"
"Resf1","ENSMUSG00000032712.16",0.0446450151,6.60579399,0.885725882,0.383801664,1,"Geno_at_37"
"Gm20036","ENSMUSG00000093579.1",0.0446447967,-0.193347419,0.308929796,0.759542839,1,"Geno_at_37"
"Ubap1","ENSMUSG00000028437.14",-0.0446413247,5.67412676,-1.24945693,0.221305568,1,"Geno_at_37"
"Lingo4","ENSMUSG00000044505.5",0.0446350215,2.02999991,0.455926247,0.651776432,1,"Geno_at_37"
"Poglut3","ENSMUSG00000034487.4",-0.0446336474,2.75814762,-0.559478722,0.580051848,1,"Geno_at_37"
"Cdc34","ENSMUSG00000020307.15",-0.0446325065,6.45374509,-1.20051651,0.239475607,1,"Geno_at_37"
"Mfsd4b4","ENSMUSG00000096687.8",-0.0446236611,3.67645154,-0.676318472,0.504098687,1,"Geno_at_37"
"Gm14270","ENSMUSG00000084013.1",0.0446211061,4.57370116,0.828530221,0.414013279,1,"Geno_at_37"
"Haus6","ENSMUSG00000038047.18",0.0446187255,6.64096583,1.16892048,0.251780232,1,"Geno_at_37"
"Vdac3","ENSMUSG00000008892.12",0.0446030764,5.44182542,1.23940345,0.22495085,1,"Geno_at_37"
"Gm38340","ENSMUSG00000102516.1",0.0446001281,-0.851695708,0.497114714,0.622787239,1,"Geno_at_37"
"Ppcdc","ENSMUSG00000063849.6",-0.0445924319,4.9640976,-0.872992272,0.389707111,1,"Geno_at_37"
"Pcdhgb8","ENSMUSG00000103081.3",0.0445895922,-0.530568952,0.381188798,0.705790506,1,"Geno_at_37"
"Kctd6","ENSMUSG00000021752.13",-0.0445879429,4.13069557,-0.751251645,0.458443476,1,"Geno_at_37"
"Cspp1","ENSMUSG00000056763.16",0.0445873473,5.71113763,1.21326447,0.234639291,1,"Geno_at_37"
"Gm26520","ENSMUSG00000097429.1",-0.0445838591,0.196733964,-0.226030695,0.823171978,1,"Geno_at_37"
"Snord53","ENSMUSG00000092887.1",-0.0445708772,0.81438084,-0.375959471,0.709633014,1,"Geno_at_37"
"Commd6","ENSMUSG00000075486.10",0.0445703658,4.68503534,1.00185258,0.324549512,1,"Geno_at_37"
"Mettl25","ENSMUSG00000036009.16",-0.044567376,3.32522023,-0.738475732,0.466051227,1,"Geno_at_37"
"Mrpl12","ENSMUSG00000039640.7",-0.0445635229,6.23666462,-1.41294509,0.168120143,1,"Geno_at_37"
"Shisa7","ENSMUSG00000053550.13",-0.044563011,-0.722017578,-0.41759975,0.67925891,1,"Geno_at_37"
"Gm43636","ENSMUSG00000107045.1",0.0445622118,-0.811766005,0.491255239,0.626875357,1,"Geno_at_37"
"Mir5104","ENSMUSG00000093060.1",-0.0445450856,-0.701356686,-0.447887417,0.657501347,1,"Geno_at_37"
"Nme2","ENSMUSG00000020857.11",0.0445389983,1.27450706,0.361077498,0.720610553,1,"Geno_at_37"
"Phax","ENSMUSG00000008301.11",-0.0445219246,5.64814619,-1.25915779,0.217830506,1,"Geno_at_37"
"Tpst2","ENSMUSG00000029344.15",0.0445216043,4.72817058,0.975732372,0.337118607,1,"Geno_at_37"
"Tbc1d4","ENSMUSG00000033083.16",-0.0445182826,7.38934557,-0.959676979,0.345864775,1,"Geno_at_37"
"9030025P20Rik","ENSMUSG00000116953.1",-0.0445171518,1.24166644,-0.413807791,0.68200331,1,"Geno_at_37"
"Gm5931","ENSMUSG00000068200.6",0.0445166599,3.27226964,0.745496989,0.461861142,1,"Geno_at_37"
"Fads1","ENSMUSG00000010663.5",0.0445159628,6.47129734,1.1946871,0.241711638,1,"Geno_at_37"
"Akr1b8","ENSMUSG00000029762.6",-0.0445148124,2.16968766,-0.383100047,0.70438808,1,"Geno_at_37"
"Gm8369","ENSMUSG00000058470.10",0.0445044294,4.56526214,0.669875811,0.508259896,1,"Geno_at_37"
"Socs1","ENSMUSG00000038037.5",-0.0445040521,6.22216675,-0.503300639,0.621106386,1,"Geno_at_37"
"Nfia","ENSMUSG00000028565.18",-0.0445005113,1.83062849,-0.462223176,0.647307026,1,"Geno_at_37"
"Dvl3","ENSMUSG00000003233.12",-0.0444989973,5.61176753,-1.06552959,0.295266489,1,"Geno_at_37"
"9430037G07Rik","ENSMUSG00000097073.7",-0.0444974138,-0.452534365,-0.359564039,0.721730389,1,"Geno_at_37"
"Kifbp","ENSMUSG00000036955.16",0.0444964489,4.86593154,1.13987591,0.263494515,1,"Geno_at_37"
"Hspa2","ENSMUSG00000059970.7",0.0444955871,0.91446501,0.356617991,0.723912018,1,"Geno_at_37"
"Neil3","ENSMUSG00000039396.11",-0.0444888095,6.6746421,-1.0955646,0.282119507,1,"Geno_at_37"
"Gimap4","ENSMUSG00000054435.16",-0.0444864146,8.34383809,-1.34463733,0.188974694,1,"Geno_at_37"
"Slc30a4","ENSMUSG00000005802.12",0.0444850773,5.25671769,0.886785991,0.382355565,1,"Geno_at_37"
"Plxnd1","ENSMUSG00000030123.15",0.0444850255,6.13674118,0.792004305,0.43584707,1,"Geno_at_37"
"Taf6","ENSMUSG00000036980.13",0.0444707497,5.06257541,1.05415978,0.300354223,1,"Geno_at_37"
"Marf1","ENSMUSG00000060657.8",0.044467756,7.36862535,1.30179762,0.203044015,1,"Geno_at_37"
"Rpl36","ENSMUSG00000057863.6",-0.0444405803,6.6338413,-1.3736801,0.1798745,1,"Geno_at_37"
"Katnal2","ENSMUSG00000025420.13",0.0444327545,-0.350105147,0.357278959,0.723422347,1,"Geno_at_37"
"Mpeg1","ENSMUSG00000046805.10",0.0444314179,2.06808663,0.220825172,0.827674941,1,"Geno_at_37"
"Cdcp1","ENSMUSG00000035498.10",-0.0444270811,1.5901929,-0.390028476,0.69931306,1,"Geno_at_37"
"Comp","ENSMUSG00000031849.9",0.0444121549,1.04246576,0.261379217,0.795885775,1,"Geno_at_37"
"Dennd11","ENSMUSG00000037172.14",-0.0444075132,6.35906371,-1.20497733,0.237774922,1,"Geno_at_37"
"Serpinb1a","ENSMUSG00000044734.16",0.0444036021,1.08573593,0.272268927,0.787512572,1,"Geno_at_37"
"Mir1291","ENSMUSG00000106463.1",0.0443752553,-0.408877762,0.368105672,0.715418572,1,"Geno_at_37"
"Tnf","ENSMUSG00000024401.14",-0.0443742202,5.28514627,-0.350048186,0.730734405,1,"Geno_at_37"
"A330035P11Rik","ENSMUSG00000085615.2",0.0443695658,0.321457474,0.380158429,0.706547001,1,"Geno_at_37"
"Lcp2","ENSMUSG00000002699.13",-0.0443595642,8.56234576,-1.21530781,0.2338709,1,"Geno_at_37"
"Hmga2","ENSMUSG00000056758.14",0.0443498915,2.08645709,0.26610427,0.792750879,1,"Geno_at_37"
"Atp13a2","ENSMUSG00000036622.15",-0.0443425216,5.07418347,-0.967890942,0.340955332,1,"Geno_at_37"
"Traj43","ENSMUSG00000076887.1",0.0443399219,-0.717483969,0.453746541,0.653326614,1,"Geno_at_37"
"Arhgap35","ENSMUSG00000058230.12",0.0443217758,5.74963655,1.15747914,0.2563484,1,"Geno_at_37"
"Msl3l2","ENSMUSG00000047669.8",-0.0443213438,4.06613245,-0.409879886,0.686254225,1,"Geno_at_37"
"Aip","ENSMUSG00000024847.15",0.0443126179,6.16428543,1.42146256,0.165652124,1,"Geno_at_37"
"Il20rb","ENSMUSG00000044244.18",-0.0443122197,2.34912402,-0.407786505,0.686370256,1,"Geno_at_37"
"Gm43029","ENSMUSG00000106904.1",-0.0443112904,1.20834573,-0.356117768,0.724282682,1,"Geno_at_37"
"Stap2","ENSMUSG00000038781.7",-0.0443073098,2.18419715,-0.425131435,0.673821181,1,"Geno_at_37"
"Sf3a3","ENSMUSG00000028902.4",0.0442870949,7.07660704,1.43954331,0.160508101,1,"Geno_at_37"
"Lrp6","ENSMUSG00000030201.15",0.0442798171,7.10564139,1.00149867,0.325030979,1,"Geno_at_37"
"Cd44","ENSMUSG00000005087.17",-0.0442663206,8.12520001,-1.32712498,0.194632084,1,"Geno_at_37"
"Pex13","ENSMUSG00000020283.5",0.0442631391,4.63557868,0.916293359,0.366931665,1,"Geno_at_37"
"Stx18","ENSMUSG00000029125.14",0.0442602498,4.39366496,1.00221239,0.324378639,1,"Geno_at_37"
"Cnr2","ENSMUSG00000062585.11",0.0442590422,1.82315977,0.366704327,0.716452705,1,"Geno_at_37"
"Lyn","ENSMUSG00000042228.14",-0.0442580956,1.6389787,-0.396964269,0.694246755,1,"Geno_at_37"
"Slc35b4","ENSMUSG00000018999.14",0.0442563563,6.16465558,0.834538869,0.411466901,1,"Geno_at_37"
"Lrtm2","ENSMUSG00000055003.14",-0.0442501295,-0.295881629,-0.348415669,0.729998447,1,"Geno_at_37"
"Cd47","ENSMUSG00000055447.19",-0.0442495756,8.82942633,-1.30542166,0.201823571,1,"Geno_at_37"
"Slc17a7","ENSMUSG00000070570.5",0.0442455501,-0.234858281,0.369535327,0.714364114,1,"Geno_at_37"
"Gm10037","ENSMUSG00000058246.8",-0.0442405835,-0.789638444,-0.482139679,0.63325921,1,"Geno_at_37"
"Hid1","ENSMUSG00000034586.14",-0.0442271241,2.4208046,-0.431281258,0.669394365,1,"Geno_at_37"
"Hadhb","ENSMUSG00000059447.13",-0.0442253796,4.22710344,-0.749429141,0.459524237,1,"Geno_at_37"
"Gm11249","ENSMUSG00000083087.1",-0.0442142161,2.28195673,-0.498737157,0.621657422,1,"Geno_at_37"
"Snord7","ENSMUSG00000065715.1",-0.0442091194,0.449403517,-0.269631459,0.789407657,1,"Geno_at_37"
"1700112H15Rik","ENSMUSG00000101574.1",0.0442084847,-0.95506399,0.618138769,0.541219827,1,"Geno_at_37"
"Npc1","ENSMUSG00000024413.14",0.0442033893,6.39256803,1.24073991,0.224463682,1,"Geno_at_37"
"Aard","ENSMUSG00000068522.4",-0.0442021311,1.80631918,-0.321433407,0.750314278,1,"Geno_at_37"
"Coro2a","ENSMUSG00000028337.14",0.0441971111,6.91424392,0.592969084,0.560573276,1,"Geno_at_37"
"Kdm3a","ENSMUSG00000053470.13",0.0441925582,7.38777214,0.577036842,0.57127599,1,"Geno_at_37"
"Itsn1","ENSMUSG00000022957.20",-0.0441873083,2.90723084,-0.558671963,0.58059536,1,"Geno_at_37"
"Kif16b","ENSMUSG00000038844.10",-0.0441858279,4.97218141,-0.97863429,0.335706155,1,"Geno_at_37"
"Pfas","ENSMUSG00000020899.16",0.0441775405,7.37441316,1.48808177,0.147325385,1,"Geno_at_37"
"Neurl1a","ENSMUSG00000006435.16",-0.0441771473,0.447245532,-0.297026851,0.768524202,1,"Geno_at_37"
"Uqcc3","ENSMUSG00000071654.6",0.0441742166,4.15486761,0.655343011,0.517317319,1,"Geno_at_37"
"Gm29243","ENSMUSG00000100605.1",-0.0441629196,-0.0280875696,-0.269778253,0.78935447,1,"Geno_at_37"
"Sash3","ENSMUSG00000031101.6",-0.0441604934,7.42475174,-1.14492836,0.261428812,1,"Geno_at_37"
"Prex1","ENSMUSG00000039621.13",0.0441576067,7.04413223,1.27142986,0.21349367,1,"Geno_at_37"
"Gm5824","ENSMUSG00000118241.1",-0.0441441705,-0.611612146,-0.477420151,0.636575771,1,"Geno_at_37"
"4933431C10Rik","ENSMUSG00000108923.1",-0.0441303644,0.890848303,-0.380646925,0.70618831,1,"Geno_at_37"
"H2-K1","ENSMUSG00000061232.16",0.0441227786,9.82530161,0.727957648,0.476059609,1,"Geno_at_37"
"Slc25a30","ENSMUSG00000022003.7",0.0441192021,4.63475486,0.855243883,0.399298367,1,"Geno_at_37"
"Serinc3","ENSMUSG00000017707.9",0.0441053729,8.95175274,1.54226236,0.133653336,1,"Geno_at_37"
"Gm26852","ENSMUSG00000097231.2",-0.0441036253,1.38631073,-0.461489817,0.647826863,1,"Geno_at_37"
"Esrp2","ENSMUSG00000084128.10",-0.0441021983,2.82841094,-0.300561749,0.766826487,1,"Geno_at_37"
"Kcnq2","ENSMUSG00000016346.17",-0.0440969826,-0.87929294,-0.526369721,0.602560642,1,"Geno_at_37"
"Tbcel","ENSMUSG00000037287.15",0.0440916632,5.65494354,1.11814824,0.272512802,1,"Geno_at_37"
"Rpl7a-ps3","ENSMUSG00000068579.5",-0.0440874396,-0.234684774,-0.365323138,0.717472499,1,"Geno_at_37"
"Snrnp70","ENSMUSG00000063511.11",-0.0440860244,9.09999909,-0.788514512,0.439928499,1,"Geno_at_37"
"Gm6012","ENSMUSG00000109899.1",0.0440836844,-0.171412076,0.30006131,0.766237453,1,"Geno_at_37"
"Septin11","ENSMUSG00000058013.11",0.0440828992,7.50888126,1.30915388,0.200572579,1,"Geno_at_37"
"Tmx2","ENSMUSG00000050043.16",0.0440806723,5.37212851,1.23180603,0.227735373,1,"Geno_at_37"
"Il27ra","ENSMUSG00000005465.9",-0.0440764814,5.86337459,-1.01653131,0.31762858,1,"Geno_at_37"
"Chd7","ENSMUSG00000041235.12",0.0440761752,5.72303895,1.19270315,0.242476151,1,"Geno_at_37"
"Nosip","ENSMUSG00000003421.13",-0.0440756999,5.57273271,-1.21545944,0.233813954,1,"Geno_at_37"
"Ppp2r5b","ENSMUSG00000024777.10",0.0440736569,3.09942925,0.57372685,0.570494485,1,"Geno_at_37"
"Kcnk5","ENSMUSG00000023243.9",-0.0440679619,5.06279915,-0.786054317,0.438094588,1,"Geno_at_37"
"1110059E24Rik","ENSMUSG00000035171.9",0.0440646311,5.41085508,1.01028209,0.320562522,1,"Geno_at_37"
"Suco","ENSMUSG00000040297.12",-0.0440561621,6.47577899,-1.0214766,0.315319969,1,"Geno_at_37"
"Lmf2","ENSMUSG00000022614.8",-0.0440417442,6.72893796,-1.29837484,0.204201866,1,"Geno_at_37"
"Gm15401","ENSMUSG00000072999.9",-0.0440400696,-0.776064215,-0.521858179,0.605659542,1,"Geno_at_37"
"Appl1","ENSMUSG00000040760.11",0.0440350827,6.7549842,1.15927619,0.255626916,1,"Geno_at_37"
"Impa1","ENSMUSG00000027531.16",0.0440319305,6.17006754,1.19125174,0.243036579,1,"Geno_at_37"
"Ggt5","ENSMUSG00000006344.17",-0.0440165836,-0.773550985,-0.499498477,0.621127585,1,"Geno_at_37"
"Gm2682","ENSMUSG00000115681.1",0.0440135523,4.12586458,0.778418779,0.44251172,1,"Geno_at_37"
"Coq10a","ENSMUSG00000039914.6",-0.0440132929,3.74704298,-0.875178844,0.388535755,1,"Geno_at_37"
"Tctex1d2","ENSMUSG00000014075.15",-0.043991305,1.2213007,-0.355215128,0.724951707,1,"Geno_at_37"
"Helz","ENSMUSG00000020721.16",0.0439801769,6.91414384,1.42138227,0.165675253,1,"Geno_at_37"
"Ranbp2","ENSMUSG00000003226.7",0.043977895,8.76353611,1.74564209,0.0912657094,1,"Geno_at_37"
"Gm49195","ENSMUSG00000115005.1",-0.0439712284,-0.432591783,-0.374595433,0.710636591,1,"Geno_at_37"
"Gm18911","ENSMUSG00000116438.1",-0.0439710609,-0.731779743,-0.506034564,0.616587356,1,"Geno_at_37"
"Tacc2","ENSMUSG00000030852.18",-0.0439695125,4.46722568,-0.694884113,0.492556738,1,"Geno_at_37"
"Gm15820","ENSMUSG00000107105.1",0.0439652538,-0.637626862,0.329942243,0.743798823,1,"Geno_at_37"
"Rasa2","ENSMUSG00000032413.12",0.0439636526,5.87325204,1.17471699,0.249488771,1,"Geno_at_37"
"Aqp3","ENSMUSG00000028435.8",0.0439624813,7.80525118,1.41331124,0.168013454,1,"Geno_at_37"
"Apoo","ENSMUSG00000079508.8",0.0439535801,0.918719592,0.353212673,0.72643669,1,"Geno_at_37"
"Ccdc8","ENSMUSG00000041117.8",-0.0439439211,-0.626751772,-0.385079446,0.702936761,1,"Geno_at_37"
"Gpx1","ENSMUSG00000063856.7",-0.0439315964,7.64752134,-1.13851055,0.26405477,1,"Geno_at_37"
"Gm6169","ENSMUSG00000057762.6",-0.0439267382,6.23993646,-1.07919139,0.289233804,1,"Geno_at_37"
"Gosr2","ENSMUSG00000020946.13",-0.0439172,6.87848632,-1.24328911,0.22353664,1,"Geno_at_37"
"Axin2","ENSMUSG00000000142.15",0.043910166,3.15096671,0.628122575,0.534749014,1,"Geno_at_37"
"Rufy1","ENSMUSG00000020375.9",0.0439085495,4.46640567,0.844461451,0.405197523,1,"Geno_at_37"
"Epcam","ENSMUSG00000045394.9",0.0438995439,5.38979233,0.630279393,0.534840753,1,"Geno_at_37"
"Nupr1","ENSMUSG00000030717.9",-0.0438978459,6.4657931,-0.783072427,0.441339578,1,"Geno_at_37"
"Gm49417","ENSMUSG00000115186.1",-0.0438963156,0.103808738,-0.412217877,0.683155317,1,"Geno_at_37"
"Epn2","ENSMUSG00000001036.17",0.0438940785,2.169861,0.409277795,0.685287663,1,"Geno_at_37"
"Nr2c2","ENSMUSG00000005893.14",0.0438808142,6.50767263,1.11631893,0.273282097,1,"Geno_at_37"
"Tmem229b","ENSMUSG00000046157.13",0.0438797465,4.16526843,0.789085893,0.436348251,1,"Geno_at_37"
"Mrps30","ENSMUSG00000021731.10",-0.0438748929,5.22159589,-1.06227933,0.296714676,1,"Geno_at_37"
"Gm49066","ENSMUSG00000115810.1",-0.043858027,-0.580580508,-0.358542994,0.722486232,1,"Geno_at_37"
"Taf7","ENSMUSG00000051316.8",0.0438532662,4.21559534,0.839085123,0.408159317,1,"Geno_at_37"
"Gm20257","ENSMUSG00000102059.1",-0.0438506433,2.52320276,-0.58213089,0.564894436,1,"Geno_at_37"
"Aifm1","ENSMUSG00000036932.14",-0.0438496665,5.79713039,-1.11515453,0.273772581,1,"Geno_at_37"
"Gnl3","ENSMUSG00000042354.7",-0.0438489502,7.65683343,-0.992714397,0.329558189,1,"Geno_at_37"
"H4c4","ENSMUSG00000061482.7",0.0438435206,0.985688506,0.388833651,0.700187261,1,"Geno_at_37"
"Oplah","ENSMUSG00000022562.15",0.0438434966,1.59514758,0.376630642,0.709139401,1,"Geno_at_37"
"Fahd2a","ENSMUSG00000027371.10",-0.0438384905,2.8012516,-0.522055415,0.605523908,1,"Geno_at_37"
"Mrps9","ENSMUSG00000060679.14",-0.0438322605,5.97835402,-1.28465934,0.208892207,1,"Geno_at_37"
"Ift20","ENSMUSG00000001105.15",-0.0438139502,4.91410015,-1.12340477,0.27031091,1,"Geno_at_37"
"Gzmk","ENSMUSG00000042385.14",-0.0438111025,-0.88624096,-0.566058448,0.575628494,1,"Geno_at_37"
"Zmiz1","ENSMUSG00000007817.15",-0.0438085298,7.81464833,-1.26487202,0.215802933,1,"Geno_at_37"
"Larp7","ENSMUSG00000027968.11",0.0438065436,6.51002486,1.1423146,0.262495979,1,"Geno_at_37"
"Gm37274","ENSMUSG00000103285.1",-0.0438026399,0.801343356,-0.369002279,0.714757203,1,"Geno_at_37"
"Strip1","ENSMUSG00000014601.13",-0.0437852303,5.89600821,-1.29484462,0.205401341,1,"Geno_at_37"
"Dst","ENSMUSG00000026131.20",0.0437848009,7.74439429,0.768927655,0.450602876,1,"Geno_at_37"
"Gm12205","ENSMUSG00000084800.1",-0.0437827141,-0.508755731,-0.333351606,0.741222995,1,"Geno_at_37"
"Gm23300","ENSMUSG00000064646.1",-0.0437813972,-0.58742804,-0.371002689,0.71328244,1,"Geno_at_37"
"Gm17089","ENSMUSG00000092134.1",-0.0437556297,-0.0808967705,-0.323985175,0.748231611,1,"Geno_at_37"
"Traj3","ENSMUSG00000076925.2",0.0437555645,0.614507212,0.356779369,0.723792452,1,"Geno_at_37"
"Bzw2","ENSMUSG00000020547.5",-0.0437529511,6.78977835,-1.23014119,0.228348991,1,"Geno_at_37"
"Gm17545","ENSMUSG00000091159.1",-0.0437494423,-0.442368299,-0.376732954,0.709064166,1,"Geno_at_37"
"1700123O20Rik","ENSMUSG00000040822.7",-0.0437493631,4.94221807,-0.99787816,0.326441059,1,"Geno_at_37"
"Gldc","ENSMUSG00000024827.10",-0.0437411605,2.74788376,-0.417493752,0.679388875,1,"Geno_at_37"
"Gm50273","ENSMUSG00000117704.1",0.0437402304,0.238563747,0.311517347,0.757594858,1,"Geno_at_37"
"Npnt","ENSMUSG00000040998.18",0.0437292669,3.05949731,0.500579355,0.62037571,1,"Geno_at_37"
"Als2cl","ENSMUSG00000044037.15",0.0437215231,6.21603022,1.01884605,0.316546542,1,"Geno_at_37"
"Cwh43","ENSMUSG00000029154.13",-0.0437135314,-0.777349237,-0.456705433,0.651222667,1,"Geno_at_37"
"Tada2b","ENSMUSG00000029196.9",0.0437132131,4.51416862,0.869548989,0.391556265,1,"Geno_at_37"
"Elovl6","ENSMUSG00000041220.10",0.0437092901,7.02099028,1.11742882,0.272815159,1,"Geno_at_37"
"C4a","ENSMUSG00000015451.16",-0.0437065808,1.12439426,-0.398401124,0.693198977,1,"Geno_at_37"
"Xndc1","ENSMUSG00000099481.6",0.0436909219,4.10702655,0.686230358,0.497918028,1,"Geno_at_37"
"Rab3gap1","ENSMUSG00000036104.12",0.0436756303,6.75909574,1.37458152,0.179597623,1,"Geno_at_37"
"1700097N02Rik","ENSMUSG00000099474.1",0.0436695164,1.54318871,0.416682605,0.679922279,1,"Geno_at_37"
"Opa3","ENSMUSG00000052214.9",0.043661714,5.57190857,1.08205359,0.287981071,1,"Geno_at_37"
"Sec24d","ENSMUSG00000039234.11",-0.0436609864,4.04710391,-0.698387133,0.490395786,1,"Geno_at_37"
"Septin9","ENSMUSG00000059248.13",-0.0436514395,9.68211851,-1.37391823,0.179801325,1,"Geno_at_37"
"Srrm1","ENSMUSG00000028809.16",-0.0436416291,8.50752581,-1.55624057,0.130298597,1,"Geno_at_37"
"Nup160","ENSMUSG00000051329.13",0.0436333329,8.04681749,1.32032489,0.196863758,1,"Geno_at_37"
"Cenpl","ENSMUSG00000026708.16",-0.0436325768,5.35537049,-0.729862424,0.471777957,1,"Geno_at_37"
"Gm22192","ENSMUSG00000094382.1",-0.0436320471,-0.330341684,-0.323377336,0.748687203,1,"Geno_at_37"
"Ahsa1","ENSMUSG00000021037.7",0.0436278542,7.16612645,1.18765575,0.244429212,1,"Geno_at_37"
"Gm18042","ENSMUSG00000112670.1",-0.0436271721,-0.54097326,-0.372980027,0.711825793,1,"Geno_at_37"
"Tubb5","ENSMUSG00000001525.10",-0.043618646,10.9323702,-1.63032997,0.113647694,1,"Geno_at_37"
"Nod1","ENSMUSG00000038058.14",0.0436184267,1.05015881,0.303842933,0.763377042,1,"Geno_at_37"
"Traf5","ENSMUSG00000026637.13",-0.0436162146,4.67132058,-0.974443009,0.337747466,1,"Geno_at_37"
"Ccnb1","ENSMUSG00000041431.16",-0.0436102184,6.85030551,-1.04789409,0.303184096,1,"Geno_at_37"
"Gm48655","ENSMUSG00000112393.1",-0.043605545,-0.0468281632,-0.340142257,0.736155796,1,"Geno_at_37"
"Mapre2","ENSMUSG00000024277.14",-0.0436053938,5.85468024,-1.22935674,0.228638544,1,"Geno_at_37"
"Ext1","ENSMUSG00000061731.9",-0.043595469,6.08860451,-1.06812835,0.29411217,1,"Geno_at_37"
"Gm43168","ENSMUSG00000107358.1",0.0435825528,-0.776310732,0.485116744,0.631171106,1,"Geno_at_37"
"Tmem134","ENSMUSG00000024845.17",-0.0435780328,5.90030998,-1.09356945,0.28297968,1,"Geno_at_37"
"Gm5559","ENSMUSG00000096617.3",-0.0435641377,-0.518169917,-0.404975721,0.688412568,1,"Geno_at_37"
"Snx15","ENSMUSG00000024787.14",0.0435563122,4.30247251,0.79163854,0.434881075,1,"Geno_at_37"
"Ppfia1","ENSMUSG00000037519.17",0.0435530835,6.93313384,1.44189168,0.159849392,1,"Geno_at_37"
"Slc18a2","ENSMUSG00000025094.8",0.0435517748,2.73699452,0.601584302,0.552039202,1,"Geno_at_37"
"Nt5c3b","ENSMUSG00000017176.17",-0.0435055823,5.81063193,-1.09115522,0.284023032,1,"Geno_at_37"
"Higd1a","ENSMUSG00000038412.8",-0.0434963538,5.91449001,-0.518377567,0.610488727,1,"Geno_at_37"
"Lin52","ENSMUSG00000085793.2",-0.0434940889,3.57074916,-0.675733252,0.504464933,1,"Geno_at_37"
"Nt5dc3","ENSMUSG00000054027.8",-0.0434913428,5.07845987,-0.839980336,0.40766521,1,"Geno_at_37"
"Gm3235","ENSMUSG00000090778.1",-0.0434894788,-0.209159194,-0.369990072,0.714028832,1,"Geno_at_37"
"Gm43609","ENSMUSG00000106087.1",-0.0434628312,0.150520866,-0.296647925,0.768810666,1,"Geno_at_37"
"Nit1","ENSMUSG00000013997.10",-0.0434580422,4.70101409,-0.948443083,0.35059736,1,"Geno_at_37"
"Gm28875","ENSMUSG00000100975.2",-0.043445208,4.34722616,-0.805754838,0.426821729,1,"Geno_at_37"
"Gm20430","ENSMUSG00000092358.1",-0.0434414306,0.173196385,-0.340900344,0.735590853,1,"Geno_at_37"
"Mmd","ENSMUSG00000003948.17",-0.043434531,5.40911804,-0.855501855,0.399157897,1,"Geno_at_37"
"Cdc45","ENSMUSG00000000028.15",0.0434303195,6.59023207,1.26161647,0.216956337,1,"Geno_at_37"
"Ppard","ENSMUSG00000002250.16",-0.0434262377,4.8383483,-0.671379603,0.507516904,1,"Geno_at_37"
"Mtmr4","ENSMUSG00000018401.17",0.0434164099,5.51832175,0.879550832,0.38620043,1,"Geno_at_37"
"Gm29718","ENSMUSG00000103953.1",0.0434149171,1.289029,0.421212567,0.676648314,1,"Geno_at_37"
"Trub1","ENSMUSG00000025086.13",-0.0434145038,4.38625052,-0.798861095,0.43074605,1,"Geno_at_37"
"Cnot11","ENSMUSG00000003135.15",-0.0434083364,6.22881977,-0.989818229,0.330300109,1,"Geno_at_37"
"Shisa3","ENSMUSG00000050010.8",-0.0434037646,-0.773711016,-0.453070639,0.653807628,1,"Geno_at_37"
"Anp32e","ENSMUSG00000015749.12",0.0433996386,9.03382415,1.16912634,0.251791246,1,"Geno_at_37"
"Fig4","ENSMUSG00000038417.4",0.0433914736,5.17042766,1.0737575,0.291622732,1,"Geno_at_37"
"Trav14-3","ENSMUSG00000094212.3",-0.0433904763,1.63713702,-0.478750883,0.635639845,1,"Geno_at_37"
"Anp32-ps","ENSMUSG00000069913.3",-0.0433901977,1.3488434,-0.468767035,0.642676485,1,"Geno_at_37"
"Eif5a2","ENSMUSG00000050192.8",0.0433861475,4.43545536,0.811915555,0.423333294,1,"Geno_at_37"
"Gm26964","ENSMUSG00000098196.1",-0.0433807892,0.390168227,-0.375789843,0.709757787,1,"Geno_at_37"
"Gm38021","ENSMUSG00000102649.1",0.0433705949,-0.06694446,0.374953746,0.710372915,1,"Geno_at_37"
"Naga","ENSMUSG00000022453.8",-0.0433684888,4.05354058,-0.704264845,0.486781998,1,"Geno_at_37"
"Speer1","ENSMUSG00000095829.8",0.0433670814,-0.485356452,0.404259126,0.688933628,1,"Geno_at_37"
"A730020E08Rik","ENSMUSG00000097924.2",-0.0433613178,-0.910152119,-0.587288218,0.561471655,1,"Geno_at_37"
"Polr3d","ENSMUSG00000000776.13",0.0433582127,5.0362141,0.532796183,0.599819146,1,"Geno_at_37"
"Dnajb2","ENSMUSG00000026203.16",0.0433498889,3.89156749,0.835156084,0.41033236,1,"Geno_at_37"
"Pde4d","ENSMUSG00000021699.17",-0.0433486897,6.28214008,-0.828372321,0.414910063,1,"Geno_at_37"
"Dgkz","ENSMUSG00000040479.12",-0.0433457414,8.63824974,-1.51335706,0.140813332,1,"Geno_at_37"
"B230303A05Rik","ENSMUSG00000113701.1",0.0433425703,-0.640443411,0.474665048,0.638515421,1,"Geno_at_37"
"Nt5c3","ENSMUSG00000029780.14",-0.043342226,5.08365713,-0.899531678,0.37564258,1,"Geno_at_37"
"mt-Nd3","ENSMUSG00000064360.1",0.0433409433,3.98046389,0.357881596,0.72443707,1,"Geno_at_37"
"Zc3h11a","ENSMUSG00000102976.6",0.0433381313,4.53416917,0.952784254,0.348429439,1,"Geno_at_37"
"Arhgap12","ENSMUSG00000041225.16",-0.0433240932,5.71455475,-0.993447777,0.328558474,1,"Geno_at_37"
"Sgce","ENSMUSG00000004631.15",-0.0433172589,-0.9234578,-0.520402067,0.60666132,1,"Geno_at_37"
"Gm10913","ENSMUSG00000078097.3",0.0433167051,-0.0223819355,0.372457105,0.712210907,1,"Geno_at_37"
"Suclg1","ENSMUSG00000052738.14",-0.0432945911,6.23188385,-1.18011009,0.247370581,1,"Geno_at_37"
"Xxylt1","ENSMUSG00000047434.14",-0.0432913043,6.06429317,-1.38070893,0.177724375,1,"Geno_at_37"
"St6galnac4","ENSMUSG00000079442.12",-0.043286035,7.59734374,-1.07603881,0.290618093,1,"Geno_at_37"
"Shank1","ENSMUSG00000038738.15",0.0432833041,0.138531699,0.274525475,0.785618751,1,"Geno_at_37"
"Gm42658","ENSMUSG00000106251.1",-0.0432798591,1.43567085,-0.285203235,0.777667475,1,"Geno_at_37"
"Gmip","ENSMUSG00000036246.14",-0.0432690814,6.40366491,-1.11315178,0.274617688,1,"Geno_at_37"
"Alg14","ENSMUSG00000039887.11",-0.0432661886,2.83898974,-0.640837031,0.526568173,1,"Geno_at_37"
"Ccdc39","ENSMUSG00000027676.11",-0.043263364,2.46534025,-0.503251511,0.618518706,1,"Geno_at_37"
"Rs1","ENSMUSG00000031293.13",0.0432631261,1.31673666,0.328736888,0.744673271,1,"Geno_at_37"
"Brk1","ENSMUSG00000033940.8",-0.0432545159,6.91644358,-1.39038381,0.17479779,1,"Geno_at_37"
"Cmc4","ENSMUSG00000090110.8",-0.043247009,2.68872446,-0.489025777,0.628434018,1,"Geno_at_37"
"Atg12","ENSMUSG00000032905.5",-0.0432431079,5.15090487,-1.12294163,0.270504399,1,"Geno_at_37"
"Hmg20a","ENSMUSG00000032329.4",-0.0432354086,5.8660475,-1.01849438,0.316710769,1,"Geno_at_37"
"Ythdc2","ENSMUSG00000034653.11",0.0432333507,5.47397042,1.11473836,0.273948041,1,"Geno_at_37"
"Terf1","ENSMUSG00000025925.14",0.0432326752,5.26222175,1.18478771,0.245544147,1,"Geno_at_37"
"Arhgap27","ENSMUSG00000034255.17",-0.0432252178,6.61747425,-1.07687977,0.290248373,1,"Geno_at_37"
"Tm2d1","ENSMUSG00000028563.16",-0.0432237984,3.97664902,-0.714212549,0.480700473,1,"Geno_at_37"
"Ppp2r2d","ENSMUSG00000041769.13",-0.0432228695,6.15893303,-1.12902563,0.267970628,1,"Geno_at_37"
"Gm49602","ENSMUSG00000113831.1",-0.0432167276,3.1059579,-0.601386431,0.552169196,1,"Geno_at_37"
"Fam20b","ENSMUSG00000033557.17",0.0431904313,5.8980125,1.24973078,0.221206897,1,"Geno_at_37"
"Tada3","ENSMUSG00000048930.12",0.0431712619,4.75629735,1.03958675,0.306964724,1,"Geno_at_37"
"Cltb","ENSMUSG00000047547.14",0.0431701034,4.55634784,0.746562397,0.461227274,1,"Geno_at_37"
"Ube2g2","ENSMUSG00000009293.17",0.0431693898,6.18878773,1.31976753,0.197047543,1,"Geno_at_37"
"Gm6883","ENSMUSG00000117515.1",-0.0431573834,0.247031148,-0.388873744,0.70015792,1,"Geno_at_37"
"Gm28874","ENSMUSG00000100813.1",-0.0431572698,1.75806028,-0.386133662,0.702164261,1,"Geno_at_37"
"Rassf1","ENSMUSG00000010067.13",-0.0431562568,4.3686546,-0.845414344,0.40467399,1,"Geno_at_37"
"Rab11fip1","ENSMUSG00000031488.14",-0.0431466424,5.24695321,-1.01926663,0.316350215,1,"Geno_at_37"
"Ngly1","ENSMUSG00000021785.8",-0.0431427184,5.06706954,-0.996247553,0.327219289,1,"Geno_at_37"
"Angpt1","ENSMUSG00000022309.9",-0.0431186441,-0.891563591,-0.532071648,0.598654862,1,"Geno_at_37"
"Gm11991","ENSMUSG00000082095.1",-0.0431177818,-0.139821462,-0.434138549,0.667341696,1,"Geno_at_37"
"Gm39323","ENSMUSG00000111229.1",0.0431108628,4.93063917,0.826951418,0.414893386,1,"Geno_at_37"
"A630091E08Rik","ENSMUSG00000055446.5",-0.0431058977,3.78374089,-0.750304348,0.459005045,1,"Geno_at_37"
"Prcc","ENSMUSG00000004895.9",-0.0430975653,6.0525758,-1.30829002,0.200861604,1,"Geno_at_37"
"Tmed1","ENSMUSG00000032180.11",-0.0430937088,1.43899448,-0.402907175,0.689917099,1,"Geno_at_37"
"Traf1","ENSMUSG00000026875.14",0.0430898769,7.05812399,1.34068045,0.190241696,1,"Geno_at_37"
"Slk","ENSMUSG00000025060.15",0.0430836982,7.34831467,1.3669093,0.181964859,1,"Geno_at_37"
"Vps4a","ENSMUSG00000031913.9",0.0430751051,5.86086457,1.24837993,0.221693933,1,"Geno_at_37"
"Megf8","ENSMUSG00000045039.9",0.0430521878,2.46304626,0.401736974,0.690768802,1,"Geno_at_37"
"Spc25","ENSMUSG00000005233.16",-0.043047078,5.72291773,-1.21753075,0.2330371,1,"Geno_at_37"
"Mrps11","ENSMUSG00000030611.10",0.0430463737,4.38264551,0.941977676,0.35384273,1,"Geno_at_37"
"Gm6439","ENSMUSG00000105779.1",-0.0430316218,2.86706228,-0.651382132,0.519834471,1,"Geno_at_37"
"Mdfi","ENSMUSG00000032717.14",0.0430236864,-0.426926955,0.344784764,0.732698463,1,"Geno_at_37"
"Ssh1","ENSMUSG00000042121.16",-0.0430212234,5.18473434,-0.95215133,0.348744953,1,"Geno_at_37"
"Synpo2l","ENSMUSG00000039376.13",-0.0430064011,0.100300633,-0.368747054,0.714945443,1,"Geno_at_37"
"Gm49163","ENSMUSG00000115692.1",0.0429798118,0.397515027,0.336609629,0.738790362,1,"Geno_at_37"
"Trav10n","ENSMUSG00000095646.1",0.0429744948,0.525088185,0.340572645,0.735835043,1,"Geno_at_37"
"Rims3","ENSMUSG00000032890.17",0.0429683884,3.61441384,0.642997452,0.525184804,1,"Geno_at_37"
"Snx33","ENSMUSG00000032733.6",-0.0429637468,2.76619651,-0.434991857,0.666729188,1,"Geno_at_37"
"Fdft1","ENSMUSG00000021273.11",-0.0429611852,6.9184091,-0.998021045,0.326372926,1,"Geno_at_37"
"Tsg101","ENSMUSG00000014402.15",-0.0429589698,6.14442262,-1.13627105,0.264975589,1,"Geno_at_37"
"Gm10433","ENSMUSG00000072884.10",-0.0429504233,-0.687444049,-0.468660067,0.642752061,1,"Geno_at_37"
"Ang","ENSMUSG00000072115.11",-0.0429358153,1.20345367,-0.35396576,0.725878088,1,"Geno_at_37"
"Cyren","ENSMUSG00000046806.13",-0.042919262,1.80779553,-0.452599132,0.654143271,1,"Geno_at_37"
"Gm16236","ENSMUSG00000089965.1",0.0429166105,0.0541218765,0.383667085,0.703972205,1,"Geno_at_37"
"Gbe1","ENSMUSG00000022707.16",-0.0429145579,4.76349353,-0.387004033,0.703379803,1,"Geno_at_37"
"Gm6020","ENSMUSG00000069475.1",0.0429107891,0.355921819,0.318401583,0.752420119,1,"Geno_at_37"
"Lck","ENSMUSG00000000409.14",-0.0429078553,8.98516144,-1.69492865,0.100604886,1,"Geno_at_37"
"Gtf3c6","ENSMUSG00000019837.8",-0.0428925737,5.40880563,-0.96923688,0.340294697,1,"Geno_at_37"
"Gm38192","ENSMUSG00000102305.1",-0.042890844,0.791985089,-0.316838686,0.753593901,1,"Geno_at_37"
"Lrrc56","ENSMUSG00000038637.15",-0.0428891906,1.71690608,-0.456981735,0.651026348,1,"Geno_at_37"
"Gm28496","ENSMUSG00000101166.6",-0.0428830662,-0.668029648,-0.427407983,0.672181062,1,"Geno_at_37"
"Oxsr1","ENSMUSG00000036737.12",0.042874474,6.93905403,1.44559066,0.158816207,1,"Geno_at_37"
"Gm2541","ENSMUSG00000089698.1",0.0428441724,2.43414835,0.448644879,0.656961005,1,"Geno_at_37"
"Twf1","ENSMUSG00000022451.12",-0.0428420023,5.40130791,-0.94472462,0.352461445,1,"Geno_at_37"
"Sik3","ENSMUSG00000034135.15",0.0428365323,6.37779562,0.961427605,0.344139794,1,"Geno_at_37"
"Emp3","ENSMUSG00000040212.12",-0.0428333682,6.59882321,-1.00804514,0.321617263,1,"Geno_at_37"
"Os9","ENSMUSG00000040462.13",-0.0428333316,6.79368263,-1.23390807,0.226962385,1,"Geno_at_37"
"Gm43024","ENSMUSG00000105472.1",-0.0428281673,-0.171980879,-0.291284646,0.772875898,1,"Geno_at_37"
"Mfsd12","ENSMUSG00000034854.8",-0.0428253796,4.61329774,-0.775839764,0.444009703,1,"Geno_at_37"
"Mllt6","ENSMUSG00000038437.11",0.0428208281,9.20188859,1.45103109,0.157306269,1,"Geno_at_37"
"Gm26876","ENSMUSG00000097372.1",0.0428183938,1.04446947,0.290797278,0.773237871,1,"Geno_at_37"
"Dus1l","ENSMUSG00000025155.15",-0.0428165586,6.25767148,-1.06204025,0.296821396,1,"Geno_at_37"
"Rab5if","ENSMUSG00000027637.3",0.0428122539,5.48804941,1.07261288,0.292127718,1,"Geno_at_37"
"Trbv12-2","ENSMUSG00000094525.2",-0.042806719,2.82674863,-0.494613533,0.624530812,1,"Geno_at_37"
"Gm16206","ENSMUSG00000085174.1",0.0428044901,0.623663347,0.33966495,0.736511573,1,"Geno_at_37"
"Pask","ENSMUSG00000026274.11",0.0428014066,5.71607616,1.05425496,0.300311381,1,"Geno_at_37"
"Kbtbd11","ENSMUSG00000055675.6",0.0427881551,6.49866997,0.701784152,0.490290402,1,"Geno_at_37"
"Prdx6","ENSMUSG00000026701.15",-0.0427876862,7.86715448,-1.36619782,0.182185609,1,"Geno_at_37"
"Ptpn5","ENSMUSG00000030854.17",-0.0427788119,4.36697728,-0.588515451,0.560937809,1,"Geno_at_37"
"mt-Nd5","ENSMUSG00000064367.1",-0.042767954,10.6824096,-0.773219067,0.449309121,1,"Geno_at_37"
"Gm6581","ENSMUSG00000111446.1",-0.0427517338,0.387409501,-0.37578304,0.709762791,1,"Geno_at_37"
"Uxt","ENSMUSG00000001134.9",0.0427463899,2.75318401,0.596733777,0.555230358,1,"Geno_at_37"
"Ebpl","ENSMUSG00000021928.9",-0.0427440469,2.24063493,-0.535788819,0.596115145,1,"Geno_at_37"
"Trav21-dv12","ENSMUSG00000076863.8",0.0427426541,0.773452208,0.33124411,0.742798028,1,"Geno_at_37"
"D630023F18Rik","ENSMUSG00000044816.10",0.0427421459,-0.758742052,0.412821569,0.682717807,1,"Geno_at_37"
"Gm4149","ENSMUSG00000074800.4",-0.0427421219,7.52969934,-1.07622863,0.290534612,1,"Geno_at_37"
"Rtn4ip1","ENSMUSG00000019864.14",0.0427353028,4.2023639,0.729762702,0.471281649,1,"Geno_at_37"
"Gm26642","ENSMUSG00000097680.1",0.0427339277,0.903473013,0.341356743,0.735250807,1,"Geno_at_37"
"Churc1","ENSMUSG00000090258.7",-0.0427255326,3.13564094,-0.565600093,0.575936089,1,"Geno_at_37"
"Gm17873","ENSMUSG00000115843.1",0.042723537,0.798736369,0.36182218,0.720059781,1,"Geno_at_37"
"Pam16","ENSMUSG00000014301.13",-0.0427089232,1.76885921,-0.313392462,0.756304911,1,"Geno_at_37"
"Arl9","ENSMUSG00000063820.11",0.0426937708,-0.374963928,0.321121468,0.750378842,1,"Geno_at_37"
"Gm43702","ENSMUSG00000105453.1",0.0426928222,-0.606127705,0.400753155,0.69148517,1,"Geno_at_37"
"Gm7803","ENSMUSG00000083754.3",0.0426918904,-0.556475576,0.39892079,0.69282018,1,"Geno_at_37"
"Rcc1","ENSMUSG00000028896.13",0.0426826761,7.10004535,1.22764282,0.229272142,1,"Geno_at_37"
"Lrig3","ENSMUSG00000020105.9",-0.0426821507,-0.0191591306,-0.406102799,0.687593347,1,"Geno_at_37"
"C1s1","ENSMUSG00000038521.17",-0.0426791024,0.806147638,-0.301179335,0.765387162,1,"Geno_at_37"
"Gm45269","ENSMUSG00000110247.1",0.0426777961,-0.533562094,0.37268067,0.71204625,1,"Geno_at_37"
"Rpl35a-ps5","ENSMUSG00000093885.2",-0.0426747268,-0.247641165,-0.348137134,0.730205448,1,"Geno_at_37"
"Gm45640","ENSMUSG00000109812.1",0.0426745981,2.19431946,0.523202308,0.604735498,1,"Geno_at_37"
"Hmgxb4","ENSMUSG00000034518.14",0.0426708294,5.54857784,1.16685317,0.252601199,1,"Geno_at_37"
"Mob3a","ENSMUSG00000003348.10",-0.042667342,6.94170654,-1.21051883,0.235674739,1,"Geno_at_37"
"Hdac7","ENSMUSG00000022475.19",-0.0426629361,8.48653619,-1.35858993,0.184559191,1,"Geno_at_37"
"Cenpt","ENSMUSG00000036672.5",-0.0426628907,5.47232905,-1.15067229,0.259094721,1,"Geno_at_37"
"Bri3bp","ENSMUSG00000037905.13",-0.0426527889,6.1249368,-0.989425699,0.33048884,1,"Geno_at_37"
"Tnfrsf25","ENSMUSG00000024793.14",0.042645419,5.7482887,0.876993964,0.387565101,1,"Geno_at_37"
"Slc30a5","ENSMUSG00000021629.10",-0.0426336445,6.52108949,-1.39797519,0.172528034,1,"Geno_at_37"
"Tcta","ENSMUSG00000039461.12",-0.0426219953,3.06402968,-0.511640336,0.612705596,1,"Geno_at_37"
"Gm12663","ENSMUSG00000101316.1",-0.0426162196,2.63605644,-0.561744369,0.578526831,1,"Geno_at_37"
"Zfp91","ENSMUSG00000024695.16",-0.0426152763,6.8135435,-1.2206555,0.231868792,1,"Geno_at_37"
"Gm13597","ENSMUSG00000075312.4",-0.0426085812,2.88030344,-0.5086043,0.614806514,1,"Geno_at_37"
"Dclre1b","ENSMUSG00000027845.15",0.0426059214,4.39155562,0.824078555,0.416497849,1,"Geno_at_37"
"Gm44916","ENSMUSG00000108984.1",-0.0425961319,-0.0171520275,-0.299152332,0.766917982,1,"Geno_at_37"
"Mylpf","ENSMUSG00000030672.12",-0.0425913805,3.59168721,-0.770349901,0.447208527,1,"Geno_at_37"
"Tnks1bp1","ENSMUSG00000033955.13",-0.0425850874,5.74340034,-0.574155101,0.572268952,1,"Geno_at_37"
"Pip4p2","ENSMUSG00000028221.3",-0.042582398,5.05955735,-1.18458431,0.245623359,1,"Geno_at_37"
"Gm3946","ENSMUSG00000117513.1",-0.0425806972,-0.459141193,-0.372591528,0.712111902,1,"Geno_at_37"
"Gm15708","ENSMUSG00000086894.2",-0.0425710681,0.702600978,-0.366652795,0.716490743,1,"Geno_at_37"
"Hspe1-rs1","ENSMUSG00000117621.1",-0.0425553748,4.92636126,-0.89459602,0.378232998,1,"Geno_at_37"
"Kctd7","ENSMUSG00000034110.8",-0.0425386505,2.61468162,-0.512855665,0.611865532,1,"Geno_at_37"
"Dctd","ENSMUSG00000031562.15",0.042538087,4.31864984,0.862955833,0.395112596,1,"Geno_at_37"
"Rab11fip2","ENSMUSG00000040022.14",0.0425090217,5.33238299,1.0403912,0.306597191,1,"Geno_at_37"
"Faah","ENSMUSG00000034171.13",-0.042491082,6.45727231,-0.925567084,0.362243935,1,"Geno_at_37"
"Capn13","ENSMUSG00000043705.7",-0.0424882567,-0.867203184,-0.542156612,0.591776454,1,"Geno_at_37"
"Col6a3","ENSMUSG00000048126.16",-0.0424756357,-0.276198307,-0.339917955,0.73632298,1,"Geno_at_37"
"Trabd","ENSMUSG00000015363.13",-0.0424662955,5.82559547,-1.18087601,0.247070833,1,"Geno_at_37"
"Gm43040","ENSMUSG00000107354.1",-0.0424615012,-0.73106416,-0.359569786,0.721726134,1,"Geno_at_37"
"Lrba","ENSMUSG00000028080.16",0.0424601803,6.70714815,1.27195046,0.213311154,1,"Geno_at_37"
"Nbeal1","ENSMUSG00000073664.11",0.0424521955,4.75542727,0.840624949,0.407309651,1,"Geno_at_37"
"Hspa8","ENSMUSG00000015656.17",0.0424462513,10.3494677,0.938860829,0.358155328,1,"Geno_at_37"
"Rps4x-ps","ENSMUSG00000104699.1",-0.0424404642,3.64519178,-0.615901903,0.542675228,1,"Geno_at_37"
"Pign","ENSMUSG00000056536.14",0.0424164166,5.29543316,0.909831745,0.370273922,1,"Geno_at_37"
"Nrde2","ENSMUSG00000021179.8",0.0424106014,5.53945193,0.957862017,0.345905063,1,"Geno_at_37"
"Trbv1","ENSMUSG00000076461.2",-0.0424079018,4.22655768,-0.91497158,0.36761374,1,"Geno_at_37"
"Gm16157","ENSMUSG00000086628.7",0.0424007081,1.31481048,0.377593677,0.708431359,1,"Geno_at_37"
"Capg","ENSMUSG00000056737.14",-0.0423971635,9.71189054,-1.17510315,0.249596004,1,"Geno_at_37"
"Csrp2","ENSMUSG00000020186.7",-0.0423887875,3.47086666,-0.620431644,0.539730113,1,"Geno_at_37"
"6530402F18Rik","ENSMUSG00000079499.9",0.0423871239,4.31435925,0.627920796,0.534879386,1,"Geno_at_37"
"Gm6286","ENSMUSG00000086925.1",0.0423866159,0.220286269,0.327312905,0.745739029,1,"Geno_at_37"
"Dact3","ENSMUSG00000078794.4",0.042385717,-0.0295205713,0.377715277,0.708341975,1,"Geno_at_37"
"Slc9a5","ENSMUSG00000014786.8",-0.0423794621,5.83427308,-0.788838527,0.436972587,1,"Geno_at_37"
"Cysrt1","ENSMUSG00000036731.7",-0.0423585783,1.47463561,-0.362549002,0.719522366,1,"Geno_at_37"
"Pggt1b","ENSMUSG00000024477.4",0.0423584999,5.92874254,1.39232525,0.174215098,1,"Geno_at_37"
"Lrwd1","ENSMUSG00000029703.10",-0.0423522863,6.17099405,-1.25858287,0.2180353,1,"Geno_at_37"
"Gm5969","ENSMUSG00000117606.1",-0.0423495408,-0.459761342,-0.453599391,0.653431322,1,"Geno_at_37"
"Wdr83","ENSMUSG00000005150.16",-0.0423463445,4.74421392,-0.923935644,0.363004311,1,"Geno_at_37"
"Srek1ip1","ENSMUSG00000021716.14",-0.0423292542,4.95073553,-0.877726459,0.387173833,1,"Geno_at_37"
"Pnrc2","ENSMUSG00000028675.12",-0.0423239618,6.36624903,-1.04235692,0.305700402,1,"Geno_at_37"
"Gm1673","ENSMUSG00000070858.12",-0.0423195023,-0.453313816,-0.431778348,0.669037069,1,"Geno_at_37"
"2310002F09Rik","ENSMUSG00000097178.7",-0.042297422,-0.208431855,-0.33748241,0.738139157,1,"Geno_at_37"
"Ugt1a7c","ENSMUSG00000090124.7",-0.0422901801,-0.792501673,-0.477575216,0.636466679,1,"Geno_at_37"
"Ythdf2","ENSMUSG00000040025.17",-0.042286702,7.17868247,-1.35507323,0.185664467,1,"Geno_at_37"
"Rnf113a1","ENSMUSG00000036537.6",0.0422760436,2.48559405,0.47371463,0.639185139,1,"Geno_at_37"
"Gm23040","ENSMUSG00000065803.1",0.0422722006,-0.286970511,0.345273057,0.732335155,1,"Geno_at_37"
"Abhd18","ENSMUSG00000037818.16",-0.0422679285,5.04106104,-0.396801547,0.696316747,1,"Geno_at_37"
"Fam193a","ENSMUSG00000037210.16",0.042266756,6.06272171,1.18604224,0.245055995,1,"Geno_at_37"
"Rps9","ENSMUSG00000006333.14",-0.042263039,10.2612408,-1.62111266,0.115618251,1,"Geno_at_37"
"Prr3","ENSMUSG00000038500.15",-0.0422499971,4.90181001,-0.832611973,0.411743287,1,"Geno_at_37"
"Gm26287","ENSMUSG00000089512.3",-0.0422496201,-0.276182566,-0.382489198,0.704836191,1,"Geno_at_37"
"E130311K13Rik","ENSMUSG00000048581.12",-0.0422439394,1.46088475,-0.371701769,0.712767323,1,"Geno_at_37"
"Gm36401","ENSMUSG00000104342.1",-0.0422244603,2.28806255,-0.434046382,0.667407868,1,"Geno_at_37"
"D5Ertd579e","ENSMUSG00000029190.19",-0.0422183566,5.70014452,-1.18002863,0.247402476,1,"Geno_at_37"
"Traj42","ENSMUSG00000076888.1",-0.0422137463,-0.532806532,-0.395759638,0.695125665,1,"Geno_at_37"
"Mrpl35","ENSMUSG00000052962.3",0.0422122001,4.74909308,0.90309573,0.373779212,1,"Geno_at_37"
"Gm16183","ENSMUSG00000086067.1",-0.042210456,-0.426400712,-0.305466576,0.762152559,1,"Geno_at_37"
"Usf3","ENSMUSG00000068284.14",-0.0422097238,6.36365269,-1.06722484,0.294513128,1,"Geno_at_37"
"Hspbp1","ENSMUSG00000063802.5",-0.0422062565,5.79713577,-0.971194644,0.339335296,1,"Geno_at_37"
"Gm10086","ENSMUSG00000060730.8",0.0422038197,0.765039757,0.334313573,0.740504449,1,"Geno_at_37"
"Grwd1","ENSMUSG00000053801.18",0.0422036769,5.71322743,0.983445346,0.333373306,1,"Geno_at_37"
"Mrpl30","ENSMUSG00000026087.11",-0.0422036321,5.98179405,-1.06748045,0.294399656,1,"Geno_at_37"
"Gm11722","ENSMUSG00000086442.1",-0.0421843669,-0.0670121049,-0.282549446,0.779492202,1,"Geno_at_37"
"Sbds","ENSMUSG00000025337.10",-0.0421652823,6.11728834,-1.31228898,0.19952634,1,"Geno_at_37"
"Nipsnap3b","ENSMUSG00000015247.10",0.0421558471,5.24151974,1.12609613,0.269188512,1,"Geno_at_37"
"Nudc-ps1","ENSMUSG00000110331.1",0.0421554318,5.099755,0.805532902,0.426947726,1,"Geno_at_37"
"Ankrd46","ENSMUSG00000048307.8",-0.0421536772,5.92326414,-1.01472969,0.318472516,1,"Geno_at_37"
"4930417O13Rik","ENSMUSG00000108129.2",0.0421514504,3.91464292,0.484133772,0.63236088,1,"Geno_at_37"
"Sec14l5","ENSMUSG00000091712.2",-0.0421509524,-0.821384464,-0.525181876,0.603375824,1,"Geno_at_37"
"Mpi","ENSMUSG00000032306.14",0.0421454411,3.97005756,0.641958627,0.525849744,1,"Geno_at_37"
"Cept1","ENSMUSG00000040774.15",-0.0421441522,6.28596548,-1.24417212,0.223216196,1,"Geno_at_37"
"Pde4b","ENSMUSG00000028525.16",0.0421392081,4.8555397,0.68299279,0.500030424,1,"Geno_at_37"
"Tut7","ENSMUSG00000035248.9",0.0421380182,7.19069795,1.25347113,0.219862559,1,"Geno_at_37"
"Dlg3","ENSMUSG00000000881.12",-0.0421361037,3.10960293,-0.540775921,0.592715891,1,"Geno_at_37"
"Cyba","ENSMUSG00000006519.11",0.0421326824,6.90398709,1.0313965,0.310724081,1,"Geno_at_37"
"Manf","ENSMUSG00000032575.16",0.042128674,7.01335927,1.13926313,0.263745853,1,"Geno_at_37"
"Fancl","ENSMUSG00000004018.9",-0.0421276522,4.00157124,-0.806141117,0.426602487,1,"Geno_at_37"
"Trpv2","ENSMUSG00000018507.16",-0.0421231458,6.14406992,-1.03240999,0.310257161,1,"Geno_at_37"
"Rps18-ps5","ENSMUSG00000113061.1",-0.0421212895,6.63751128,-1.04304798,0.305385561,1,"Geno_at_37"
"Nepro","ENSMUSG00000036208.13",0.0421183855,4.79894601,0.999216845,0.325803098,1,"Geno_at_37"
"Prkci","ENSMUSG00000037643.14",0.0421165916,5.58325799,1.12605384,0.269206123,1,"Geno_at_37"
"Gm7308","ENSMUSG00000081113.1",0.0421159474,2.81454726,0.536769058,0.595446268,1,"Geno_at_37"
"Gm26885","ENSMUSG00000097125.2",0.0421128641,-0.670776594,0.445102272,0.659489771,1,"Geno_at_37"
"Selenoh","ENSMUSG00000076437.10",-0.0421045084,6.23623118,-1.14134635,0.262892103,1,"Geno_at_37"
"Asap2","ENSMUSG00000052632.16",0.042091437,3.78429595,0.564297529,0.576810664,1,"Geno_at_37"
"Twsg1","ENSMUSG00000024098.6",-0.0420817435,7.63586679,-1.24041801,0.224580946,1,"Geno_at_37"
"Atp13a3","ENSMUSG00000022533.14",0.0420608366,8.39780714,1.18726365,0.244581418,1,"Geno_at_37"
"Maff","ENSMUSG00000042622.14",-0.0420540354,4.0272275,-0.450348161,0.656640086,1,"Geno_at_37"
"Gm49475","ENSMUSG00000116366.1",0.0420475243,-0.0356103779,0.36170445,0.720146845,1,"Geno_at_37"
"Gm5884","ENSMUSG00000037827.5",0.0420468769,3.32264119,0.613784601,0.544054724,1,"Geno_at_37"
"AI467606","ENSMUSG00000045165.6",-0.0420423065,5.29459107,-1.03369672,0.309665058,1,"Geno_at_37"
"Psenen-ps","ENSMUSG00000056412.6",-0.0420399084,3.75671511,-0.729810074,0.47125312,1,"Geno_at_37"
"Atf6b","ENSMUSG00000015461.15",-0.0420333257,5.68715377,-1.08100235,0.28844073,1,"Geno_at_37"
"Wnk1","ENSMUSG00000045962.16",0.0419934511,9.07949994,1.36944839,0.181178752,1,"Geno_at_37"
"Acot8","ENSMUSG00000017307.16",0.0419925136,4.03250532,0.800992784,0.429530223,1,"Geno_at_37"
"Dand5","ENSMUSG00000053226.7",0.0419854751,1.32501265,0.317014625,0.753461735,1,"Geno_at_37"
"Gm6382","ENSMUSG00000082675.1",-0.0419782364,3.94102352,-0.828828577,0.41384709,1,"Geno_at_37"
"Ist1","ENSMUSG00000031729.6",-0.0419748304,6.62458569,-1.07370732,0.291644856,1,"Geno_at_37"
"Trav16","ENSMUSG00000076855.5",0.0419527232,0.664527351,0.357781471,0.723050146,1,"Geno_at_37"
"Arhgef26","ENSMUSG00000036885.14",0.0419451538,0.0502768993,0.379038102,0.707369889,1,"Geno_at_37"
"Arhgap10","ENSMUSG00000037148.8",0.0419292943,4.30012739,0.749227365,0.459643985,1,"Geno_at_37"
"Gm43429","ENSMUSG00000106290.1",0.041913353,3.58820145,0.47235214,0.640363203,1,"Geno_at_37"
"Cds2","ENSMUSG00000058793.14",-0.0419117431,8.3266621,-1.19999985,0.239673165,1,"Geno_at_37"
"Insl5","ENSMUSG00000066090.5",-0.0419048838,-0.93476475,-0.531785378,0.598850668,1,"Geno_at_37"
"Rab20","ENSMUSG00000031504.6",0.0418958965,0.402811185,0.337630678,0.73802855,1,"Geno_at_37"
"Naxe","ENSMUSG00000028070.7",-0.0418720508,4.69860467,-0.855583077,0.399113677,1,"Geno_at_37"
"Rap1a","ENSMUSG00000068798.10",0.0418715415,7.22236052,1.37612273,0.179125005,1,"Geno_at_37"
"Tomm5","ENSMUSG00000078713.8",0.041859369,5.63393842,1.14993673,0.259392772,1,"Geno_at_37"
"Zbtb11os1","ENSMUSG00000102101.1",-0.0418554389,1.32827843,-0.386623224,0.701805633,1,"Geno_at_37"
"Klhl26","ENSMUSG00000055707.13",-0.0418543357,3.88262222,-0.679889305,0.501867163,1,"Geno_at_37"
"Gm37465","ENSMUSG00000102423.1",-0.0418533671,-0.323076096,-0.295311413,0.769821972,1,"Geno_at_37"
"Rpp14","ENSMUSG00000023156.4",0.0418494779,5.44855952,1.10784737,0.276865056,1,"Geno_at_37"
"Svil","ENSMUSG00000024236.18",0.0418440204,5.88541128,1.10682857,0.277298203,1,"Geno_at_37"
"Aktip","ENSMUSG00000031667.16",-0.0418385097,4.39543453,-0.816633351,0.420673795,1,"Geno_at_37"
"Ncapd3","ENSMUSG00000035024.16",0.0418363795,6.98630825,1.2349865,0.226566575,1,"Geno_at_37"
"Gdpd5","ENSMUSG00000035314.10",-0.0418356714,6.13358782,-0.624061955,0.539403662,1,"Geno_at_37"
"Mcc","ENSMUSG00000071856.10",0.0418249505,1.11622218,0.384545619,0.703328058,1,"Geno_at_37"
"Rpl27a","ENSMUSG00000046364.14",-0.0418242945,6.29054031,-1.24854421,0.221634661,1,"Geno_at_37"
"Chst1","ENSMUSG00000027221.5",-0.0418188439,-0.495720345,-0.36498864,0.717719553,1,"Geno_at_37"
"Gm17450","ENSMUSG00000091419.2",-0.0418041323,-0.584074405,-0.384933095,0.703044028,1,"Geno_at_37"
"Chst3","ENSMUSG00000057337.13",0.0417845687,-0.968710393,0.548525605,0.587452256,1,"Geno_at_37"
"Fam122b","ENSMUSG00000036022.15",0.041779976,4.4281776,0.827137918,0.41478936,1,"Geno_at_37"
"Psd3","ENSMUSG00000030465.19",0.0417722527,3.97518376,0.410038985,0.685829446,1,"Geno_at_37"
"Gm38102","ENSMUSG00000104156.2",-0.0417674106,2.97495813,-0.570214986,0.572842836,1,"Geno_at_37"
"Tex10","ENSMUSG00000028345.15",-0.0417545098,6.34327167,-1.23922455,0.225016124,1,"Geno_at_37"
"Sphk2","ENSMUSG00000057342.15",-0.0417497241,4.87991373,-0.538178704,0.595713688,1,"Geno_at_37"
"Insr","ENSMUSG00000005534.10",-0.0417496585,5.71273295,-0.889277046,0.381037512,1,"Geno_at_37"
"Tor4a","ENSMUSG00000059555.6",0.0417408744,5.5704612,0.785673803,0.438436252,1,"Geno_at_37"
"Vdac2","ENSMUSG00000021771.14",-0.0417348614,7.82886024,-1.50798096,0.142178634,1,"Geno_at_37"
"Chn1","ENSMUSG00000056486.18",-0.0417340887,-0.285740042,-0.339185268,0.73686918,1,"Geno_at_37"
"Chek1","ENSMUSG00000032113.16",0.0417337617,6.28895854,1.1176399,0.272726424,1,"Geno_at_37"
"Gm30292","ENSMUSG00000104109.1",-0.0417324362,3.06497984,-0.50668316,0.616137651,1,"Geno_at_37"
"H2az2","ENSMUSG00000041126.16",-0.0417219222,6.29926335,-1.28211811,0.209770186,1,"Geno_at_37"
"4933417D19Rik","ENSMUSG00000097637.1",0.0417188316,-0.60442146,0.356768816,0.72380027,1,"Geno_at_37"
"Eif4e2","ENSMUSG00000026254.17",-0.0417186079,7.01546831,-1.43338303,0.16224628,1,"Geno_at_37"
"Haus8","ENSMUSG00000035439.13",0.0417178638,4.37175323,0.714662968,0.480426143,1,"Geno_at_37"
"Gm5276","ENSMUSG00000105452.1",0.041716873,0.163387041,0.40759792,0.686507206,1,"Geno_at_37"
"Ube3c","ENSMUSG00000039000.8",0.0417100677,6.22533511,1.12285088,0.270542323,1,"Geno_at_37"
"Fen1","ENSMUSG00000024742.15",0.0417085947,3.58282631,0.622644824,0.538294228,1,"Geno_at_37"
"Dctn6","ENSMUSG00000031516.11",0.041705586,5.52435089,0.965081725,0.342336978,1,"Geno_at_37"
"Gm37745","ENSMUSG00000103146.1",0.0417014919,-0.0387952523,0.29049472,0.773467031,1,"Geno_at_37"
"Fbxl17","ENSMUSG00000023965.13",-0.0416903196,4.68162026,-0.816540868,0.420725829,1,"Geno_at_37"
"Stk26","ENSMUSG00000031112.10",0.041683398,5.32754828,0.990500195,0.32997239,1,"Geno_at_37"
"Ehbp1","ENSMUSG00000042302.14",0.0416721447,1.31143694,0.371570667,0.712863915,1,"Geno_at_37"
"Slc25a2","ENSMUSG00000050304.4",0.041669498,-0.441284188,0.348909259,0.729631674,1,"Geno_at_37"
"Rbm15","ENSMUSG00000048109.10",0.0416620839,6.27739167,1.25074724,0.220840954,1,"Geno_at_37"
"Ugcg","ENSMUSG00000028381.8",-0.0416619449,7.15989544,-0.889557919,0.381598973,1,"Geno_at_37"
"Gmppa","ENSMUSG00000033021.16",-0.041656501,5.2704182,-1.05690315,0.299121038,1,"Geno_at_37"
"Cyb5r3","ENSMUSG00000018042.18",-0.0416485645,5.61340495,-1.02220726,0.31497986,1,"Geno_at_37"
"Gm8623","ENSMUSG00000062458.5",-0.0416377368,-0.453522778,-0.440478265,0.662796619,1,"Geno_at_37"
"Dnase2a","ENSMUSG00000003812.13",-0.0416298361,4.45459669,-0.635982891,0.529683517,1,"Geno_at_37"
"Commd10","ENSMUSG00000042705.9",-0.0416282497,4.94322876,-0.873307189,0.389538269,1,"Geno_at_37"
"Bach1","ENSMUSG00000025612.5",-0.0416156621,5.13009128,-0.64054407,0.527460343,1,"Geno_at_37"
"Gm26943","ENSMUSG00000098067.1",0.041607435,-0.294538149,0.29547792,0.769695384,1,"Geno_at_37"
"Ptbp3","ENSMUSG00000028382.15",0.0416067906,8.82533501,1.26730844,0.21494278,1,"Geno_at_37"
"Dscc1","ENSMUSG00000022422.13",-0.0416044802,4.50098519,-0.640244283,0.526948065,1,"Geno_at_37"
"Wdr89","ENSMUSG00000045690.8",-0.0416018569,3.43885717,-0.648617365,0.52159542,1,"Geno_at_37"
"Myorg","ENSMUSG00000046312.4",-0.0415915407,-0.938152875,-0.583328427,0.564098723,1,"Geno_at_37"
"Ptpn7","ENSMUSG00000031506.11",-0.0415908766,8.26017432,-1.17038704,0.251199022,1,"Geno_at_37"
"Mon1b","ENSMUSG00000078908.10",-0.0415886829,5.58446543,-1.06877137,0.293827046,1,"Geno_at_37"
"Gbp6","ENSMUSG00000104713.4",0.0415714841,5.05068589,0.257766014,0.799821004,1,"Geno_at_37"
"Trim26","ENSMUSG00000024457.16",-0.0415648673,6.11350417,-0.990988516,0.329737863,1,"Geno_at_37"
"Macrod1","ENSMUSG00000036278.7",-0.0415621591,3.90505668,-0.716218632,0.479479347,1,"Geno_at_37"
"Lyrm1","ENSMUSG00000030922.12",-0.0415590248,2.28711032,-0.457727686,0.650496461,1,"Geno_at_37"
"Ms4a8a","ENSMUSG00000024730.7",0.0415441384,-0.954138477,0.615029612,0.543243334,1,"Geno_at_37"
"Alg9","ENSMUSG00000032059.13",0.0415426597,4.73067377,0.716578314,0.479260593,1,"Geno_at_37"
"Gopc","ENSMUSG00000019861.15",0.0415396747,5.21668866,1.10079844,0.279871885,1,"Geno_at_37"
"BC024063","ENSMUSG00000112160.1",0.041531236,1.58922547,0.386987528,0.701538809,1,"Geno_at_37"
"Itgb4","ENSMUSG00000020758.15",-0.0415235783,0.300329725,-0.287366103,0.775837878,1,"Geno_at_37"
"Ino80d","ENSMUSG00000040865.15",0.0415109971,7.32562655,1.08526893,0.286578364,1,"Geno_at_37"
"Gm44270","ENSMUSG00000108108.1",-0.0415049986,1.35628068,-0.306366192,0.761474376,1,"Geno_at_37"
"Rab25","ENSMUSG00000008601.12",-0.0414925996,-0.476367075,-0.33136783,0.742705535,1,"Geno_at_37"
"Gm43585","ENSMUSG00000106287.1",-0.0414501339,-0.361608548,-0.37016331,0.713901119,1,"Geno_at_37"
"B3glct","ENSMUSG00000051950.10",-0.0414459568,3.37615718,-0.693233508,0.493576826,1,"Geno_at_37"
"Pag1","ENSMUSG00000027508.15",-0.0414458481,5.37433039,-0.830767833,0.412767909,1,"Geno_at_37"
"Mettl3","ENSMUSG00000022160.18",0.0414398542,5.04707958,0.988892355,0.330745393,1,"Geno_at_37"
"Zfp518a","ENSMUSG00000049164.7",0.0414398044,5.32434149,0.944307109,0.352671156,1,"Geno_at_37"
"Rbbp6","ENSMUSG00000030779.16",-0.041436046,8.12629752,-1.28821675,0.207667853,1,"Geno_at_37"
"Naif1","ENSMUSG00000039164.2",0.041424576,3.02951407,0.482544334,0.632975205,1,"Geno_at_37"
"Gm6776","ENSMUSG00000047509.1",-0.0414043232,2.14329276,-0.428598407,0.671324083,1,"Geno_at_37"
"Qrsl1","ENSMUSG00000019863.7",0.0414039069,4.10904592,0.867344646,0.392743003,1,"Geno_at_37"
"Fam171b","ENSMUSG00000048388.3",0.0413996203,-0.236751956,0.300662688,0.76577725,1,"Geno_at_37"
"Pdlim7","ENSMUSG00000021493.15",0.041396688,4.29379229,0.732549359,0.469605128,1,"Geno_at_37"
"Ints14","ENSMUSG00000034263.13",0.0413959771,5.90067223,1.20564484,0.237521209,1,"Geno_at_37"
"Cyp27b1","ENSMUSG00000006724.12",-0.0413906704,-0.126560735,-0.307523973,0.760601856,1,"Geno_at_37"
"D930036K23Rik","ENSMUSG00000102553.1",0.0413900062,-0.788144064,0.413699721,0.68208159,1,"Geno_at_37"
"Gm16853","ENSMUSG00000097665.1",0.0413869056,-0.0557379003,0.29727366,0.768337636,1,"Geno_at_37"
"N4bp2","ENSMUSG00000037795.14",0.0413800846,7.25599571,1.20584521,0.237445088,1,"Geno_at_37"
"Bdp1","ENSMUSG00000049658.13",0.041372716,6.99726677,1.33864153,0.190897128,1,"Geno_at_37"
"8430422M14Rik","ENSMUSG00000105095.1",-0.0413721399,0.275253292,-0.338174112,0.7376232,1,"Geno_at_37"
"Gm8722","ENSMUSG00000081164.1",-0.0413663101,1.42483599,-0.431579573,0.669179934,1,"Geno_at_37"
"Rps19","ENSMUSG00000040952.16",-0.041365667,8.52909639,-1.17322073,0.250078798,1,"Geno_at_37"
"Mrpl10","ENSMUSG00000001445.10",-0.0413641839,5.63269177,-1.11690488,0.273035513,1,"Geno_at_37"
"Ppig","ENSMUSG00000042133.16",-0.041363667,7.72080408,-1.18555486,0.245245557,1,"Geno_at_37"
"Idua","ENSMUSG00000033540.18",-0.0413585651,3.9694443,-0.612922155,0.544617162,1,"Geno_at_37"
"Gm7099","ENSMUSG00000060647.2",-0.0413509814,4.76995845,-0.835584954,0.410094813,1,"Geno_at_37"
"Cep295","ENSMUSG00000046111.17",0.0413459474,6.51978394,1.20326747,0.238425743,1,"Geno_at_37"
"Aldh7a1","ENSMUSG00000053644.13",-0.0413347893,4.26489852,-0.848518533,0.402971459,1,"Geno_at_37"
"Gm7846","ENSMUSG00000086240.4",0.0413220217,4.27119554,0.780451658,0.441333097,1,"Geno_at_37"
"Npc2","ENSMUSG00000021242.9",-0.0413115665,7.52193361,-1.19447306,0.241794034,1,"Geno_at_37"
"Rac1","ENSMUSG00000001847.14",-0.0413067358,8.09108748,-1.36552849,0.182393474,1,"Geno_at_37"
"Cbx3","ENSMUSG00000029836.15",0.0412581001,5.87371805,1.20842035,0.236468418,1,"Geno_at_37"
"Zfp821","ENSMUSG00000031728.10",-0.0412510127,3.63038062,-0.666191572,0.51045713,1,"Geno_at_37"
"Pkp3","ENSMUSG00000054065.12",0.0412395175,4.81974903,0.700449851,0.489125842,1,"Geno_at_37"
"Col20a1","ENSMUSG00000016356.18",-0.0412263848,2.15845125,-0.441066915,0.662375261,1,"Geno_at_37"
"Gm9575","ENSMUSG00000083692.1",-0.0412097988,1.5601091,-0.41256675,0.682902467,1,"Geno_at_37"
"Gm43389","ENSMUSG00000106665.1",-0.0411881419,0.0947694429,-0.399996998,0.692035963,1,"Geno_at_37"
"Rpp21","ENSMUSG00000024446.13",-0.0411849103,3.82442951,-0.737330379,0.46673684,1,"Geno_at_37"
"Mmaa","ENSMUSG00000037022.3",0.0411633111,2.18665471,0.548244763,0.587642608,1,"Geno_at_37"
"Tmem60","ENSMUSG00000045435.9",-0.0411617254,3.21064733,-0.572535807,0.571290384,1,"Geno_at_37"
"Ap2s1","ENSMUSG00000008036.11",-0.0411604417,6.79826636,-1.27325634,0.212853846,1,"Geno_at_37"
"Zrsr1","ENSMUSG00000044068.7",0.0411556758,2.72588776,0.585758617,0.56248571,1,"Geno_at_37"
"Rchy1","ENSMUSG00000029397.15",-0.0411504636,5.81869722,-1.0087373,0.321290647,1,"Geno_at_37"
"Gm9104","ENSMUSG00000061242.6",0.0411413526,-0.222046993,0.415894416,0.680492582,1,"Geno_at_37"
"Rer1","ENSMUSG00000029048.3",-0.0411408596,6.97460417,-1.41663798,0.167046552,1,"Geno_at_37"
"Gm48231","ENSMUSG00000112090.1",-0.0411389471,-0.477056836,-0.388210064,0.700643678,1,"Geno_at_37"
"Gpr179","ENSMUSG00000070337.4",0.0411354641,0.481437688,0.267960279,0.790591761,1,"Geno_at_37"
"Nab2","ENSMUSG00000025402.12",0.0411314072,5.73887028,0.483839795,0.634263968,1,"Geno_at_37"
"Insm1","ENSMUSG00000068154.5",-0.0411309812,0.407607232,-0.312835649,0.756603024,1,"Geno_at_37"
"Gm34150","ENSMUSG00000115278.1",0.0411251869,-0.920853368,0.494748994,0.624436325,1,"Geno_at_37"
"Zfp59","ENSMUSG00000078779.4",0.0411248204,3.17991234,0.585077219,0.562937744,1,"Geno_at_37"
"Kpna3","ENSMUSG00000021929.9",0.0411075529,7.11930896,1.15620347,0.256861464,1,"Geno_at_37"
"Gm13546","ENSMUSG00000086862.1",0.0411063361,4.02337009,0.313525198,0.757532683,1,"Geno_at_37"
"Gm13283","ENSMUSG00000100505.1",0.0411047977,-0.754503829,0.39102759,0.698582374,1,"Geno_at_37"
"Sh2d3c","ENSMUSG00000059013.12",-0.0411015446,5.55307562,-0.859305293,0.397090492,1,"Geno_at_37"
"Gm49327","ENSMUSG00000113536.1",-0.0410959799,-0.211163046,-0.351077043,0.728021625,1,"Geno_at_37"
"Herc3","ENSMUSG00000029804.17",-0.0410956084,6.44672696,-1.06668427,0.29475321,1,"Geno_at_37"
"Zfp607a","ENSMUSG00000020420.8",-0.0410937613,3.7257842,-0.674047755,0.505520586,1,"Geno_at_37"
"Nek8","ENSMUSG00000017405.14",0.0410903456,4.78157151,0.960796279,0.344451913,1,"Geno_at_37"
"Mrpl51","ENSMUSG00000030335.6",-0.0410875734,5.57723914,-1.08392573,0.287163751,1,"Geno_at_37"
"Tmem219","ENSMUSG00000060538.14",0.0410850416,3.41265025,0.654478705,0.517866022,1,"Geno_at_37"
"Rps28","ENSMUSG00000067288.13",-0.0410849241,5.52638705,-0.855650755,0.399076833,1,"Geno_at_37"
"Nol8","ENSMUSG00000021392.8",-0.0410808468,6.47603612,-1.244241,0.223191215,1,"Geno_at_37"
"Mir142hg","ENSMUSG00000084796.1",-0.041078731,4.90210706,-0.79492814,0.432994747,1,"Geno_at_37"
"Gm25970","ENSMUSG00000087790.1",0.0410778572,-0.568679949,0.349915388,0.728884249,1,"Geno_at_37"
"Fmnl2","ENSMUSG00000036053.17",-0.0410768,3.00347794,-0.209688915,0.836417941,1,"Geno_at_37"
"Brcc3","ENSMUSG00000031201.17",-0.0410678038,5.81005193,-1.02637429,0.313045031,1,"Geno_at_37"
"Tyw5","ENSMUSG00000048495.16",0.0410603054,3.48955646,0.637593619,0.528648675,1,"Geno_at_37"
"Man1a2","ENSMUSG00000008763.16",0.0410570565,6.76237948,1.33736564,0.191308162,1,"Geno_at_37"
"Kdm4dl","ENSMUSG00000098832.2",-0.0410538414,-0.859568541,-0.498779517,0.621627936,1,"Geno_at_37"
"Loxl2","ENSMUSG00000034205.16",0.0410524202,-0.0986898191,0.322175258,0.749588464,1,"Geno_at_37"
"Got2-ps1","ENSMUSG00000080935.3",-0.0410464908,3.55084987,-0.383619926,0.704805985,1,"Geno_at_37"
"Gm50045","ENSMUSG00000117507.1",0.04104209,0.163271934,0.32995855,0.743759345,1,"Geno_at_37"
"Ndufa10","ENSMUSG00000026260.12",-0.0410415987,6.58393048,-1.33426593,0.192309605,1,"Geno_at_37"
"Kif18b","ENSMUSG00000051378.10",-0.0410375442,6.1863921,-1.02691281,0.312795589,1,"Geno_at_37"
"Urod","ENSMUSG00000028684.14",-0.0410298868,5.38878432,-1.05066308,0.301931203,1,"Geno_at_37"
"4930579G24Rik","ENSMUSG00000027811.9",0.0410252234,4.1807317,0.725239834,0.474010092,1,"Geno_at_37"
"Ifnlr1","ENSMUSG00000062157.6",-0.04101741,0.543748112,-0.283064105,0.779101492,1,"Geno_at_37"
"Ap3m2","ENSMUSG00000031539.6",0.0410160988,2.98880016,0.549792544,0.58659391,1,"Geno_at_37"
"Zer1","ENSMUSG00000039686.14",-0.0410058855,5.95521779,-0.966350676,0.341712409,1,"Geno_at_37"
"Pdhb","ENSMUSG00000021748.9",-0.0410009795,6.63679983,-1.38963976,0.175021509,1,"Geno_at_37"
"Nrbf2","ENSMUSG00000075000.11",-0.0409934449,4.32894349,-0.774020068,0.445068476,1,"Geno_at_37"
"Gpatch2l","ENSMUSG00000021254.9",0.0409821285,4.91558966,0.841350883,0.406909471,1,"Geno_at_37"
"Fkbp9","ENSMUSG00000029781.7",0.0409785814,-0.386882825,0.327203015,0.745821296,1,"Geno_at_37"
"Fam214b","ENSMUSG00000036002.12",-0.0409756162,5.51407811,-0.610996651,0.547235215,1,"Geno_at_37"
"1110002E22Rik","ENSMUSG00000090066.2",0.0409639343,-0.670801391,0.400404858,0.691738851,1,"Geno_at_37"
"Zswim8","ENSMUSG00000021819.11",-0.0409550702,7.15345326,-0.990016579,0.330204769,1,"Geno_at_37"
"Tapt1","ENSMUSG00000046985.11",-0.040950161,6.7476543,-1.19857571,0.240218346,1,"Geno_at_37"
"Spats2l","ENSMUSG00000038305.15",-0.0409395099,-0.912342406,-0.558125852,0.580963416,1,"Geno_at_37"
"Gm2367","ENSMUSG00000102162.1",0.0409391524,-0.319428911,0.337934811,0.737801686,1,"Geno_at_37"
"Gm46447","ENSMUSG00000115813.1",0.0409383561,-0.209306558,0.277674202,0.783218865,1,"Geno_at_37"
"Gm16085","ENSMUSG00000086037.1",0.0409355619,-0.314277869,0.323794187,0.748374751,1,"Geno_at_37"
"Kcnk7","ENSMUSG00000024936.8",-0.0409345476,1.35584731,-0.315610029,0.754517078,1,"Geno_at_37"
"Fbxo40","ENSMUSG00000047746.14",0.0409050742,-0.359433543,0.373509656,0.711435819,1,"Geno_at_37"
"Il17rb","ENSMUSG00000015966.17",-0.0409017057,0.236027313,-0.313776747,0.75589524,1,"Geno_at_37"
"4931413K12Rik","ENSMUSG00000085088.1",-0.0408997156,1.13277545,-0.38196033,0.705224249,1,"Geno_at_37"
"Gm9354","ENSMUSG00000109059.1",0.0408777562,1.65417748,0.369078384,0.714701076,1,"Geno_at_37"
"mt-Atp6","ENSMUSG00000064357.1",0.0408750633,1.10378026,0.360381183,0.721125691,1,"Geno_at_37"
"Yipf1","ENSMUSG00000057375.13",0.0408701214,5.08890875,0.947607675,0.351015581,1,"Geno_at_37"
"Fto","ENSMUSG00000055932.15",-0.0408677889,6.16621954,-1.20407734,0.238117319,1,"Geno_at_37"
"Ier5","ENSMUSG00000056708.5",-0.0408634003,7.04328203,-0.529991573,0.602726825,1,"Geno_at_37"
"Rilpl2","ENSMUSG00000029401.8",0.0408542243,6.35753384,1.00109862,0.324907769,1,"Geno_at_37"
"Ostf1","ENSMUSG00000024725.13",-0.0408508038,6.17830985,-1.15523046,0.257253302,1,"Geno_at_37"
"Gm20762","ENSMUSG00000118197.1",-0.0408480575,-0.0868709428,-0.270527291,0.788655216,1,"Geno_at_37"
"Atf1-ps","ENSMUSG00000080968.3",-0.0408473166,3.06557003,-0.522364627,0.605311298,1,"Geno_at_37"
"B930095G15Rik","ENSMUSG00000085133.2",0.0408419363,3.64875582,0.589361124,0.560098899,1,"Geno_at_37"
"Cd247","ENSMUSG00000005763.15",-0.0408251538,5.82505993,-0.890501375,0.380390778,1,"Geno_at_37"
"Trbv13-3","ENSMUSG00000076470.1",0.0408212773,3.32902408,0.607431335,0.548205074,1,"Geno_at_37"
"4930579G18Rik","ENSMUSG00000040840.7",-0.0408124758,3.52470797,-0.612254824,0.545052567,1,"Geno_at_37"
"Snx30","ENSMUSG00000028385.14",-0.0408065539,5.02909613,-0.847418623,0.403574202,1,"Geno_at_37"
"Usp46","ENSMUSG00000054814.14",0.0408034968,4.45981628,0.741979537,0.463957487,1,"Geno_at_37"
"Stk11ip","ENSMUSG00000026213.15",0.0408012682,5.60583301,0.979086298,0.33548651,1,"Geno_at_37"
"Gcsh","ENSMUSG00000034424.5",-0.0407992949,6.38905991,-0.927017794,0.361428256,1,"Geno_at_37"
"Gm10709","ENSMUSG00000074516.6",-0.0407924848,5.95990326,-0.592633768,0.559848587,1,"Geno_at_37"
"Siglecf","ENSMUSG00000039013.16",0.0407902533,-0.811909491,0.470401075,0.641522476,1,"Geno_at_37"
"Ap3b1","ENSMUSG00000021686.6",0.0407824388,6.71295575,1.30045078,0.203499021,1,"Geno_at_37"
"Cox15","ENSMUSG00000040018.9",0.0407810165,5.10727563,0.933406248,0.358175914,1,"Geno_at_37"
"Tsen34","ENSMUSG00000035585.16",0.0407659208,4.63187721,0.866291226,0.393310934,1,"Geno_at_37"
"G730003C15Rik","ENSMUSG00000097573.2",-0.0407656984,-0.533190123,-0.347486611,0.730688981,1,"Geno_at_37"
"Itpr3","ENSMUSG00000042644.9",-0.040744836,7.21084979,-0.883145428,0.384905551,1,"Geno_at_37"
"Tnfaip8","ENSMUSG00000062210.13",-0.0407409457,6.39524941,-0.86136557,0.396182189,1,"Geno_at_37"
"Rap1gds1","ENSMUSG00000028149.12",0.0407292749,7.54365458,1.09137373,0.28392849,1,"Geno_at_37"
"Gm9703","ENSMUSG00000082741.2",-0.0407272176,-0.515388892,-0.426587763,0.672771793,1,"Geno_at_37"
"Gm45694","ENSMUSG00000110529.1",-0.0407203123,0.083537646,-0.305475362,0.762145934,1,"Geno_at_37"
"Bend6","ENSMUSG00000042182.16",-0.0407040439,1.34625334,-0.357726888,0.723090571,1,"Geno_at_37"
"Snapc3","ENSMUSG00000028483.13",-0.0407009067,4.89349656,-0.824923069,0.416025798,1,"Geno_at_37"
"Fbxo22","ENSMUSG00000032309.15",0.0406875319,5.05342853,0.854417142,0.399748752,1,"Geno_at_37"
"Gm38366","ENSMUSG00000103621.1",-0.0406872756,1.51977797,-0.395134818,0.69558171,1,"Geno_at_37"
"Hist1h2ao","ENSMUSG00000094248.1",-0.0406790525,0.846393462,-0.304142118,0.763151362,1,"Geno_at_37"
"Nadk2","ENSMUSG00000022253.15",0.040677821,4.7726439,0.85207994,0.40102373,1,"Geno_at_37"
"Gm12743","ENSMUSG00000084968.1",0.0406673598,0.794508237,0.361503975,0.720295109,1,"Geno_at_37"
"Snora43","ENSMUSG00000097052.2",-0.0406671341,-0.627130956,-0.39385022,0.696519678,1,"Geno_at_37"
"Mterf2","ENSMUSG00000049038.3",0.0406591127,2.78086558,0.498110414,0.622093755,1,"Geno_at_37"
"Rps5","ENSMUSG00000012848.15",-0.0406481821,10.1928535,-1.6003562,0.120159237,1,"Geno_at_37"
"Nup155","ENSMUSG00000022142.8",0.0406449933,7.25235247,1.39998131,0.171932112,1,"Geno_at_37"
"Ice2","ENSMUSG00000032235.15",0.0406446846,4.68134664,0.775946165,0.443947841,1,"Geno_at_37"
"Gtf2h4","ENSMUSG00000001524.14",0.0406445038,4.62459494,0.970717464,0.33956897,1,"Geno_at_37"
"Camk2a","ENSMUSG00000024617.16",0.0406421556,-0.140338893,0.285110354,0.777548636,1,"Geno_at_37"
"5430416N02Rik","ENSMUSG00000097772.7",0.0406335347,3.75110524,0.49891151,0.621611125,1,"Geno_at_37"
"Fut11","ENSMUSG00000039357.2",0.0406269351,4.18347508,0.677632506,0.503276867,1,"Geno_at_37"
"Polg","ENSMUSG00000039176.17",0.0406257533,7.31291456,1.48888305,0.147115286,1,"Geno_at_37"
"Capns1","ENSMUSG00000001794.13",-0.0406071311,7.47052337,-1.39199712,0.174313473,1,"Geno_at_37"
"Hirip3","ENSMUSG00000042606.9",0.0406027485,6.34067204,0.481746243,0.63594606,1,"Geno_at_37"
"Gm41361","ENSMUSG00000116125.1",0.0406000116,-0.0381763874,0.315402142,0.754673316,1,"Geno_at_37"
"Tcp11","ENSMUSG00000062859.15",-0.0405935314,-0.0835914321,-0.38500925,0.70298821,1,"Geno_at_37"
"Lpar6","ENSMUSG00000033446.7",-0.0405700506,3.63787073,-0.257407021,0.799922281,1,"Geno_at_37"
"Slc9a6","ENSMUSG00000060681.15",-0.0405612389,5.44038616,-1.00029129,0.32529168,1,"Geno_at_37"
"Gm14539","ENSMUSG00000084830.2",-0.0405481109,5.11208805,-0.608286724,0.548428006,1,"Geno_at_37"
"Inppl1","ENSMUSG00000032737.13",-0.0405381696,3.24158655,-0.44814655,0.657316471,1,"Geno_at_37"
"Trgv3","ENSMUSG00000076750.6",-0.0405329107,-0.968956662,-0.584309668,0.563447152,1,"Geno_at_37"
"Chordc1","ENSMUSG00000001774.8",0.0405259051,7.10087413,1.20283604,0.238590167,1,"Geno_at_37"
"Atp6v1g2","ENSMUSG00000024403.16",-0.0405214211,3.63678837,-0.600474321,0.552768622,1,"Geno_at_37"
"Rdh5","ENSMUSG00000025350.15",0.0405176112,0.476160012,0.359185615,0.722010489,1,"Geno_at_37"
"Actn2","ENSMUSG00000052374.16",0.040516047,0.318991853,0.324421817,0.747904393,1,"Geno_at_37"
"Cacng4","ENSMUSG00000020723.3",0.0405086296,-0.535651729,0.348055077,0.730266434,1,"Geno_at_37"
"Trbj2-2","ENSMUSG00000076493.1",-0.0405071915,1.4039611,-0.392766503,0.697311349,1,"Geno_at_37"
"Gm29157","ENSMUSG00000100635.1",0.0405054891,-0.556772664,0.375004285,0.710335727,1,"Geno_at_37"
"Chpf2","ENSMUSG00000038181.16",-0.0405011839,4.73615244,-0.908390093,0.371022318,1,"Geno_at_37"
"Ankrd27","ENSMUSG00000034867.16",0.0404935626,6.07483782,1.2278375,0.229200108,1,"Geno_at_37"
"4930524O07Rik","ENSMUSG00000090207.2",-0.0404935399,-0.127741011,-0.366904055,0.716305281,1,"Geno_at_37"
"Gm10108","ENSMUSG00000062038.5",0.0404866469,2.11374095,0.453175023,0.653733332,1,"Geno_at_37"
"E2f6","ENSMUSG00000057469.8",-0.0404860228,5.65670326,-1.10236449,0.279201856,1,"Geno_at_37"
"Zfp526","ENSMUSG00000046541.9",-0.0404757793,4.21625869,-0.776434372,0.443664064,1,"Geno_at_37"
"Tgfb1","ENSMUSG00000002603.15",-0.0404703883,8.26357328,-0.63605571,0.532541496,1,"Geno_at_37"
"Tifab","ENSMUSG00000049625.6",0.0404674229,-0.21609408,0.329482963,0.744115087,1,"Geno_at_37"
"Kifc5b","ENSMUSG00000024301.10",0.0404631731,5.19727996,0.976684488,0.336654741,1,"Geno_at_37"
"Zfp414","ENSMUSG00000073423.10",-0.0404532445,4.17721058,-0.764690116,0.450520745,1,"Geno_at_37"
"Gm44450","ENSMUSG00000105569.1",-0.0404473969,-0.621993299,-0.331454425,0.742640798,1,"Geno_at_37"
"Gm37419","ENSMUSG00000110291.1",0.0404441839,-0.420886562,0.369464539,0.714416311,1,"Geno_at_37"
"Gm47920","ENSMUSG00000114709.1",0.0404323366,0.321321538,0.279486129,0.781818969,1,"Geno_at_37"
"Ip6k1","ENSMUSG00000032594.11",-0.0404289353,7.18904781,-1.16952813,0.251539296,1,"Geno_at_37"
"Grk5","ENSMUSG00000003228.9",-0.0404217374,3.14367752,-0.545747509,0.589336541,1,"Geno_at_37"
"Gm3325","ENSMUSG00000113836.1",0.0404117344,2.86482379,0.551885976,0.58517696,1,"Geno_at_37"
"Asrgl1","ENSMUSG00000024654.8",-0.0404097658,4.00258556,-0.628544834,0.534476242,1,"Geno_at_37"
"Sufu","ENSMUSG00000025231.17",-0.0404096517,5.78378719,-1.05029838,0.302096014,1,"Geno_at_37"
"Gm42858","ENSMUSG00000107276.1",0.0404051901,-0.268479817,0.333037744,0.741457487,1,"Geno_at_37"
"Hook2","ENSMUSG00000052566.8",0.0403813799,4.2662057,0.86004586,0.396688739,1,"Geno_at_37"
"Tmem68","ENSMUSG00000028232.13",-0.0403770198,5.26747057,-0.887019362,0.38223196,1,"Geno_at_37"
"Serpinb5","ENSMUSG00000067006.12",0.0403734874,-0.945109358,0.478886955,0.635544177,1,"Geno_at_37"
"Stc1","ENSMUSG00000014813.9",0.0403731531,0.131317174,0.20021171,0.843118088,1,"Geno_at_37"
"Gm15911","ENSMUSG00000086506.1",0.0403701804,1.19446772,0.334403063,0.740437616,1,"Geno_at_37"
"Gm3940","ENSMUSG00000078291.1",-0.0403550281,-0.943684035,-0.554042235,0.583719235,1,"Geno_at_37"
"C730036E19Rik","ENSMUSG00000102095.1",0.0403427307,-0.970589518,0.579830416,0.566424595,1,"Geno_at_37"
"Smarcd3","ENSMUSG00000028949.13",0.0403383007,1.13627262,0.319428071,0.751649523,1,"Geno_at_37"
"Gm43081","ENSMUSG00000106103.1",0.0403364278,-0.0485477924,0.28909641,0.774526389,1,"Geno_at_37"
"Tex30","ENSMUSG00000026049.11",0.040331752,4.94635013,0.819689411,0.41895656,1,"Geno_at_37"
"9330162G02Rik","ENSMUSG00000109536.1",0.0403307972,3.12694277,0.318431518,0.753227455,1,"Geno_at_37"
"Gm8172","ENSMUSG00000082926.3",-0.0403145031,0.648107945,-0.308096862,0.760170237,1,"Geno_at_37"
"Gm42735","ENSMUSG00000107041.1",-0.0402856317,-0.422462795,-0.359087146,0.72208338,1,"Geno_at_37"
"Fam184a","ENSMUSG00000019856.14",0.0402630498,-0.287260391,0.395160039,0.695563299,1,"Geno_at_37"
"Flii","ENSMUSG00000002812.4",0.0402604295,7.40854651,1.46294471,0.154039714,1,"Geno_at_37"
"Tmed4","ENSMUSG00000004394.12",-0.0402569253,5.39758887,-0.990032794,0.330196976,1,"Geno_at_37"
"Gm18789","ENSMUSG00000110995.1",-0.0402551225,-0.466159312,-0.274045551,0.786083507,1,"Geno_at_37"
"Fv1","ENSMUSG00000070583.1",0.0402526099,2.47818235,0.453505833,0.653497899,1,"Geno_at_37"
"Krt18","ENSMUSG00000023043.7",0.0402508317,-0.181868462,0.304406283,0.762952116,1,"Geno_at_37"
"Tasor","ENSMUSG00000040651.9",0.040247846,5.53270445,0.949184096,0.350226673,1,"Geno_at_37"
"Hbs1l","ENSMUSG00000019977.16",-0.0402471817,6.415765,-1.16009743,0.255297695,1,"Geno_at_37"
"Smn1","ENSMUSG00000021645.16",-0.0402451039,5.57150656,-0.96428802,0.342728024,1,"Geno_at_37"
"Cd200r4","ENSMUSG00000062082.16",0.0402435201,-0.338233528,0.326394613,0.746426582,1,"Geno_at_37"
"Terf2","ENSMUSG00000031921.17",-0.0402406072,5.88890634,-1.02946306,0.311616178,1,"Geno_at_37"
"Ddx59","ENSMUSG00000026404.12",0.04023698,3.18957189,0.613179465,0.544449328,1,"Geno_at_37"
"Fdxr","ENSMUSG00000018861.8",0.0402306731,5.03426187,0.63254436,0.53233283,1,"Geno_at_37"
"Gpi1","ENSMUSG00000036427.5",-0.0402261731,9.05106374,-0.573210912,0.573921698,1,"Geno_at_37"
"Lat2","ENSMUSG00000040751.12",-0.0402167998,0.738184668,-0.345876367,0.731886357,1,"Geno_at_37"
"8030423F21Rik","ENSMUSG00000052295.4",0.0402159121,-0.487646104,0.30894332,0.759532654,1,"Geno_at_37"
"Plekhh3","ENSMUSG00000035172.15",0.0402099895,-0.662554167,0.341304999,0.735289357,1,"Geno_at_37"
"Lgi2","ENSMUSG00000039252.11",0.0402004616,-0.24123388,0.308824836,0.75962189,1,"Geno_at_37"
"Wbp4","ENSMUSG00000022023.6",0.0401998153,5.79204608,1.00318404,0.323917508,1,"Geno_at_37"
"Zbtb34","ENSMUSG00000068966.10",0.0401835975,4.17833148,0.679051156,0.502390454,1,"Geno_at_37"
"Il5","ENSMUSG00000036117.2",-0.0401812844,-0.913900605,-0.451804564,0.654709053,1,"Geno_at_37"
"Slc35c2","ENSMUSG00000017664.16",-0.04017981,4.81238859,-0.83108451,0.412591847,1,"Geno_at_37"
"Hivep2","ENSMUSG00000015501.10",-0.0401772835,6.7315107,-0.709699869,0.485106193,1,"Geno_at_37"
"Sh3bgrl","ENSMUSG00000031246.14",-0.0401734961,7.8616645,-0.840388131,0.408781683,1,"Geno_at_37"
"Gm37718","ENSMUSG00000102243.1",-0.0401708141,0.0125656137,-0.305531348,0.762103723,1,"Geno_at_37"
"Gm5778","ENSMUSG00000091825.1",0.0401683405,1.63076919,0.378481468,0.707778874,1,"Geno_at_37"
"Lin9","ENSMUSG00000058729.13",0.0401616351,5.24997031,0.791365149,0.435038068,1,"Geno_at_37"
"Tfrc","ENSMUSG00000022797.16",0.0401608818,10.4275099,1.06971336,0.294438486,1,"Geno_at_37"
"Gm48898","ENSMUSG00000112441.1",0.0401573613,-0.516181136,0.314112637,0.755642675,1,"Geno_at_37"
"Xpo1","ENSMUSG00000020290.14",0.0401551617,8.87385946,1.10668372,0.277359827,1,"Geno_at_37"
"Flt3l","ENSMUSG00000110206.1",-0.0401479541,5.38507602,-0.900655663,0.375054284,1,"Geno_at_37"
"Hmcn2","ENSMUSG00000055632.18",0.0401403946,1.76566769,0.463735807,0.646235379,1,"Geno_at_37"
"Gm5921","ENSMUSG00000074034.1",0.0401342161,1.50182126,0.358941202,0.722191418,1,"Geno_at_37"
"Fam184b","ENSMUSG00000015879.8",-0.0401222866,0.0312973178,-0.310385606,0.758446666,1,"Geno_at_37"
"Selenok","ENSMUSG00000042682.9",0.0401209908,6.04555204,0.959790929,0.344949335,1,"Geno_at_37"
"Tex264","ENSMUSG00000040813.16",-0.0401182773,5.13710189,-1.03290014,0.31003152,1,"Geno_at_37"
"Prss34","ENSMUSG00000056399.2",-0.0401059695,-0.95858131,-0.453677614,0.65337566,1,"Geno_at_37"
"9430015G10Rik","ENSMUSG00000059939.13",0.0400961331,5.44004289,0.822803641,0.417211107,1,"Geno_at_37"
"Scn11a","ENSMUSG00000034115.10",-0.0400916992,0.0720798357,-0.309072388,0.75943545,1,"Geno_at_37"
"Rps6kc1","ENSMUSG00000089872.10",-0.0400906395,4.42468564,-0.810934715,0.423887506,1,"Geno_at_37"
"Trav13n-4","ENSMUSG00000076823.3",0.0400904848,-0.0614968537,0.295242921,0.769873121,1,"Geno_at_37"
"Nudt3","ENSMUSG00000024213.14",-0.0400903114,5.64788363,-1.01681906,0.317493928,1,"Geno_at_37"
"Xpot","ENSMUSG00000034667.8",0.0400853755,7.35371688,1.38820185,0.175454496,1,"Geno_at_37"
"Ighg2b","ENSMUSG00000076613.4",0.0400841511,-0.954224978,0.549759363,0.586616383,1,"Geno_at_37"
"Iglc2","ENSMUSG00000076937.3",0.0400841511,-0.986440114,0.604146819,0.550357156,1,"Geno_at_37"
"Gm38082","ENSMUSG00000104369.1",-0.040082389,2.31220714,-0.373273511,0.711609686,1,"Geno_at_37"
"Cd27","ENSMUSG00000030336.14",-0.0400814106,5.90457002,-0.333470194,0.743010887,1,"Geno_at_37"
"Igip","ENSMUSG00000110185.2",-0.0400791216,4.38969342,-0.710948445,0.482691172,1,"Geno_at_37"
"Gm5587","ENSMUSG00000108518.1",-0.0400705802,-0.088348512,-0.329663858,0.74397977,1,"Geno_at_37"
"Ttc16","ENSMUSG00000039021.15",-0.0400680895,0.515174997,-0.323787996,0.748379392,1,"Geno_at_37"
"Tmem167b","ENSMUSG00000068732.5",0.0400642467,5.17291094,0.967337705,0.341227131,1,"Geno_at_37"
"Dnah2","ENSMUSG00000005237.14",0.0400569935,-0.815621924,0.469282626,0.642312261,1,"Geno_at_37"
"Cnga3","ENSMUSG00000026114.14",-0.0400502836,-0.953541358,-0.565630828,0.57591546,1,"Geno_at_37"
"Dcaf10","ENSMUSG00000035572.16",0.0400432898,5.56155395,0.936897504,0.35640673,1,"Geno_at_37"
"Rbm4b","ENSMUSG00000033760.17",0.040031936,5.41830679,0.964211987,0.342765499,1,"Geno_at_37"
"Cnst","ENSMUSG00000038949.8",-0.0400295883,5.76481051,-1.11055342,0.27571692,1,"Geno_at_37"
"Papss2","ENSMUSG00000024899.7",-0.0400229301,5.51123872,-0.732041039,0.470136321,1,"Geno_at_37"
"Arpc2","ENSMUSG00000006304.14",-0.0400154271,8.87661982,-1.65575527,0.108355806,1,"Geno_at_37"
"Slc8a2","ENSMUSG00000030376.8",0.0400117493,-0.932442667,0.5437443,0.590697064,1,"Geno_at_37"
"Ctbs","ENSMUSG00000028189.12",0.0400060361,3.06629017,0.597179914,0.554936449,1,"Geno_at_37"
"Washc2","ENSMUSG00000024104.11",-0.0399983963,6.61621618,-0.58205916,0.567255251,1,"Geno_at_37"
"Rpl34-ps2","ENSMUSG00000061669.6",-0.0399802363,0.743789308,-0.386808619,0.701669841,1,"Geno_at_37"
"Rnf13","ENSMUSG00000036503.13",-0.039978683,5.30857801,-0.906783458,0.371857524,1,"Geno_at_37"
"Casp7","ENSMUSG00000025076.11",-0.0399779354,5.20987041,-0.67572879,0.504755272,1,"Geno_at_37"
"1110004F10Rik","ENSMUSG00000030663.12",0.0399737257,6.86787383,1.38758458,0.175640625,1,"Geno_at_37"
"C2cd5","ENSMUSG00000030279.15",0.0399665466,6.46817394,1.17157905,0.250727342,1,"Geno_at_37"
"Aars2","ENSMUSG00000023938.8",-0.039966086,4.15500415,-0.807587566,0.425782131,1,"Geno_at_37"
"Gm8373","ENSMUSG00000118382.1",-0.0399455273,-0.245218229,-0.299037374,0.767004829,1,"Geno_at_37"
"Fmnl1","ENSMUSG00000055805.15",-0.0399433529,8.46590071,-1.21889625,0.232526015,1,"Geno_at_37"
"Icam1","ENSMUSG00000037405.8",0.0399344889,6.26956733,0.309496985,0.760873328,1,"Geno_at_37"
"Khnyn","ENSMUSG00000047153.4",0.0399333549,6.79104128,1.00696107,0.322129266,1,"Geno_at_37"
"Ccar2","ENSMUSG00000033712.6",-0.0399328521,6.77022035,-1.28982053,0.207117672,1,"Geno_at_37"
"Parp3","ENSMUSG00000023249.15",-0.0399294082,6.03490784,-1.17573483,0.249087988,1,"Geno_at_37"
"Phip","ENSMUSG00000032253.13",0.0399281453,7.58464648,1.10751511,0.277006267,1,"Geno_at_37"
"Tespa1","ENSMUSG00000034833.10",-0.039924762,3.26523383,-0.525069987,0.603452636,1,"Geno_at_37"
"Mfsd4a","ENSMUSG00000059149.17",0.0399225275,5.95262045,1.08465018,0.286847921,1,"Geno_at_37"
"Neat1","ENSMUSG00000092274.3",0.0399216594,7.94993972,0.458976438,0.652196823,1,"Geno_at_37"
"Gm10819","ENSMUSG00000075268.2",0.0399170577,4.26531508,0.631780056,0.532388796,1,"Geno_at_37"
"Eif3i","ENSMUSG00000028798.16",-0.0399030504,7.42798462,-1.40905024,0.16925834,1,"Geno_at_37"
"Scp2","ENSMUSG00000028603.15",-0.0398981437,5.63684756,-1.08404712,0.28711081,1,"Geno_at_37"
"Adamts6","ENSMUSG00000046169.10",0.039892522,7.15124322,0.586423343,0.564571651,1,"Geno_at_37"
"E330011M16Rik","ENSMUSG00000103030.1",0.0398911593,-0.546720393,0.369686943,0.714252321,1,"Geno_at_37"
"Egln2","ENSMUSG00000058709.11",-0.0398779642,5.89319666,-0.926455068,0.361715669,1,"Geno_at_37"
"Alkbh1","ENSMUSG00000079036.10",-0.039866258,6.13517572,-0.962783211,0.343470243,1,"Geno_at_37"
"Tmem86b","ENSMUSG00000045282.7",-0.0398557047,3.89217083,-0.619827749,0.540122263,1,"Geno_at_37"
"Spred2","ENSMUSG00000045671.17",0.0398537912,6.17278797,0.980114325,0.334987322,1,"Geno_at_37"
"BC055324","ENSMUSG00000041406.14",0.0398377851,5.17247878,0.828824942,0.413849115,1,"Geno_at_37"
"Plekhb1","ENSMUSG00000030701.17",0.0398369219,-0.370771645,0.311465102,0.757634173,1,"Geno_at_37"
"Gm46350","ENSMUSG00000113467.1",0.039835717,-0.608839057,0.402822289,0.689978868,1,"Geno_at_37"
"Mrps2","ENSMUSG00000035772.11",0.0398299563,5.71182627,1.05384443,0.300496209,1,"Geno_at_37"
"Gm28053","ENSMUSG00000098715.6",0.0398143714,-0.0724129938,0.374011073,0.71106669,1,"Geno_at_37"
"Gm24636","ENSMUSG00000089298.1",-0.0398071893,-0.603931277,-0.443047525,0.66095836,1,"Geno_at_37"
"A930041C12Rik","ENSMUSG00000085900.1",-0.0398070352,-0.368770559,-0.314276951,0.755519133,1,"Geno_at_37"
"Capn10","ENSMUSG00000026270.11",-0.039795934,3.93228511,-0.719388765,0.477553285,1,"Geno_at_37"
"Arid2","ENSMUSG00000033237.19",0.039795394,7.44399934,1.31217103,0.199565626,1,"Geno_at_37"
"Nrxn3","ENSMUSG00000066392.12",-0.0397934381,-0.981776904,-0.592591769,0.557962862,1,"Geno_at_37"
"Ppp1r9b","ENSMUSG00000038976.12",0.0397916065,6.66592154,0.616278137,0.544593445,1,"Geno_at_37"
"Tprn","ENSMUSG00000048707.9",-0.0397827463,3.87560863,-0.629776332,0.533681137,1,"Geno_at_37"
"Sac3d1","ENSMUSG00000024790.8",0.0397773485,3.93805938,0.737823,0.466441883,1,"Geno_at_37"
"Csnk1g2","ENSMUSG00000003345.16",-0.0397555051,7.66563007,-1.09046478,0.284321924,1,"Geno_at_37"
"Pja2","ENSMUSG00000024083.16",-0.0397537929,5.96311884,-1.12752303,0.268594806,1,"Geno_at_37"
"Samsn1","ENSMUSG00000022876.18",0.0397524279,4.93855894,0.662682976,0.512721412,1,"Geno_at_37"
"Cep55","ENSMUSG00000024989.15",-0.039740248,6.9581607,-1.13699854,0.264676212,1,"Geno_at_37"
"Dusp12","ENSMUSG00000026659.13",-0.039738497,2.52845117,-0.450117479,0.655911053,1,"Geno_at_37"
"Ostm1","ENSMUSG00000038280.12",-0.0397349145,5.22313548,-0.922476747,0.363751891,1,"Geno_at_37"
"Alg5","ENSMUSG00000036632.9",-0.0397342399,5.52636494,-0.991874309,0.329312731,1,"Geno_at_37"
"Gm15232","ENSMUSG00000084806.1",0.0397331198,1.17320861,0.311097129,0.7579111,1,"Geno_at_37"
"Polr2d","ENSMUSG00000024258.4",0.0397309948,5.03847577,0.929780794,0.360019239,1,"Geno_at_37"
"Smim20","ENSMUSG00000061461.11",-0.0397239631,4.38826194,-0.862437251,0.395393187,1,"Geno_at_37"
"Gm6542","ENSMUSG00000085172.1",-0.0397144586,5.5160772,-0.607053168,0.549649709,1,"Geno_at_37"
"Usp3","ENSMUSG00000032376.12",-0.0397048451,6.75510173,-0.906835653,0.371830371,1,"Geno_at_37"
"Frmd5","ENSMUSG00000027238.17",-0.0396921076,1.42134218,-0.364234704,0.718276511,1,"Geno_at_37"
"Pinx1","ENSMUSG00000021958.5",0.039691149,4.23339093,0.708033436,0.48447294,1,"Geno_at_37"
"Zfp429","ENSMUSG00000078994.9",0.0396731587,3.70905137,0.685637621,0.49828644,1,"Geno_at_37"
"Kdelr1","ENSMUSG00000002778.14",-0.0396701125,6.17536743,-1.17490735,0.249413782,1,"Geno_at_37"
"Acot9","ENSMUSG00000025287.15",0.0396517153,6.18072703,0.854518534,0.399693499,1,"Geno_at_37"
"Mcph1","ENSMUSG00000039842.15",0.0396350304,4.75494405,0.842315403,0.406378148,1,"Geno_at_37"
"Mrps5","ENSMUSG00000027374.12",-0.0396320496,5.86953128,-0.97982981,0.335125426,1,"Geno_at_37"
"Gm49322","ENSMUSG00000035370.9",0.0396234426,2.16461105,0.411961342,0.683341269,1,"Geno_at_37"
"Abat","ENSMUSG00000057880.12",-0.0396228685,1.02238041,-0.312463703,0.756882818,1,"Geno_at_37"
"Nabp2","ENSMUSG00000025374.13",-0.0396164905,4.62497094,-0.923528785,0.363212695,1,"Geno_at_37"
"Gm6997","ENSMUSG00000115539.1",0.0396129458,2.35305456,0.504916026,0.617363252,1,"Geno_at_37"
"Cd2","ENSMUSG00000027863.8",-0.0396127136,8.87098231,-1.33194189,0.193063098,1,"Geno_at_37"
"Ift172","ENSMUSG00000038564.11",0.0396089024,4.40712755,0.706978016,0.485118978,1,"Geno_at_37"
"Gm47994","ENSMUSG00000114399.1",0.0396047018,-0.567704777,0.291101777,0.773036569,1,"Geno_at_37"
"Abcg4","ENSMUSG00000032131.16",-0.0395977845,-0.371135167,-0.370529137,0.713631456,1,"Geno_at_37"
"Ms4a4d","ENSMUSG00000024678.6",-0.0395800726,-0.414226934,-0.322076338,0.749662646,1,"Geno_at_37"
"Exoc6","ENSMUSG00000053799.8",-0.0395742277,5.62879849,-0.891327213,0.379954942,1,"Geno_at_37"
"Gm18782","ENSMUSG00000109367.1",-0.0395732462,-0.475205586,-0.304076672,0.763200727,1,"Geno_at_37"
"Gm36932","ENSMUSG00000103774.1",-0.0395610299,1.00263223,-0.39280195,0.697285448,1,"Geno_at_37"
"Qtrt1","ENSMUSG00000002825.8",-0.0395449289,4.44406296,-0.832723915,0.411681142,1,"Geno_at_37"
"Sesn1","ENSMUSG00000038332.13",-0.0395434152,6.65027601,-0.858294814,0.397877593,1,"Geno_at_37"
"Tmem116","ENSMUSG00000029452.18",-0.0395418442,1.62509653,-0.444747419,0.659743297,1,"Geno_at_37"
"Laptm4a","ENSMUSG00000020585.4",-0.03954014,6.34474709,-1.07194917,0.292420819,1,"Geno_at_37"
"Gm12854","ENSMUSG00000078238.4",0.0395153808,2.97948014,0.398652968,0.693071495,1,"Geno_at_37"
"Creb3l2","ENSMUSG00000038648.5",0.0395151062,5.34111857,0.797723891,0.431395522,1,"Geno_at_37"
"Map3k2","ENSMUSG00000024383.9",0.0395134236,6.11592357,1.02581003,0.313306547,1,"Geno_at_37"
"Stxbp1","ENSMUSG00000026797.16",-0.0395062718,3.21698732,-0.432989247,0.668168035,1,"Geno_at_37"
"Fbxl14","ENSMUSG00000030019.6",-0.0395039513,6.50928879,-1.08202041,0.287995569,1,"Geno_at_37"
"Slc39a13","ENSMUSG00000002105.15",-0.0395010207,3.9965072,-0.634479056,0.53065066,1,"Geno_at_37"
"5031425E22Rik","ENSMUSG00000073147.3",-0.0394862082,4.46316749,-0.72039686,0.476941736,1,"Geno_at_37"
"Spint2","ENSMUSG00000074227.12",-0.0394781494,5.92918759,-0.94517533,0.352235151,1,"Geno_at_37"
"Gale","ENSMUSG00000028671.16",0.0394695331,4.41411968,0.649177236,0.521238563,1,"Geno_at_37"
"Trir","ENSMUSG00000041203.9",-0.0394680728,6.68134112,-0.946655837,0.351492494,1,"Geno_at_37"
"Eif2ak2","ENSMUSG00000024079.4",0.039466583,5.52471814,0.732431605,0.469822177,1,"Geno_at_37"
"Gm18737","ENSMUSG00000092458.1",0.039458804,0.849296665,0.346793231,0.731204493,1,"Geno_at_37"
"Trpc4ap","ENSMUSG00000038324.13",-0.0394557219,9.17497394,-1.37477647,0.179537789,1,"Geno_at_37"
"Gm29609","ENSMUSG00000101678.3",0.0394490929,0.490311824,0.290358271,0.773570385,1,"Geno_at_37"
"Cmip","ENSMUSG00000034390.16",-0.0394459083,5.7013573,-0.836457433,0.409611821,1,"Geno_at_37"
"Clgn","ENSMUSG00000002190.13",-0.0394455625,-0.959405283,-0.545938118,0.589207164,1,"Geno_at_37"
"Ppcs","ENSMUSG00000028636.14",0.0394435942,3.38120781,0.608593489,0.547444654,1,"Geno_at_37"
"Ttc21b","ENSMUSG00000034848.17",0.0394282014,4.44342699,0.723550142,0.475031745,1,"Geno_at_37"
"Chil1","ENSMUSG00000064246.10",0.0394269512,-0.176671828,0.282532296,0.779505223,1,"Geno_at_37"
"Keap1","ENSMUSG00000003308.15",0.0394205637,5.83912921,1.10011821,0.28016328,1,"Geno_at_37"
"Gm45501","ENSMUSG00000110159.1",0.0394138774,1.24856317,0.307824471,0.760375449,1,"Geno_at_37"
"4930523C07Rik","ENSMUSG00000090394.8",0.0394119983,5.81825426,0.920429151,0.364802844,1,"Geno_at_37"
"Slc25a35","ENSMUSG00000018740.14",-0.0393873499,1.18798085,-0.284498351,0.778012975,1,"Geno_at_37"
"Tbca","ENSMUSG00000042043.6",-0.0393854032,6.66117912,-0.987705708,0.331316688,1,"Geno_at_37"
"Rgs11","ENSMUSG00000024186.15",-0.0393793176,4.46297767,-0.323141588,0.750417366,1,"Geno_at_37"
"Gm49196","ENSMUSG00000115833.1",0.0393689422,-0.484819172,0.356541284,0.723968853,1,"Geno_at_37"
"Nup205","ENSMUSG00000038759.15",0.039368851,7.83968373,1.1067087,0.277349199,1,"Geno_at_37"
"Pitpnm1","ENSMUSG00000024851.14",-0.0393641958,6.96395688,-0.928462888,0.360690864,1,"Geno_at_37"
"Tmem230","ENSMUSG00000027341.10",-0.0393582609,4.28486509,-0.763258441,0.451360899,1,"Geno_at_37"
"Mboat1","ENSMUSG00000038732.15",-0.0393419665,4.18426104,-0.614551125,0.543555096,1,"Geno_at_37"
"Trmt2b","ENSMUSG00000067369.12",-0.039341431,5.16696743,-0.933367142,0.358195763,1,"Geno_at_37"
"Mcrs1","ENSMUSG00000037570.16",-0.0393278032,5.26001928,-1.0800808,0.288844111,1,"Geno_at_37"
"Csgalnact2","ENSMUSG00000042042.14",-0.0393266256,4.27898772,-0.74274571,0.463500386,1,"Geno_at_37"
"Rassf8","ENSMUSG00000030259.12",0.0393209309,4.01457977,0.558468503,0.58073247,1,"Geno_at_37"
"Ptrhd1","ENSMUSG00000096199.2",-0.039310814,2.64392979,-0.501425573,0.619787358,1,"Geno_at_37"
"Pbx4","ENSMUSG00000031860.17",-0.0393088122,1.11088065,-0.327502391,0.745597182,1,"Geno_at_37"
"Abcb7","ENSMUSG00000031333.7",0.0393020258,6.14879269,0.966420257,0.341678184,1,"Geno_at_37"
"Ovca2","ENSMUSG00000038268.4",-0.03929041,3.41230467,-0.543546982,0.590831159,1,"Geno_at_37"
"Trnp1","ENSMUSG00000056596.8",-0.0392888356,-0.523418766,-0.408859446,0.685591292,1,"Geno_at_37"
"Lhpp","ENSMUSG00000030946.13",-0.0392731201,2.73346056,-0.466149165,0.644527195,1,"Geno_at_37"
"Gm24616","ENSMUSG00000065208.1",0.039272975,0.440561456,0.318676816,0.752213473,1,"Geno_at_37"
"Gm15834","ENSMUSG00000085054.2",-0.0392662317,1.00225898,-0.305724507,0.761958096,1,"Geno_at_37"
"Garnl3","ENSMUSG00000038860.15",0.0392628464,-0.00532669625,0.288727627,0.774805851,1,"Geno_at_37"
"Stk36","ENSMUSG00000033276.18",-0.0392484646,-0.413283869,-0.397835523,0.693611349,1,"Geno_at_37"
"Ccnt1","ENSMUSG00000011960.12",0.0392431543,6.94874112,1.09369406,0.282925903,1,"Geno_at_37"
"Gm43274","ENSMUSG00000107116.1",-0.0392387715,-0.0331413182,-0.298247183,0.767601872,1,"Geno_at_37"
"Gm6039","ENSMUSG00000083736.1",0.0392336145,2.7131991,0.43196803,0.668900752,1,"Geno_at_37"
"0610012G03Rik","ENSMUSG00000107002.1",-0.039228759,4.09407521,-0.660479472,0.514062985,1,"Geno_at_37"
"S100a4","ENSMUSG00000001020.8",0.0392278937,-0.653743982,0.376799116,0.709015516,1,"Geno_at_37"
"Wdyhv1","ENSMUSG00000022359.10",-0.0392249095,5.54999535,-1.05580194,0.29961562,1,"Geno_at_37"
"Psat1","ENSMUSG00000024640.9",0.0392187883,7.84665188,1.00360506,0.323717839,1,"Geno_at_37"
"Gm17455","ENSMUSG00000090439.3",0.0392095671,-0.0616486947,0.252622605,0.802369667,1,"Geno_at_37"
"Clcn6","ENSMUSG00000029016.13",-0.0392070472,5.28884826,-0.831488946,0.412367063,1,"Geno_at_37"
"Gm44509","ENSMUSG00000108358.1",0.0392056202,-0.496016097,0.352958247,0.726625446,1,"Geno_at_37"
"Hexim1","ENSMUSG00000048878.6",0.03920374,5.63602932,0.704751851,0.486908108,1,"Geno_at_37"
"Tmem138","ENSMUSG00000024666.6",-0.0392023183,2.76189089,-0.583041013,0.564289646,1,"Geno_at_37"
"Tspan33","ENSMUSG00000001763.14",-0.0392010262,-0.61024407,-0.422207843,0.67592985,1,"Geno_at_37"
"Gm27029","ENSMUSG00000097239.7",0.0391909178,-0.384073733,0.281980059,0.779924528,1,"Geno_at_37"
"Inpp1","ENSMUSG00000026102.9",-0.0391867289,4.9581045,-0.863407592,0.394868265,1,"Geno_at_37"
"Mterf4","ENSMUSG00000026273.13",-0.03918248,4.34881442,-0.817924836,0.419947565,1,"Geno_at_37"
"Rph3al","ENSMUSG00000020847.15",-0.0391783136,1.88763203,-0.364758366,0.717889647,1,"Geno_at_37"
"Cdca8","ENSMUSG00000028873.16",-0.0391680634,7.00436929,-1.05967685,0.297877832,1,"Geno_at_37"
"Chtop","ENSMUSG00000001017.15",0.0391658144,8.04673637,1.43157598,0.162758978,1,"Geno_at_37"
"Rasa1","ENSMUSG00000021549.14",-0.0391632864,7.73332347,-1.18983904,0.243582981,1,"Geno_at_37"
"Tbc1d16","ENSMUSG00000039976.4",-0.0391584184,5.96429243,-0.711012665,0.483378697,1,"Geno_at_37"
"Gm17024","ENSMUSG00000090582.1",-0.0391540653,2.3273286,-0.225518767,0.823931567,1,"Geno_at_37"
"E130201H02Rik","ENSMUSG00000044141.8",-0.0391521048,2.14378544,-0.474732708,0.638467755,1,"Geno_at_37"
"Gm44731","ENSMUSG00000108190.1",-0.039144908,0.0722126999,-0.30451368,0.762871117,1,"Geno_at_37"
"Tubb4b","ENSMUSG00000036752.4",-0.0391295239,8.436368,-1.42851552,0.163630226,1,"Geno_at_37"
"Ninl","ENSMUSG00000068115.13",0.0391270594,2.57327467,0.486399544,0.630272305,1,"Geno_at_37"
"Gm13881","ENSMUSG00000084756.1",0.039121038,-0.907252708,0.420667097,0.677042206,1,"Geno_at_37"
"Topors","ENSMUSG00000036822.6",-0.0391162548,6.21608489,-0.899417218,0.375702522,1,"Geno_at_37"
"Mga","ENSMUSG00000033943.15",0.0391161858,7.72246115,0.964665511,0.342569292,1,"Geno_at_37"
"Tpt1","ENSMUSG00000060126.14",-0.0391034434,8.52403232,-0.637833131,0.531307653,1,"Geno_at_37"
"Ssr4","ENSMUSG00000002014.12",-0.0391020191,6.54333545,-1.23290511,0.227330961,1,"Geno_at_37"
"Trav1","ENSMUSG00000076758.6",0.0391003888,0.0474874994,0.348991314,0.729570708,1,"Geno_at_37"
"Surf4","ENSMUSG00000014867.9",0.0390996655,7.82988852,1.19988409,0.239717448,1,"Geno_at_37"
"Cxxc5","ENSMUSG00000046668.9",-0.0390850501,0.672862426,-0.359035531,0.722121588,1,"Geno_at_37"
"Azin1","ENSMUSG00000037458.15",0.039074444,7.60669661,0.943777694,0.353026586,1,"Geno_at_37"
"Ctbp2","ENSMUSG00000030970.16",-0.0390739824,0.706500465,-0.318113045,0.752636775,1,"Geno_at_37"
"Pnpla2","ENSMUSG00000025509.15",-0.0390722714,5.8918676,-0.942285438,0.353687795,1,"Geno_at_37"
"Colq","ENSMUSG00000057606.14",-0.0390610596,2.07606884,-0.390296709,0.699116863,1,"Geno_at_37"
"Gm37768","ENSMUSG00000103649.1",0.0390602407,0.579846742,0.337019675,0.738484391,1,"Geno_at_37"
"Gm15441","ENSMUSG00000074398.5",0.0390589239,0.180863359,0.323169931,0.748842679,1,"Geno_at_37"
"Aldh4a1","ENSMUSG00000028737.15",0.0390554886,2.89265184,0.481876272,0.633444111,1,"Geno_at_37"
"Lcp1","ENSMUSG00000021998.16",-0.0390459698,10.5066124,-1.76837309,0.0873235858,1,"Geno_at_37"
"D030047H15Rik","ENSMUSG00000085886.1",-0.0390389231,-0.517874605,-0.344601107,0.732835127,1,"Geno_at_37"
"Stat3","ENSMUSG00000004040.16",-0.039029483,8.4910086,-1.27918119,0.210788366,1,"Geno_at_37"
"Tmbim4","ENSMUSG00000020225.10",-0.0390290385,5.11585542,-0.896574067,0.377193459,1,"Geno_at_37"
"Commd7","ENSMUSG00000056941.17",-0.0390274705,6.2490813,-1.21598862,0.233615297,1,"Geno_at_37"
"B3gnt8","ENSMUSG00000059479.7",-0.0390061998,2.97153645,-0.406473338,0.687324103,1,"Geno_at_37"
"Rara","ENSMUSG00000037992.16",-0.03900274,6.40910306,-0.639578097,0.52908556,1,"Geno_at_37"
"Mrpl40","ENSMUSG00000022706.16",-0.0389979991,5.19736448,-0.854664231,0.399614111,1,"Geno_at_37"
"Mcur1","ENSMUSG00000021371.5",-0.0389977582,5.77221075,-1.01523485,0.318235727,1,"Geno_at_37"
"Tex38","ENSMUSG00000044556.3",-0.0389851632,-0.793209468,-0.46697442,0.643943528,1,"Geno_at_37"
"Gm49668","ENSMUSG00000116718.1",-0.0389849618,2.2216084,-0.381868694,0.705291495,1,"Geno_at_37"
"Snap47","ENSMUSG00000009894.15",0.0389791639,4.62953092,0.665061935,0.511169127,1,"Geno_at_37"
"Fez2","ENSMUSG00000056121.16",-0.0389765634,4.35794334,-0.734360916,0.468517113,1,"Geno_at_37"
"Mnd1","ENSMUSG00000033752.7",0.0389611196,2.03098093,0.491653247,0.626597285,1,"Geno_at_37"
"Rad51b","ENSMUSG00000059060.15",0.0389605048,2.6232323,0.467304463,0.643710167,1,"Geno_at_37"
"Ciz1","ENSMUSG00000039205.16",0.0389597055,6.26653861,0.962689597,0.343516452,1,"Geno_at_37"
"Gm15473","ENSMUSG00000084772.1",0.0389577285,0.636525535,0.323182155,0.748833516,1,"Geno_at_37"
"Gm7399","ENSMUSG00000091941.1",0.0389534047,-0.594584175,0.35156301,0.727660862,1,"Geno_at_37"
"Tigd3","ENSMUSG00000044390.5",-0.0389505601,1.33491607,-0.295434607,0.769728142,1,"Geno_at_37"
"Mir8103","ENSMUSG00000098769.1",-0.0389468508,-0.453954884,-0.323289618,0.748752958,1,"Geno_at_37"
"D5Ertd605e","ENSMUSG00000106820.1",-0.038945403,0.0304939693,-0.319589694,0.751528215,1,"Geno_at_37"
"Vps37b","ENSMUSG00000066278.6",-0.0389425309,3.5099014,-0.542148087,0.591782253,1,"Geno_at_37"
"Kcnf1","ENSMUSG00000051726.6",0.0389365994,2.70226016,0.327801346,0.745703739,1,"Geno_at_37"
"Fbxl5","ENSMUSG00000039753.16",-0.0389337023,5.87906839,-0.897711203,0.37659669,1,"Geno_at_37"
"Gm31597","ENSMUSG00000109602.1",0.0389304445,1.31317152,0.397069645,0.694169892,1,"Geno_at_37"
"Spib","ENSMUSG00000008193.13",0.0389284427,0.898680518,0.321662647,0.749972905,1,"Geno_at_37"
"Csn2","ENSMUSG00000063157.9",-0.0389274897,1.83713687,-0.281351715,0.780566392,1,"Geno_at_37"
"Gm48853","ENSMUSG00000110740.1",-0.0389187436,-0.611598156,-0.347377107,0.730770386,1,"Geno_at_37"
"Gm17970","ENSMUSG00000103230.1",-0.0389165831,-0.92575492,-0.505089114,0.617243157,1,"Geno_at_37"
"Atp1a2","ENSMUSG00000007097.14",-0.0389071191,5.74079696,-0.513043578,0.613638089,1,"Geno_at_37"
"Serinc1","ENSMUSG00000019877.10",-0.0389030624,7.46977182,-0.907327373,0.371857662,1,"Geno_at_37"
"Nsmaf","ENSMUSG00000028245.15",-0.0388947453,5.90009528,-1.00601663,0.322575776,1,"Geno_at_37"
"Tnik","ENSMUSG00000027692.16",-0.0388904017,6.55535495,-0.840711325,0.407433709,1,"Geno_at_37"
"Ovol2","ENSMUSG00000037279.13",-0.0388887761,-0.315415881,-0.324173908,0.748090169,1,"Geno_at_37"
"Map3k10","ENSMUSG00000040390.13",-0.0388886198,3.77572728,-0.656275186,0.516725884,1,"Geno_at_37"
"Ogg1","ENSMUSG00000030271.14",0.0388867938,3.65637246,0.716920046,0.479052809,1,"Geno_at_37"
"Ago2","ENSMUSG00000036698.11",0.0388734123,8.40429266,1.43705846,0.161207436,1,"Geno_at_37"
"Gm16230","ENSMUSG00000087163.1",0.0388653883,-0.428484017,0.367049106,0.716198222,1,"Geno_at_37"
"Mov10","ENSMUSG00000002227.15",-0.0388597926,7.57235339,-0.85042606,0.402682474,1,"Geno_at_37"
"Gm10156","ENSMUSG00000066245.5",-0.0388576098,4.97639496,-0.674171101,0.505443291,1,"Geno_at_37"
"Ppp2r3c","ENSMUSG00000021022.9",-0.0388522602,5.03186397,-0.792324256,0.43448746,1,"Geno_at_37"
"Greb1l","ENSMUSG00000042942.18",0.0388454831,-0.0287581467,0.269715831,0.789253705,1,"Geno_at_37"
"Mir1929","ENSMUSG00000089260.1",0.0388350875,-0.76378061,0.36318442,0.719052654,1,"Geno_at_37"
"Pank2","ENSMUSG00000037514.17",-0.0388274269,5.95214095,-1.14975654,0.259465823,1,"Geno_at_37"
"Slx4ip","ENSMUSG00000027281.16",0.0388174679,4.42714175,0.790008899,0.435817392,1,"Geno_at_37"
"Mrpl48-ps","ENSMUSG00000078480.3",-0.0388096056,3.66646354,-0.634239407,0.530804869,1,"Geno_at_37"
"Mad2l1","ENSMUSG00000029910.14",0.0388029615,7.24551375,1.29424051,0.205607141,1,"Geno_at_37"
"Xlr4b","ENSMUSG00000067768.12",0.0387980664,4.78209346,0.793558959,0.43377926,1,"Geno_at_37"
"Ciapin1","ENSMUSG00000031781.14",0.0387908946,6.10546532,0.99349642,0.328535175,1,"Geno_at_37"
"Phf21a","ENSMUSG00000058318.15",-0.0387883415,6.03792233,-0.821196186,0.418111484,1,"Geno_at_37"
"Gm6552","ENSMUSG00000117458.1",0.0387850172,5.15631474,0.944342647,0.352653303,1,"Geno_at_37"
"Heatr6","ENSMUSG00000000976.13",0.0387814721,5.72546592,0.960524109,0.344586528,1,"Geno_at_37"
"Arfgef1","ENSMUSG00000067851.11",0.0387768201,7.69651693,1.30965677,0.200404473,1,"Geno_at_37"
"Lrrc8dos","ENSMUSG00000084878.1",0.0387739274,-0.229792314,0.266179041,0.791962461,1,"Geno_at_37"
"Amacr","ENSMUSG00000022244.7",0.0387665494,1.75714391,0.379039495,0.707368865,1,"Geno_at_37"
"Prrc2c","ENSMUSG00000040225.15",0.0387613841,9.56450517,1.47361959,0.151159052,1,"Geno_at_37"
"Unc93a2","ENSMUSG00000056133.5",0.0387566651,0.14771476,0.240086982,0.811985763,1,"Geno_at_37"
"Nsa2-ps1","ENSMUSG00000118353.1",-0.0387445542,5.29035374,-0.876396956,0.387884186,1,"Geno_at_37"
"Tmco6","ENSMUSG00000006850.8",0.0387425908,4.16492128,0.6276963,0.535024455,1,"Geno_at_37"
"Traj13","ENSMUSG00000076916.1",0.0387301998,-0.000641577036,0.291917301,0.77238974,1,"Geno_at_37"
"Smox","ENSMUSG00000027333.18",0.038720598,6.39927146,0.848308281,0.403086632,1,"Geno_at_37"
"Trav12-3","ENSMUSG00000095958.3",-0.0387120604,0.898736368,-0.314655647,0.755234429,1,"Geno_at_37"
"Rftn2","ENSMUSG00000025978.14",0.0386970194,1.62181812,0.358349394,0.722629579,1,"Geno_at_37"
"Arap3","ENSMUSG00000024451.9",0.0386755401,-0.574621253,0.394708308,0.695893078,1,"Geno_at_37"
"Gm16364","ENSMUSG00000087014.1",0.0386732052,1.82397285,0.32216722,0.749594492,1,"Geno_at_37"
"Uqcrh","ENSMUSG00000063882.12",-0.0386675774,7.03282046,-1.12589181,0.269273603,1,"Geno_at_37"
"Map3k5","ENSMUSG00000071369.11",0.0386593684,4.83065379,0.788474014,0.436700383,1,"Geno_at_37"
"1810010H24Rik","ENSMUSG00000078607.6",0.0386555456,-0.100786269,0.319115477,0.751884163,1,"Geno_at_37"
"Cib2","ENSMUSG00000037493.6",-0.0386520701,0.0202780073,-0.336894184,0.738578027,1,"Geno_at_37"
"Cacnb3","ENSMUSG00000003352.14",0.0386501804,3.69485673,0.587107205,0.561591609,1,"Geno_at_37"
"Il18r1","ENSMUSG00000026070.15",-0.0386485308,8.21723819,-1.1436347,0.2619566,1,"Geno_at_37"
"Arl4d","ENSMUSG00000034936.2",-0.0386158258,-0.593774022,-0.391302465,0.6983814,1,"Geno_at_37"
"Fancc","ENSMUSG00000021461.17",0.0386154024,4.63095305,0.824140259,0.416463348,1,"Geno_at_37"
"Trbv14","ENSMUSG00000076471.3",-0.0386109088,1.93836198,-0.418751155,0.678426472,1,"Geno_at_37"
"Gm23966","ENSMUSG00000094245.1",0.0385889558,-0.0582257901,0.308532749,0.75984189,1,"Geno_at_37"
"Gm13776","ENSMUSG00000082457.1",-0.0385889214,-0.592847409,-0.361503944,0.720295132,1,"Geno_at_37"
"2810025M15Rik","ENSMUSG00000049881.13",0.0385870604,0.0367967143,0.332316486,0.741996448,1,"Geno_at_37"
"Tbl2","ENSMUSG00000005374.13",0.0385695447,5.55291866,0.840885755,0.40716585,1,"Geno_at_37"
"Jade3","ENSMUSG00000037315.15",0.0385691701,5.06305507,0.925209579,0.362352338,1,"Geno_at_37"
"Ubac1","ENSMUSG00000036352.16",-0.038567402,5.19519919,-0.909633874,0.370376583,1,"Geno_at_37"
"Dck","ENSMUSG00000029366.10",0.0385657293,7.02253659,1.08396778,0.28714541,1,"Geno_at_37"
"Meis3","ENSMUSG00000041420.18",-0.0385650153,3.56829568,-0.680385617,0.501557438,1,"Geno_at_37"
"AW112010","ENSMUSG00000075010.5",-0.0385631669,5.35681856,-0.494112838,0.626514814,1,"Geno_at_37"
"Zcchc3","ENSMUSG00000074682.4",0.0385628131,2.38729632,0.41923486,0.678076888,1,"Geno_at_37"
"Wdr90","ENSMUSG00000073434.12",0.0385548271,5.60635718,0.984439734,0.332892509,1,"Geno_at_37"
"Sbno2","ENSMUSG00000035673.10",0.0385482573,6.46052472,1.03444622,0.30932053,1,"Geno_at_37"
"1110019D14Rik","ENSMUSG00000097616.7",0.0385470927,0.169456814,0.262131556,0.795038963,1,"Geno_at_37"
"Prdx1","ENSMUSG00000028691.12",-0.038538097,8.02646148,-1.0486885,0.302824278,1,"Geno_at_37"
"Ulk1","ENSMUSG00000029512.11",-0.0385297173,6.20250541,-0.912877211,0.368696191,1,"Geno_at_37"
"St3gal4","ENSMUSG00000032038.7",-0.0385255182,6.43785916,-0.94363123,0.35301082,1,"Geno_at_37"
"Upf2","ENSMUSG00000043241.14",0.0385251769,7.04795825,1.34457719,0.188993902,1,"Geno_at_37"
"Slc25a45","ENSMUSG00000024818.15",-0.0385175846,4.35038531,-0.693754924,0.493254458,1,"Geno_at_37"
"Gnpda2","ENSMUSG00000029209.15",-0.0385104403,3.74179185,-0.711363496,0.482437781,1,"Geno_at_37"
"Gm42872","ENSMUSG00000105719.1",0.0385074786,-0.264702604,0.335798957,0.739395402,1,"Geno_at_37"
"Gm44053","ENSMUSG00000108137.1",0.0384894613,0.847668469,0.243764274,0.809164095,1,"Geno_at_37"
"Arl14ep","ENSMUSG00000027122.15",0.0384819843,5.89930594,1.08694578,0.28584876,1,"Geno_at_37"
"Prim1","ENSMUSG00000025395.14",0.0384740862,6.7100386,1.02893588,0.311859729,1,"Geno_at_37"
"Gm16253","ENSMUSG00000087610.1",-0.0384679039,-0.305551667,-0.294419096,0.770496303,1,"Geno_at_37"
"Fryl","ENSMUSG00000070733.13",0.0384675123,7.26952003,1.19631554,0.241085456,1,"Geno_at_37"
"Gm7859","ENSMUSG00000116089.1",-0.0384654997,0.00516716902,-0.321041231,0.750439034,1,"Geno_at_37"
"Ggn","ENSMUSG00000031493.10",0.0384628605,0.15477802,0.306427126,0.761428447,1,"Geno_at_37"
"2510017J16Rik","ENSMUSG00000104891.1",-0.0384321638,1.04319312,-0.353390898,0.726304479,1,"Geno_at_37"
"Proser1","ENSMUSG00000049504.12",-0.0384302559,5.90967907,-1.04357754,0.305144454,1,"Geno_at_37"
"Actbl2","ENSMUSG00000055194.3",0.0384227755,0.620160993,0.345386748,0.732250574,1,"Geno_at_37"
"Zkscan14","ENSMUSG00000029627.12",0.0384221267,3.96949899,0.581049486,0.565613471,1,"Geno_at_37"
"Gm26064","ENSMUSG00000065315.1",0.0384214552,-0.377416776,0.283784421,0.778554753,1,"Geno_at_37"
"D6Wsu163e","ENSMUSG00000030347.6",0.0384205493,4.09387178,0.679310119,0.502228741,1,"Geno_at_37"
"Ptges","ENSMUSG00000050737.13",-0.038417482,-0.76011773,-0.360290591,0.721192721,1,"Geno_at_37"
"Sh3rf1","ENSMUSG00000031642.9",0.0384110609,5.51624249,0.913530348,0.368358401,1,"Geno_at_37"
"Slc25a37","ENSMUSG00000034248.7",-0.0384094676,6.13240937,-1.15970327,0.255455666,1,"Geno_at_37"
"Gm8242","ENSMUSG00000102827.1",0.0384076107,2.99824386,0.59055128,0.559311508,1,"Geno_at_37"
"Bid","ENSMUSG00000004446.12",0.0384010531,3.47509501,0.665847249,0.510674095,1,"Geno_at_37"
"Ppp3ca","ENSMUSG00000028161.17",-0.0383801474,5.87071374,-0.758535769,0.454278722,1,"Geno_at_37"
"Snapc1","ENSMUSG00000021113.5",0.038370529,4.74487671,0.701499195,0.488480512,1,"Geno_at_37"
"Rabggta","ENSMUSG00000040472.15",-0.0383613712,4.50100517,-0.853996958,0.399977779,1,"Geno_at_37"
"2310058D17Rik","ENSMUSG00000085379.1",-0.0383612278,1.43742662,-0.37000764,0.71401588,1,"Geno_at_37"
"Gm48880","ENSMUSG00000112744.1",0.0383611386,0.961918927,0.372763574,0.711985195,1,"Geno_at_37"
"Ercc3","ENSMUSG00000024382.13",0.0383590925,5.93580999,1.02674844,0.31287171,1,"Geno_at_37"
"Cradd","ENSMUSG00000045867.10",-0.0383574188,5.25029054,-0.784530892,0.43897375,1,"Geno_at_37"
"Pradc1","ENSMUSG00000030008.9",-0.0383564808,4.00174146,-0.748769001,0.459916076,1,"Geno_at_37"
"Gm22728","ENSMUSG00000088712.1",0.0383541446,-0.452458328,0.299603968,0.766576818,1,"Geno_at_37"
"Wdr13","ENSMUSG00000031166.13",-0.0383537949,5.59700817,-1.00909003,0.321124291,1,"Geno_at_37"
"Tgfb2","ENSMUSG00000039239.14",0.0383521701,-0.646854541,0.402647102,0.690106351,1,"Geno_at_37"
"Oxsm","ENSMUSG00000021786.13",0.0383414445,3.89844905,0.64217361,0.525712099,1,"Geno_at_37"
"Zfp930","ENSMUSG00000059897.5",-0.0383345428,4.02051205,-0.681930178,0.500594231,1,"Geno_at_37"
"Gm42829","ENSMUSG00000105895.1",-0.0383183433,-0.104893681,-0.279883883,0.781516735,1,"Geno_at_37"
"Foxp4","ENSMUSG00000023991.16",-0.038309349,7.339915,-0.928362521,0.360742047,1,"Geno_at_37"
"Gm21988","ENSMUSG00000040904.10",-0.0382813467,-0.639142079,-0.276696122,0.784039336,1,"Geno_at_37"
"Sdr42e1","ENSMUSG00000034308.13",-0.0382804775,1.68788898,-0.355480902,0.724754696,1,"Geno_at_37"
"1700113A16Rik","ENSMUSG00000096935.5",-0.0382778525,1.18270368,-0.346819313,0.7311851,1,"Geno_at_37"
"Gm18856","ENSMUSG00000096192.2",-0.038272413,-0.255903941,-0.30288731,0.764098023,1,"Geno_at_37"
"Wasl","ENSMUSG00000029684.14",-0.0382711159,5.42495867,-1.02371338,0.31427959,1,"Geno_at_37"
"Pdzd4","ENSMUSG00000002006.12",0.0382679817,0.655900568,0.323411341,0.748661712,1,"Geno_at_37"
"Mrpl1","ENSMUSG00000029486.13",0.0382679696,4.83050943,0.810639326,0.4240545,1,"Geno_at_37"
"Polr1d","ENSMUSG00000029642.11",-0.0382617546,6.73286993,-1.30133473,0.203200307,1,"Geno_at_37"
"Gabpa","ENSMUSG00000008976.16",0.0382598321,6.93181507,1.04938922,0.302507139,1,"Geno_at_37"
"Tmem158","ENSMUSG00000054871.5",0.0382432824,2.08874291,0.33484386,0.74010845,1,"Geno_at_37"
"Ctdsp2-ps","ENSMUSG00000040540.6",-0.03824202,3.98220157,-0.681497651,0.500863857,1,"Geno_at_37"
"Zbtb44","ENSMUSG00000047412.16",0.0382401069,6.8120604,0.922908759,0.363530411,1,"Geno_at_37"
"Gdf6","ENSMUSG00000051279.2",0.0382397021,-0.143276382,0.353261217,0.726400678,1,"Geno_at_37"
"Hhipl2","ENSMUSG00000053461.9",-0.0382356699,-0.6517969,-0.334689926,0.740223395,1,"Geno_at_37"
"Phrf1","ENSMUSG00000038611.17",0.0382287511,7.21078176,1.38792863,0.175536861,1,"Geno_at_37"
"Tent5d","ENSMUSG00000073007.10",0.0382109248,-0.295339488,0.324128747,0.748124013,1,"Geno_at_37"
"Gm10651","ENSMUSG00000074243.4",-0.0382046135,2.63348422,-0.477015548,0.636860456,1,"Geno_at_37"
"Ggh","ENSMUSG00000073987.4",0.038203535,2.60482486,0.518765625,0.607788089,1,"Geno_at_37"
"Gm15539","ENSMUSG00000081809.2",0.0382021774,-0.207578852,0.327161808,0.745852146,1,"Geno_at_37"
"Gm9067","ENSMUSG00000117939.1",0.0381988599,0.973514943,0.354950706,0.725147736,1,"Geno_at_37"
"4931406G06Rik","ENSMUSG00000085398.1",0.0381940898,0.130948296,0.287080682,0.776054278,1,"Geno_at_37"
"Tmx4","ENSMUSG00000034723.11",-0.0381868514,5.06270443,-0.919588933,0.365234673,1,"Geno_at_37"
"Ankle1","ENSMUSG00000046295.13",-0.0381865384,5.20072265,-0.526347139,0.603789289,1,"Geno_at_37"
"N4bp1","ENSMUSG00000031652.11",-0.0381854546,8.22442772,-1.01268189,0.319433644,1,"Geno_at_37"
"Ppp2r1b","ENSMUSG00000032058.14",-0.0381701078,7.65863072,-1.17827203,0.248091004,1,"Geno_at_37"
"Top1mt","ENSMUSG00000000934.9",0.0381695996,3.11833802,0.470440883,0.641494375,1,"Geno_at_37"
"Gm15667","ENSMUSG00000115370.1",0.0381524987,-0.55932352,0.308817187,0.759627651,1,"Geno_at_37"
"Bbs12","ENSMUSG00000051444.9",0.0381438229,4.57211325,0.728315425,0.472153734,1,"Geno_at_37"
"Actg-ps1","ENSMUSG00000074978.4",-0.0381427388,-0.539447385,-0.429953089,0.670349403,1,"Geno_at_37"
"Gm49216","ENSMUSG00000115383.1",-0.0381406959,-0.246409609,-0.31132327,0.757740909,1,"Geno_at_37"
"Lsm11","ENSMUSG00000044847.13",0.0381391653,4.59453747,0.916035947,0.367064432,1,"Geno_at_37"
"Coq6","ENSMUSG00000021235.13",0.0381329677,4.3440628,0.735805016,0.467650843,1,"Geno_at_37"
"Wasf1","ENSMUSG00000019831.14",-0.0381315605,-0.115132221,-0.298195829,0.767640679,1,"Geno_at_37"
"Dbi","ENSMUSG00000026385.16",-0.03813135,5.98410857,-0.91975459,0.365149508,1,"Geno_at_37"
"Mcat","ENSMUSG00000048755.9",0.0381285533,4.16904352,0.751382121,0.45836616,1,"Geno_at_37"
"Arfrp1","ENSMUSG00000038671.15",0.038118336,5.6483824,1.07355689,0.291711192,1,"Geno_at_37"
"Sirt3","ENSMUSG00000025486.17",0.0381047675,2.71066623,0.462182859,0.6473356,1,"Geno_at_37"
"1700092M07Rik","ENSMUSG00000090840.2",0.0381030277,-0.278937128,0.317042966,0.753440446,1,"Geno_at_37"
"Gm3219","ENSMUSG00000115431.1",-0.0380997216,2.77635433,-0.487429861,0.629550825,1,"Geno_at_37"
"Urb2","ENSMUSG00000031976.14",-0.0380942232,6.0936522,-0.943218116,0.353218537,1,"Geno_at_37"
"Dusp19","ENSMUSG00000027001.10",0.0380813694,2.85159279,0.569885249,0.573063576,1,"Geno_at_37"
"Gm12057","ENSMUSG00000084081.3",-0.0380751562,-0.313900282,-0.321315809,0.750233059,1,"Geno_at_37"
"Wwp1","ENSMUSG00000041058.15",0.0380683355,5.57048567,0.987583896,0.33137537,1,"Geno_at_37"
"Gm45413","ENSMUSG00000109640.1",0.0380562664,-0.211780525,0.272412403,0.78719969,1,"Geno_at_37"
"Magoh","ENSMUSG00000028609.6",-0.0380525416,6.25486929,-0.948821711,0.350407921,1,"Geno_at_37"
"Serpinb6a","ENSMUSG00000060147.15",-0.0380511824,6.42971479,-0.967689803,0.341054133,1,"Geno_at_37"
"Gm49094","ENSMUSG00000115412.1",0.0380456761,-0.443261763,0.340389989,0.735971165,1,"Geno_at_37"
"Otud5","ENSMUSG00000031154.15",-0.0380436015,7.45363456,-1.47432177,0.150971088,1,"Geno_at_37"
"Rnf138","ENSMUSG00000024317.15",-0.0380363396,6.51166819,-0.721063706,0.477481355,1,"Geno_at_37"
"Napg","ENSMUSG00000024581.13",0.0380319707,5.2521992,0.831976845,0.412095991,1,"Geno_at_37"
"Mob2","ENSMUSG00000025147.7",-0.0380260843,5.37739638,-0.944534442,0.352556959,1,"Geno_at_37"
"Gm24644","ENSMUSG00000087739.1",-0.0380258009,0.0901326037,-0.294631427,0.77033567,1,"Geno_at_37"
"Cmtm7","ENSMUSG00000032436.17",-0.0380256896,5.68089413,-0.880466287,0.385712577,1,"Geno_at_37"
"Ints8","ENSMUSG00000040738.10",0.0380149977,6.15820789,0.920206346,0.364917322,1,"Geno_at_37"
"Gm48678","ENSMUSG00000111971.1",0.0380067025,0.884990307,0.274852016,0.785342745,1,"Geno_at_37"
"Daxx","ENSMUSG00000002307.16",-0.0379993326,6.03436766,-1.11573101,0.27352967,1,"Geno_at_37"
"Zmat5","ENSMUSG00000009076.10",-0.0379963469,3.47737314,-0.563996771,0.577012695,1,"Geno_at_37"
"Tlcd1","ENSMUSG00000019437.17",0.0379903979,4.19799016,0.579095976,0.566913548,1,"Geno_at_37"
"Tpt1-ps3","ENSMUSG00000084319.3",-0.0379903216,10.8934024,-1.20225172,0.238812994,1,"Geno_at_37"
"Rslcan18","ENSMUSG00000074824.3",-0.037987485,-0.10298151,-0.291922036,0.772386155,1,"Geno_at_37"
"Rbpj-ps3","ENSMUSG00000079575.3",0.0379845034,6.84296432,0.974490073,0.337724497,1,"Geno_at_37"
"Orai3","ENSMUSG00000043964.14",-0.0379830648,3.88010547,-0.630199653,0.533407969,1,"Geno_at_37"
"Gm13689","ENSMUSG00000081487.1",-0.0379802823,-0.748465458,-0.367390642,0.715946165,1,"Geno_at_37"
"Ppih","ENSMUSG00000060288.13",-0.0379796757,3.72969388,-0.516765319,0.609166728,1,"Geno_at_37"
"Opn3","ENSMUSG00000026525.9",0.0379784647,-0.147437203,0.337186227,0.738360125,1,"Geno_at_37"
"Clcn3","ENSMUSG00000004319.15",0.0379780162,6.76521692,0.755289283,0.456906856,1,"Geno_at_37"
"Pithd1","ENSMUSG00000028669.15",-0.0379755736,5.56735525,-0.866324401,0.393293041,1,"Geno_at_37"
"Zfp110","ENSMUSG00000058638.14",0.0379742386,5.42844658,0.958299756,0.345688019,1,"Geno_at_37"
"Crtap","ENSMUSG00000032431.6",-0.0379716352,5.12753974,-0.87321138,0.389589632,1,"Geno_at_37"
"Tnfsf14","ENSMUSG00000005824.7",-0.0379669743,4.18175864,-0.214348674,0.83292423,1,"Geno_at_37"
"Epb41l4aos","ENSMUSG00000087590.2",-0.037966357,3.75696586,-0.642130585,0.525739644,1,"Geno_at_37"
"Fam126b","ENSMUSG00000038174.14",0.0379648561,4.81634964,0.852650219,0.400712397,1,"Geno_at_37"
"Cog5","ENSMUSG00000035933.5",0.0379594576,6.87588048,1.00206022,0.324450897,1,"Geno_at_37"
"Adat1","ENSMUSG00000031949.17",0.0379547436,3.57271611,0.635389655,0.530064925,1,"Geno_at_37"
"Kansl3","ENSMUSG00000010453.12",-0.0379383724,7.07135592,-1.31797833,0.197638413,1,"Geno_at_37"
"Mrip-ps","ENSMUSG00000098404.1",-0.0379382199,3.26425106,-0.49204241,0.626325448,1,"Geno_at_37"
"Srf","ENSMUSG00000015605.6",-0.0379354518,6.04331081,-0.707185326,0.485604343,1,"Geno_at_37"
"Trip12","ENSMUSG00000026219.14",0.0379324791,9.03445568,1.45321776,0.156702611,1,"Geno_at_37"
"Cbfa2t2","ENSMUSG00000038533.15",-0.037932238,5.64778925,-1.08455065,0.286891298,1,"Geno_at_37"
"Fopnl","ENSMUSG00000022677.15",-0.0379288867,5.16177811,-0.805858332,0.426762982,1,"Geno_at_37"
"Chm","ENSMUSG00000025531.14",0.0379266453,5.93389162,0.991283803,0.3295961,1,"Geno_at_37"
"Smurf2","ENSMUSG00000018363.16",0.0379262319,6.33490579,1.15760676,0.256297115,1,"Geno_at_37"
"Aplp2","ENSMUSG00000031996.17",-0.0379225667,8.83827033,-0.989703191,0.330577677,1,"Geno_at_37"
"Gm44861","ENSMUSG00000108897.1",-0.037905816,-0.767023868,-0.387562824,0.701117527,1,"Geno_at_37"
"Spsb4","ENSMUSG00000046997.5",-0.0379034611,-0.962160016,-0.521463544,0.605930966,1,"Geno_at_37"
"Snrpe","ENSMUSG00000090553.8",-0.0379011753,5.43990313,-0.837279902,0.409156839,1,"Geno_at_37"
"Wdr53","ENSMUSG00000022787.10",-0.0378946812,3.82530064,-0.768965142,0.448017567,1,"Geno_at_37"
"Gm12036","ENSMUSG00000084252.1",-0.037889822,-0.339150899,-0.31874445,0.752162696,1,"Geno_at_37"
"Gm9794","ENSMUSG00000107176.1",-0.0378896869,9.48399921,-1.26755824,0.214854736,1,"Geno_at_37"
"1700028B04Rik","ENSMUSG00000099417.1",-0.0378883277,-0.93499249,-0.468940089,0.642554226,1,"Geno_at_37"
"Acsl3","ENSMUSG00000032883.15",-0.0378869375,7.23305738,-0.785341789,0.439408768,1,"Geno_at_37"
"Nat2","ENSMUSG00000051147.10",-0.0378846796,3.43095708,-0.53949067,0.593591036,1,"Geno_at_37"
"Gm15651","ENSMUSG00000089663.1",0.0378828564,-0.928981444,0.465229026,0.64517824,1,"Geno_at_37"
"Zfp35","ENSMUSG00000063281.9",-0.037882765,4.91614684,-1.00340385,0.323813254,1,"Geno_at_37"
"Il6ra","ENSMUSG00000027947.11",-0.0378816739,7.50445067,-1.06844573,0.293971415,1,"Geno_at_37"
"Cox18","ENSMUSG00000035505.14",-0.037877384,3.68181583,-0.707355542,0.484887833,1,"Geno_at_37"
"Rp9","ENSMUSG00000032239.10",-0.0378769531,5.74646899,-0.983510847,0.333341621,1,"Geno_at_37"
"Pdlim2","ENSMUSG00000022090.10",-0.0378768823,5.2241035,-0.821275789,0.418066868,1,"Geno_at_37"
"Pde7a","ENSMUSG00000069094.12",0.0378751922,8.60451226,1.11247775,0.274902533,1,"Geno_at_37"
"Phf12","ENSMUSG00000037791.15",-0.0378704983,6.80159319,-1.0984901,0.280861596,1,"Geno_at_37"
"Mtdh","ENSMUSG00000022255.16",-0.0378702985,7.9800812,-1.32292061,0.196009572,1,"Geno_at_37"
"Suox","ENSMUSG00000049858.8",0.0378598397,4.71383341,0.614501303,0.543587563,1,"Geno_at_37"
"A230072E10Rik","ENSMUSG00000084771.8",0.0378512208,0.452248764,0.313189777,0.756336665,1,"Geno_at_37"
"Gm5577","ENSMUSG00000084950.7",-0.0378510985,2.01484842,-0.389085863,0.700002694,1,"Geno_at_37"
"Gatd1","ENSMUSG00000051007.15",-0.0378472286,4.67082496,-0.792409787,0.434438378,1,"Geno_at_37"
"Gusb","ENSMUSG00000025534.17",-0.0378432645,5.91017765,-0.741745806,0.464326063,1,"Geno_at_37"
"Mapk8ip1","ENSMUSG00000027223.15",-0.037840053,0.105589055,-0.295124977,0.76996233,1,"Geno_at_37"
"Ndufa9","ENSMUSG00000000399.10",0.037835717,6.70039655,1.11064517,0.275678049,1,"Geno_at_37"
"Sbk2","ENSMUSG00000030433.15",-0.0378342263,-0.0609390974,-0.283802879,0.778540744,1,"Geno_at_37"
"Tmem263","ENSMUSG00000060935.6",0.0378318915,5.21883667,0.775739747,0.444067857,1,"Geno_at_37"
"Gm13031","ENSMUSG00000087698.1",0.0378310815,-0.352776121,0.345553832,0.732126276,1,"Geno_at_37"
"Ms4a20","ENSMUSG00000024729.7",0.0378287724,-0.956517715,0.517711341,0.608514535,1,"Geno_at_37"
"Gm12922","ENSMUSG00000081170.1",-0.0378268644,-0.205035621,-0.359615695,0.721692157,1,"Geno_at_37"
"Thoc3","ENSMUSG00000025872.5",-0.0378199721,6.03271364,-1.06361861,0.296117343,1,"Geno_at_37"
"Rsl1d1","ENSMUSG00000005846.12",-0.0378191079,7.98645345,-1.29279331,0.206100794,1,"Geno_at_37"
"Emsy","ENSMUSG00000035401.9",0.0378104532,7.10334986,1.23152557,0.227838657,1,"Geno_at_37"
"2410003L11Rik","ENSMUSG00000085860.1",0.0378092606,-0.771120585,0.396401682,0.69465717,1,"Geno_at_37"
"Brca2","ENSMUSG00000041147.10",0.0378091079,6.03042186,0.754162063,0.456957005,1,"Geno_at_37"
"Atp9b","ENSMUSG00000024566.10",0.0378050549,7.01587605,1.34621001,0.188472938,1,"Geno_at_37"
"Map4k3","ENSMUSG00000024242.15",-0.0378045782,2.84018373,-0.473113207,0.639609097,1,"Geno_at_37"
"Psmd3","ENSMUSG00000017221.14",-0.0377958649,7.42737563,-1.11289888,0.274724541,1,"Geno_at_37"
"Zfpm1","ENSMUSG00000049577.15",-0.0377913249,5.9442194,-0.569455959,0.574967736,1,"Geno_at_37"
"Acrbp","ENSMUSG00000072770.9",-0.0377853676,2.21995963,-0.34477176,0.73270814,1,"Geno_at_37"
"Chchd1","ENSMUSG00000063787.4",-0.0377790864,5.26415641,-0.891209263,0.380017171,1,"Geno_at_37"
"Pex5","ENSMUSG00000005069.12",-0.037777864,5.50716166,-1.00192368,0.324515741,1,"Geno_at_37"
"Stxbp3-ps","ENSMUSG00000071640.3",-0.0377707739,3.04643425,-0.474065476,0.638937878,1,"Geno_at_37"
"Swap70","ENSMUSG00000031015.8",0.0377462166,4.26972075,0.694514527,0.492785043,1,"Geno_at_37"
"Parp14","ENSMUSG00000034422.14",0.037740599,7.23751452,0.605658124,0.55159317,1,"Geno_at_37"
"Arl2bp","ENSMUSG00000031776.17",-0.0377344371,6.5327634,-1.1548983,0.257387164,1,"Geno_at_37"
"Tmem65","ENSMUSG00000062373.8",-0.0377301492,7.02218735,-0.948915366,0.350361073,1,"Geno_at_37"
"Atoh8","ENSMUSG00000037621.8",-0.0377082542,-0.960976943,-0.524253061,0.604013604,1,"Geno_at_37"
"Slc22a5","ENSMUSG00000018900.7",0.0377071491,5.75782205,0.794470709,0.43325675,1,"Geno_at_37"
"Tmem135","ENSMUSG00000039428.11",-0.0376721164,5.49854207,-0.903719103,0.373453917,1,"Geno_at_37"
"Gm43143","ENSMUSG00000106241.1",-0.0376678212,1.87379839,-0.364721669,0.717916755,1,"Geno_at_37"
"Rnf20","ENSMUSG00000028309.14",0.0376611413,7.25438588,1.25628105,0.21885669,1,"Geno_at_37"
"Rplp0-ps1","ENSMUSG00000081640.1",0.0376550349,1.19659745,0.358109979,0.722806863,1,"Geno_at_37"
"Rsu1","ENSMUSG00000026727.10",-0.0376536204,4.64977977,-0.773383386,0.44543928,1,"Geno_at_37"
"Zdhhc8","ENSMUSG00000060166.6",-0.0376529129,5.96066428,-0.647348859,0.523399363,1,"Geno_at_37"
"Chka","ENSMUSG00000024843.15",-0.0376465701,5.6408226,-0.693344075,0.493804719,1,"Geno_at_37"
"Rxylt1","ENSMUSG00000034620.17",-0.0376462992,5.03452396,-0.882579759,0.384587804,1,"Geno_at_37"
"Acyp1","ENSMUSG00000008822.15",0.0376419277,2.99960332,0.47682777,0.636992599,1,"Geno_at_37"
"Ccdc28a","ENSMUSG00000059554.12",0.0376388856,4.01706125,0.637613702,0.528635779,1,"Geno_at_37"
"Skil","ENSMUSG00000027660.16",0.0376334452,8.78143335,0.59627998,0.558336486,1,"Geno_at_37"
"Uqcrfs1","ENSMUSG00000038462.3",-0.0376274121,7.14418889,-0.961227033,0.344238934,1,"Geno_at_37"
"Il13ra1","ENSMUSG00000017057.9",-0.0376224834,0.470352753,-0.237915496,0.813605175,1,"Geno_at_37"
"Gm5472","ENSMUSG00000096157.2",0.0376095101,1.32900689,0.391212517,0.698447163,1,"Geno_at_37"
"Gm43361","ENSMUSG00000106375.1",0.0376083687,0.787781337,0.258800576,0.797583596,1,"Geno_at_37"
"Gm15421","ENSMUSG00000084235.2",0.0376049084,5.72025412,0.736997354,0.466987594,1,"Geno_at_37"
"Fech","ENSMUSG00000024588.9",-0.0375977445,4.86410841,-0.939361119,0.355161792,1,"Geno_at_37"
"D030055H07Rik","ENSMUSG00000086296.2",0.0375967204,0.0892150117,0.284023287,0.778373473,1,"Geno_at_37"
"Stox1","ENSMUSG00000036923.12",0.0375966513,-0.798930436,0.431307241,0.669375687,1,"Geno_at_37"
"Gm47896","ENSMUSG00000112425.1",0.0375782296,-0.966964334,0.541381018,0.592304088,1,"Geno_at_37"
"Ecm2","ENSMUSG00000043631.8",0.0375705623,1.0020991,0.333477819,0.741128706,1,"Geno_at_37"
"Dnah14","ENSMUSG00000047369.17",-0.0375681048,1.51568716,-0.341486742,0.73515396,1,"Geno_at_37"
"Zfp976","ENSMUSG00000074158.9",-0.0375658031,0.340920588,-0.268718317,0.790013916,1,"Geno_at_37"
"Gm6473","ENSMUSG00000100261.1",-0.0375653859,0.24494457,-0.280831457,0.78079686,1,"Geno_at_37"
"Gm37069","ENSMUSG00000104415.1",0.0375549466,-0.280840467,0.324675397,0.747714383,1,"Geno_at_37"
"Gpr65","ENSMUSG00000021886.7",0.0375544824,2.88908873,0.473657003,0.639225757,1,"Geno_at_37"
"Sntb1","ENSMUSG00000060429.12",0.0375513626,4.75731202,0.734713069,0.468305782,1,"Geno_at_37"
"Sass6","ENSMUSG00000027959.14",0.0375493569,4.92571579,0.802267661,0.428804089,1,"Geno_at_37"
"Cdr2","ENSMUSG00000030878.11",0.0375362657,3.87810008,0.3489967,0.730579851,1,"Geno_at_37"
"Rae1","ENSMUSG00000027509.11",-0.0375259524,6.45366308,-1.00268775,0.324152985,1,"Geno_at_37"
"Hectd4","ENSMUSG00000042744.16",0.037509252,6.39790979,1.10277384,0.279026903,1,"Geno_at_37"
"Mplkip","ENSMUSG00000012429.9",-0.0375090475,4.40179902,-0.705852585,0.48580841,1,"Geno_at_37"
"Pter","ENSMUSG00000026730.12",-0.0375084399,1.97969999,-0.38898881,0.700073714,1,"Geno_at_37"
"Gm47586","ENSMUSG00000113326.1",0.0375039687,0.404045363,0.263605392,0.793913787,1,"Geno_at_37"
"Gab1","ENSMUSG00000031714.9",-0.0375026158,-0.55006294,-0.36684534,0.716348618,1,"Geno_at_37"
"Runx2os1","ENSMUSG00000073394.4",-0.0374994045,-0.550727707,-0.389031819,0.700042241,1,"Geno_at_37"
"Rad54l2","ENSMUSG00000040661.6",0.0374819353,6.74090076,1.19238519,0.242598841,1,"Geno_at_37"
"Rpl4","ENSMUSG00000032399.8",-0.0374784634,11.4666038,-1.538958,0.134456559,1,"Geno_at_37"
"Gm37886","ENSMUSG00000102235.1",0.0374736657,0.0766212537,0.272583696,0.787069266,1,"Geno_at_37"
"Ddah2","ENSMUSG00000007039.12",0.0374711063,1.2149663,0.323312255,0.748735988,1,"Geno_at_37"
"Ddx55","ENSMUSG00000029389.17",-0.0374639957,5.30319298,-0.886447433,0.382534927,1,"Geno_at_37"
"Scarna2","ENSMUSG00000088185.1",-0.0374581253,-0.208477992,-0.321042796,0.750437859,1,"Geno_at_37"
"Traf3ip1","ENSMUSG00000034292.13",0.0374550177,4.48074268,0.71032101,0.483074368,1,"Geno_at_37"
"E2f7","ENSMUSG00000020185.16",0.0374548032,5.30835844,0.689578956,0.495839594,1,"Geno_at_37"
"Slc23a3","ENSMUSG00000026205.8",-0.0374452168,-0.408580335,-0.278507275,0.782562899,1,"Geno_at_37"
"Gm12564","ENSMUSG00000080723.1",0.0374365779,-0.496806885,0.319947361,0.751259786,1,"Geno_at_37"
"Zfp558","ENSMUSG00000074500.11",-0.0374351411,0.422756701,-0.339227613,0.736837608,1,"Geno_at_37"
"Ikzf4","ENSMUSG00000002578.18",-0.0374180082,8.00263048,-1.19613339,0.241155439,1,"Geno_at_37"
"Gm22358","ENSMUSG00000064811.1",0.0374169736,-0.529050395,0.34524822,0.732353634,1,"Geno_at_37"
"Jag2","ENSMUSG00000002799.6",0.0374062278,2.75969296,0.297167845,0.768916811,1,"Geno_at_37"
"Nars","ENSMUSG00000024587.10",0.0374016902,8.18731653,1.04551362,0.304264097,1,"Geno_at_37"
"Mterf3","ENSMUSG00000021519.11",0.0373927721,5.05453718,0.901146958,0.374797328,1,"Geno_at_37"
"Myd88","ENSMUSG00000032508.8",-0.0373882132,5.88572234,-1.08779337,0.285480474,1,"Geno_at_37"
"A630023P12Rik","ENSMUSG00000048215.14",-0.037380332,3.78792227,-0.501918699,0.619444619,1,"Geno_at_37"
"Serhl","ENSMUSG00000058586.12",-0.0373753271,3.71270075,-0.566740673,0.575170814,1,"Geno_at_37"
"Nsd1","ENSMUSG00000021488.8",0.0373612956,8.17629543,1.40294027,0.171056099,1,"Geno_at_37"
"Prorsd1","ENSMUSG00000032673.5",-0.0373534936,3.21979379,-0.560649321,0.579263665,1,"Geno_at_37"
"Stau1","ENSMUSG00000039536.16",-0.0373494798,6.45113228,-1.20090886,0.239325664,1,"Geno_at_37"
"Qser1","ENSMUSG00000074994.6",0.0373480842,6.35336144,1.06981696,0.29336383,1,"Geno_at_37"
"Cutc","ENSMUSG00000025193.14",0.0373363366,2.45561711,0.456899522,0.651084759,1,"Geno_at_37"
"Esrp1","ENSMUSG00000040728.15",0.0373335611,0.16237285,0.278898648,0.78226543,1,"Geno_at_37"
"Atp6v0a2","ENSMUSG00000038023.12",0.0373294406,6.01135521,1.18614236,0.24501707,1,"Geno_at_37"
"Exoc2","ENSMUSG00000021357.14",0.0373292233,7.46846933,1.16432584,0.253607507,1,"Geno_at_37"
"Pes1","ENSMUSG00000020430.12",0.0373282392,7.16270955,1.2365624,0.225989113,1,"Geno_at_37"
"Gm4876","ENSMUSG00000054556.6",0.0373250836,1.7779752,0.298269581,0.767584947,1,"Geno_at_37"
"Ttc39b","ENSMUSG00000038172.14",0.0373183198,8.94320903,0.745698583,0.463917593,1,"Geno_at_37"
"Med28","ENSMUSG00000015804.14",-0.0373172775,5.80493456,-0.925561254,0.362172494,1,"Geno_at_37"
"Hyal2","ENSMUSG00000010047.12",-0.0373164473,3.97483659,-0.581882156,0.565059781,1,"Geno_at_37"
"S100a11","ENSMUSG00000027907.4",-0.0373091131,3.74937802,-0.513347191,0.61152593,1,"Geno_at_37"
"Gm23301","ENSMUSG00000064647.1",-0.0373073889,0.587184411,-0.313138908,0.756374925,1,"Geno_at_37"
"Gm47467","ENSMUSG00000113019.1",0.0373071021,0.3108479,0.231803999,0.818327383,1,"Geno_at_37"
"Lmbrd2","ENSMUSG00000039704.7",0.0372995728,5.69641195,0.941232994,0.354217809,1,"Geno_at_37"
"Rbm48","ENSMUSG00000040302.17",0.0372933837,4.25393761,0.664402355,0.511585105,1,"Geno_at_37"
"Abt1","ENSMUSG00000036376.3",0.0372923065,4.67244596,0.772406142,0.446008789,1,"Geno_at_37"
"Lfng","ENSMUSG00000029570.5",-0.0372918162,7.09202895,-0.959394519,0.345145602,1,"Geno_at_37"
"Cpxm1","ENSMUSG00000027408.7",0.0372850375,-0.313989497,0.318655359,0.752229583,1,"Geno_at_37"
"Star","ENSMUSG00000031574.8",-0.037272606,2.90663976,-0.490206519,0.62760832,1,"Geno_at_37"
"H2aj","ENSMUSG00000060032.6",-0.0372627907,5.15820976,-0.756848785,0.455133706,1,"Geno_at_37"
"Lias","ENSMUSG00000029199.11",-0.0372593955,5.13874316,-0.887536572,0.381958113,1,"Geno_at_37"
"Gm12571","ENSMUSG00000060727.4",-0.0372472571,0.619292983,-0.30737872,0.760711303,1,"Geno_at_37"
"Map3k3","ENSMUSG00000020700.11",0.0372442902,6.07650013,0.997983742,0.326390712,1,"Geno_at_37"
"Gm9917","ENSMUSG00000097099.2",0.0372374411,1.56615357,0.349084765,0.729501276,1,"Geno_at_37"
"Hmgn2","ENSMUSG00000003038.15",-0.0372349469,7.43142844,-1.04841584,0.30294774,1,"Geno_at_37"
"4632404H12Rik","ENSMUSG00000042579.2",0.0372238259,3.19007312,0.392155846,0.697841837,1,"Geno_at_37"
"Naca","ENSMUSG00000061315.14",-0.0372223399,7.64147195,-1.1884172,0.244133834,1,"Geno_at_37"
"Rprd1b","ENSMUSG00000027651.16",0.0372064803,6.33742151,1.13209752,0.266697824,1,"Geno_at_37"
"Tapbp","ENSMUSG00000024308.15",-0.0372030975,7.95647703,-0.846380056,0.404834268,1,"Geno_at_37"
"Hbp1","ENSMUSG00000002996.17",-0.0371993384,5.89972553,-0.868215909,0.392273673,1,"Geno_at_37"
"Gm30790","ENSMUSG00000109333.1",-0.0371926214,-0.909130615,-0.468390529,0.642942514,1,"Geno_at_37"
"Nmd3","ENSMUSG00000027787.14",-0.0371887886,6.63635765,-0.818697549,0.419628296,1,"Geno_at_37"
"Prrc1","ENSMUSG00000024594.9",-0.0371878864,5.79897299,-1.09838358,0.280907327,1,"Geno_at_37"
"Tgfbr3l","ENSMUSG00000089736.2",0.0371865209,2.48995612,0.487388385,0.629579862,1,"Geno_at_37"
"Dazap1","ENSMUSG00000069565.12",-0.037184579,7.39093146,-1.07707941,0.290160654,1,"Geno_at_37"
"Lrrc45","ENSMUSG00000025145.13",0.037179814,5.12779235,0.70071638,0.488961886,1,"Geno_at_37"
"Cnn2","ENSMUSG00000004665.10",-0.0371763589,7.45455466,-1.10311443,0.2788814,1,"Geno_at_37"
"Diablo","ENSMUSG00000029433.16",0.0371575547,4.06330755,0.549445661,0.586828862,1,"Geno_at_37"
"Gm17819","ENSMUSG00000118270.1",-0.0371570229,1.37370771,-0.384153008,0.703615895,1,"Geno_at_37"
"Zup1","ENSMUSG00000039531.8",-0.0371544743,5.35500453,-0.669341545,0.508591328,1,"Geno_at_37"
"Mok","ENSMUSG00000056458.16",0.0371478979,-0.532521613,0.346326371,0.731551665,1,"Geno_at_37"
"Utrn","ENSMUSG00000019820.11",0.0371448759,7.3801066,1.02085315,0.315610375,1,"Geno_at_37"
"Akap10","ENSMUSG00000047804.15",0.0371333332,5.44787621,0.965126944,0.342314708,1,"Geno_at_37"
"Mto1","ENSMUSG00000032342.13",0.0371320018,4.29624803,0.630416029,0.533268371,1,"Geno_at_37"
"Gm17529","ENSMUSG00000097443.2",-0.037114691,-0.355151299,-0.317053095,0.753432837,1,"Geno_at_37"
"Zfp825","ENSMUSG00000069208.9",0.0371104937,3.3447181,0.523200339,0.604736851,1,"Geno_at_37"
"Dhx40","ENSMUSG00000018425.18",-0.0371047833,5.5455439,-0.929542993,0.360140365,1,"Geno_at_37"
"Gm37787","ENSMUSG00000103219.1",-0.0371008442,-0.866073623,-0.513398036,0.611490805,1,"Geno_at_37"
"Gm48137","ENSMUSG00000113571.1",-0.0370959018,-0.23150056,-0.333497238,0.741114199,1,"Geno_at_37"
"Hnrnpd","ENSMUSG00000000568.15",-0.037085608,8.53789573,-1.12873209,0.26809248,1,"Geno_at_37"
"Aqp9","ENSMUSG00000032204.13",0.0370800716,1.45049443,0.290018294,0.77382792,1,"Geno_at_37"
"1700018A04Rik","ENSMUSG00000038408.14",-0.0370742321,-0.404979547,-0.280570698,0.78099494,1,"Geno_at_37"
"Il17d","ENSMUSG00000050222.11",0.0370737792,0.0596454501,0.292047424,0.772291223,1,"Geno_at_37"
"Rps15a-ps6","ENSMUSG00000083022.1",-0.0370707835,3.19626086,-0.541597124,0.592157049,1,"Geno_at_37"
"A030005L19Rik","ENSMUSG00000113880.1",0.0370673255,0.545566258,0.283873821,0.778486904,1,"Geno_at_37"
"Snord110","ENSMUSG00000080610.1",0.0370671843,-0.402329485,0.288184601,0.775217412,1,"Geno_at_37"
"Zfp64","ENSMUSG00000027551.15",-0.0370656716,4.94567662,-0.864941219,0.394039529,1,"Geno_at_37"
"Hat1","ENSMUSG00000027018.11",0.0370579764,6.96806426,1.04969666,0.30236807,1,"Geno_at_37"
"Gm7684","ENSMUSG00000110657.1",-0.0370473062,-0.460744432,-0.34657232,0.731368763,1,"Geno_at_37"
"Wdr83os","ENSMUSG00000059355.13",-0.0370402006,4.78479522,-0.689088763,0.496143547,1,"Geno_at_37"
"Stk24","ENSMUSG00000063410.8",-0.037036526,7.52807335,-1.20843025,0.236464669,1,"Geno_at_37"
"Iscu","ENSMUSG00000025825.12",-0.0370296944,4.53191506,-0.762317029,0.451913858,1,"Geno_at_37"
"Tpm2","ENSMUSG00000028464.16",0.0370290863,-0.763930673,0.420943881,0.676842324,1,"Geno_at_37"
"Cct6a","ENSMUSG00000029447.11",0.0370074477,8.53422322,1.24832413,0.221714068,1,"Geno_at_37"
"Gm2810","ENSMUSG00000082938.1",-0.0370035527,2.81140574,-0.450017266,0.655982482,1,"Geno_at_37"
"Acd","ENSMUSG00000038000.10",0.0370011532,5.35618553,0.886732239,0.382384038,1,"Geno_at_37"
"Dach2","ENSMUSG00000025592.17",-0.0369950429,-0.246327934,-0.302760796,0.76419349,1,"Geno_at_37"
"Brd4","ENSMUSG00000024002.18",-0.0369914809,8.06871423,-1.32295328,0.19599884,1,"Geno_at_37"
"Gm14541","ENSMUSG00000084265.1",-0.0369911126,-0.654913772,-0.344381599,0.73299848,1,"Geno_at_37"
"Iqcg","ENSMUSG00000035578.16",-0.0369885478,0.764437735,-0.336911707,0.738564951,1,"Geno_at_37"
"Enc1","ENSMUSG00000041773.8",-0.0369884748,4.39022816,-0.372400127,0.713506925,1,"Geno_at_37"
"Atf4","ENSMUSG00000042406.8",-0.0369867791,7.53367957,-1.06692519,0.294646195,1,"Geno_at_37"
"Slc25a51","ENSMUSG00000045973.18",-0.0369732755,6.34625898,-1.10524169,0.27797384,1,"Geno_at_37"
"Ap2m1-ps","ENSMUSG00000081272.1",0.0369722324,6.78106097,1.09790371,0.281113411,1,"Geno_at_37"
"Aopep","ENSMUSG00000021458.17",-0.0369651185,7.00548797,-0.839558064,0.408050886,1,"Geno_at_37"
"Mlxipl","ENSMUSG00000005373.13",-0.0369643417,-0.447267504,-0.313251239,0.75629044,1,"Geno_at_37"
"Map2k1","ENSMUSG00000004936.8",0.0369575738,6.31988397,0.758571533,0.454427173,1,"Geno_at_37"
"Gm48882","ENSMUSG00000112593.1",-0.0369567344,-0.0800341635,-0.312796953,0.756632131,1,"Geno_at_37"
"Gm16587","ENSMUSG00000090081.1",0.0369525835,-0.980994219,0.534559785,0.596954298,1,"Geno_at_37"
"Gm5903","ENSMUSG00000082988.3",-0.0369495439,5.07841749,-0.942135055,0.353763496,1,"Geno_at_37"
"Rcn1","ENSMUSG00000005973.6",-0.0369359437,5.9927156,-0.453010456,0.655889793,1,"Geno_at_37"
"Anp32b","ENSMUSG00000028333.10",0.0369249399,9.16824644,1.03344942,0.309778794,1,"Geno_at_37"
"Cstb","ENSMUSG00000005054.7",-0.0369182287,5.4269271,-0.714408138,0.480581337,1,"Geno_at_37"
"Focad","ENSMUSG00000038368.16",0.0369096264,4.24743526,0.791757568,0.434812735,1,"Geno_at_37"
"9530052C20Rik","ENSMUSG00000097858.2",0.0369041809,-0.39555202,0.340227193,0.736092493,1,"Geno_at_37"
"Ciart","ENSMUSG00000038550.10",0.036903895,2.4349784,0.342506004,0.734394777,1,"Geno_at_37"
"Cep97","ENSMUSG00000022604.18",-0.0368950648,6.23579196,-0.970587416,0.339632673,1,"Geno_at_37"
"Pdzk1ip1","ENSMUSG00000028716.15",-0.0368824578,5.10744478,-0.436415246,0.667237433,1,"Geno_at_37"
"Tatdn1","ENSMUSG00000050891.10",0.0368801632,3.96919805,0.615823239,0.542726448,1,"Geno_at_37"
"Mpp3","ENSMUSG00000052373.14",-0.0368745428,0.11987047,-0.295836899,0.769423903,1,"Geno_at_37"
"Rpa1","ENSMUSG00000000751.13",0.0368727256,8.16822476,1.19086399,0.243186462,1,"Geno_at_37"
"Mprip","ENSMUSG00000005417.17",0.0368365454,6.68649872,1.22842257,0.228983723,1,"Geno_at_37"
"Dop1a","ENSMUSG00000034973.16",0.0368214919,5.73103846,0.923403167,0.36327705,1,"Geno_at_37"
"Donson","ENSMUSG00000022960.13",0.0368186168,5.59882919,0.917475132,0.366322541,1,"Geno_at_37"
"Slc35f2","ENSMUSG00000042195.9",0.0368137138,4.14020967,0.666286568,0.51039728,1,"Geno_at_37"
"Nt5m","ENSMUSG00000032615.14",-0.0368124275,3.3497337,-0.56068449,0.579239994,1,"Geno_at_37"
"Hsp90b1","ENSMUSG00000020048.13",0.036811017,8.966743,1.0852362,0.286592618,1,"Geno_at_37"
"Mvb12a","ENSMUSG00000031813.8",-0.0367976504,5.06167778,-0.938929195,0.355379847,1,"Geno_at_37"
"Zdhhc21","ENSMUSG00000028403.15",0.0367909598,7.41029941,0.914167885,0.368028874,1,"Geno_at_37"
"Rps17","ENSMUSG00000061787.15",-0.0367837634,8.26358912,-1.00538939,0.322872555,1,"Geno_at_37"
"Mthfd2","ENSMUSG00000005667.8",0.0367798325,6.8176624,0.921394112,0.364307318,1,"Geno_at_37"
"Commd2","ENSMUSG00000036513.15",-0.0367752445,4.979005,-0.771544563,0.446511253,1,"Geno_at_37"
"4933431K14Rik","ENSMUSG00000103715.1",-0.0367727094,1.32083021,-0.357395827,0.723335779,1,"Geno_at_37"
"Gm50313","ENSMUSG00000118144.1",0.0367706116,-0.636919567,0.396879484,0.694308601,1,"Geno_at_37"
"Prps1","ENSMUSG00000031432.3",0.0367682972,7.69394117,1.22058461,0.231895249,1,"Geno_at_37"
"Ccdc150","ENSMUSG00000025983.11",-0.0367593458,0.46030226,-0.283945782,0.778432292,1,"Geno_at_37"
"Tram2","ENSMUSG00000041779.5",0.0367572815,3.74513182,0.534588039,0.596935001,1,"Geno_at_37"
"Tm2d3","ENSMUSG00000078681.10",-0.0367526757,4.21697795,-0.793049482,0.4340714,1,"Geno_at_37"
"H2al1m","ENSMUSG00000100200.1",0.0367449577,-0.515485616,0.346333292,0.731546518,1,"Geno_at_37"
"Rbsn","ENSMUSG00000014550.14",0.03673202,5.41332366,0.985115954,0.332565818,1,"Geno_at_37"
"Gm37169","ENSMUSG00000103175.1",0.0367113856,2.70410705,0.39980439,0.692176288,1,"Geno_at_37"
"Htt","ENSMUSG00000029104.15",0.0367037006,8.44170754,1.28183866,0.209866905,1,"Geno_at_37"
"Snord42b","ENSMUSG00000065676.1",0.0366738738,-0.464863433,0.362322544,0.719689794,1,"Geno_at_37"
"Ccm2","ENSMUSG00000000378.15",-0.03665396,6.04888193,-1.07124598,0.292731582,1,"Geno_at_37"
"Gm49125","ENSMUSG00000115148.1",0.0366519978,1.47355251,0.30622022,0.761584405,1,"Geno_at_37"
"Mrpl47","ENSMUSG00000037531.8",-0.0366517649,4.43308086,-0.81354066,0.422416029,1,"Geno_at_37"
"Qpctl","ENSMUSG00000030407.2",-0.0366451746,3.3543508,-0.56323517,0.577524447,1,"Geno_at_37"
"Gm31462","ENSMUSG00000115976.1",-0.0366351749,-0.421624462,-0.302588099,0.764323811,1,"Geno_at_37"
"Mettl22","ENSMUSG00000039345.16",0.0366253543,3.64661727,0.639032626,0.527725074,1,"Geno_at_37"
"Mib1","ENSMUSG00000024294.14",0.036623755,6.93417517,1.14119832,0.262952705,1,"Geno_at_37"
"Nedd4","ENSMUSG00000032216.15",-0.0366235712,6.31841464,-0.528388573,0.603129979,1,"Geno_at_37"
"Gsdme","ENSMUSG00000029821.15",-0.0366225302,3.66155728,-0.559219102,0.580226727,1,"Geno_at_37"
"Pip5k1b","ENSMUSG00000024867.14",-0.0366209007,3.35505041,-0.599686567,0.553286592,1,"Geno_at_37"
"Plekha6","ENSMUSG00000041757.17",-0.0366201264,0.439117037,-0.305182479,0.762366768,1,"Geno_at_37"
"Clybl","ENSMUSG00000025545.10",0.0366095399,3.49116108,0.259698331,0.797984337,1,"Geno_at_37"
"Zc2hc1a","ENSMUSG00000043542.12",0.0366005601,0.534904114,0.29011549,0.773754291,1,"Geno_at_37"
"Gm45363","ENSMUSG00000110377.1",-0.0365991645,-0.50252266,-0.351977801,0.727352987,1,"Geno_at_37"
"Wipi2","ENSMUSG00000029578.15",-0.0365954897,6.7534218,-1.23331667,0.227179662,1,"Geno_at_37"
"Osbpl2","ENSMUSG00000039050.8",-0.0365895588,5.86593191,-0.90885205,0.370782398,1,"Geno_at_37"
"Slco4a1","ENSMUSG00000038963.15",-0.0365889579,5.22422456,-0.847009056,0.403798787,1,"Geno_at_37"
"Sfmbt2","ENSMUSG00000061186.15",-0.0365846789,3.57829646,-0.483966814,0.631977297,1,"Geno_at_37"
"Atp10d","ENSMUSG00000046808.17",0.0365769486,3.71956078,0.504647713,0.617549439,1,"Geno_at_37"
"Gm6685","ENSMUSG00000032889.7",0.0365736071,1.64269202,0.314060405,0.755681948,1,"Geno_at_37"
"CAAA01118383.1","ENSMUSG00000063897.3",-0.0365729581,5.19420132,-0.560737725,0.579895458,1,"Geno_at_37"
"Bivm","ENSMUSG00000041684.11",-0.0365727917,3.46527398,-0.610673867,0.546084795,1,"Geno_at_37"
"Lrpap1","ENSMUSG00000029103.16",-0.0365681933,5.39628455,-0.897988308,0.376451358,1,"Geno_at_37"
"Smpd2","ENSMUSG00000019822.12",-0.036566867,3.57587122,-0.528688525,0.600970822,1,"Geno_at_37"
"Gm26813","ENSMUSG00000097819.1",0.0365666648,-0.458733665,0.37614982,0.709493008,1,"Geno_at_37"
"Gm43387","ENSMUSG00000104874.1",0.0365610037,-0.465321353,0.321642053,0.749988351,1,"Geno_at_37"
"Ndufb7","ENSMUSG00000033938.5",0.0365525131,6.08019325,1.07634761,0.290482297,1,"Geno_at_37"
"Fpgt","ENSMUSG00000053870.7",0.0365517829,4.41086023,0.782971244,0.439874918,1,"Geno_at_37"
"Jazf1","ENSMUSG00000063568.11",-0.0365381046,3.21662716,-0.494321174,0.62473476,1,"Geno_at_37"
"9530077C05Rik","ENSMUSG00000036411.10",-0.0365194029,1.52844913,-0.339068565,0.736956191,1,"Geno_at_37"
"Gm7832","ENSMUSG00000106917.1",0.0365119507,3.83329309,0.609983572,0.546535818,1,"Geno_at_37"
"Rhbdd1","ENSMUSG00000026142.15",-0.0365095565,4.89641428,-0.790341661,0.435626103,1,"Geno_at_37"
"Gm12843","ENSMUSG00000085749.1",0.0365019575,-0.649589536,0.361512689,0.720288664,1,"Geno_at_37"
"Mrpl21","ENSMUSG00000024829.12",-0.0364997615,5.12503772,-0.780249237,0.441450372,1,"Geno_at_37"
"Mapk1","ENSMUSG00000063358.17",0.0364941925,8.00209294,1.52296767,0.138399065,1,"Geno_at_37"
"D330050I16Rik","ENSMUSG00000117959.1",0.0364933663,0.434321585,0.345305355,0.732311126,1,"Geno_at_37"
"Slc25a13","ENSMUSG00000015112.15",0.0364902607,4.60271577,0.786455642,0.437863163,1,"Geno_at_37"
"Zfp119a","ENSMUSG00000057835.7",-0.0364857759,2.50590662,-0.39542231,0.69537186,1,"Geno_at_37"
"Gm48890","ENSMUSG00000113984.1",0.0364737476,-0.117533234,0.277073226,0.783653157,1,"Geno_at_37"
"Lclat1","ENSMUSG00000054469.14",-0.036472405,6.519975,-0.680485092,0.502498771,1,"Geno_at_37"
"Casp8ap2","ENSMUSG00000028282.12",0.0364692829,7.05917041,1.06473695,0.295619199,1,"Geno_at_37"
"9930120I10Rik","ENSMUSG00000108120.1",0.0364675113,0.0425873627,0.247142568,0.806507134,1,"Geno_at_37"
"Gm30034","ENSMUSG00000112797.1",-0.0364650288,-0.75969935,-0.39612733,0.694857348,1,"Geno_at_37"
"Gm14567","ENSMUSG00000080896.5",0.0364594769,4.07569281,0.705207243,0.486203994,1,"Geno_at_37"
"Taf6l","ENSMUSG00000003680.16",0.0364587618,3.99914153,0.586274899,0.562143335,1,"Geno_at_37"
"Selenot-ps","ENSMUSG00000081920.2",-0.0364578615,-0.272695212,-0.327420253,0.745658668,1,"Geno_at_37"
"Cntrob","ENSMUSG00000032782.19",0.0364573145,5.24782019,0.644609773,0.524245534,1,"Geno_at_37"
"Zfp418","ENSMUSG00000034538.8",-0.036445247,0.542291863,-0.318647334,0.752235608,1,"Geno_at_37"
"Tmem19","ENSMUSG00000069520.6",-0.0364401641,6.24995671,-1.04101815,0.306310968,1,"Geno_at_37"
"Dhrs7","ENSMUSG00000021094.10",0.0364390586,4.20861203,0.630994862,0.532895024,1,"Geno_at_37"
"Tubgcp4","ENSMUSG00000027263.12",0.0364382482,6.73207679,0.871231873,0.390651803,1,"Geno_at_37"
"Lsm5","ENSMUSG00000091625.8",-0.0364364837,3.68373377,-0.528869255,0.600846993,1,"Geno_at_37"
"Hdac10","ENSMUSG00000062906.12",0.0364300868,4.43889007,0.799526174,0.430366492,1,"Geno_at_37"
"Cdh23","ENSMUSG00000012819.15",-0.0364270349,5.36107115,-0.539515674,0.59462524,1,"Geno_at_37"
"Foxd2os","ENSMUSG00000085399.7",0.0364246087,2.66003455,0.400002261,0.692032129,1,"Geno_at_37"
"Nanp","ENSMUSG00000053916.4",-0.0364225295,-0.00621693574,-0.255883631,0.799813794,1,"Geno_at_37"
"Zscan25","ENSMUSG00000070420.4",-0.0364201007,4.48329003,-0.689959408,0.495603761,1,"Geno_at_37"
"Trib3","ENSMUSG00000032715.9",0.0364174238,4.13093964,0.535444582,0.596350124,1,"Geno_at_37"
"Kras","ENSMUSG00000030265.14",0.0364152661,7.63960728,0.883695491,0.38406964,1,"Geno_at_37"
"Mmp21","ENSMUSG00000030981.9",0.0364122025,-0.62519733,0.322685571,0.749205811,1,"Geno_at_37"
"Atp5e","ENSMUSG00000016252.7",-0.0364065838,6.42301516,-0.88902613,0.381170142,1,"Geno_at_37"
"Phospho2","ENSMUSG00000027088.10",-0.0364013361,4.23489017,-0.658296944,0.515444411,1,"Geno_at_37"
"Zdhhc16","ENSMUSG00000025157.8",0.0363981411,4.95156171,0.82073691,0.418368958,1,"Geno_at_37"
"Erich1","ENSMUSG00000051978.9",-0.0363960978,3.61199336,-0.544835584,0.589955706,1,"Geno_at_37"
"Gm5066","ENSMUSG00000100337.1",-0.036395713,0.00875459702,-0.2736284,0.786273958,1,"Geno_at_37"
"Sgk1","ENSMUSG00000019970.15",-0.0363909834,8.15498248,-0.556795547,0.584422654,1,"Geno_at_37"
"Rnf8","ENSMUSG00000090083.11",-0.0363869888,3.93042257,-0.629549466,0.533827563,1,"Geno_at_37"
"Gspt2","ENSMUSG00000071723.7",-0.0363865819,-0.368401343,-0.304466626,0.762906605,1,"Geno_at_37"
"Gm15682","ENSMUSG00000095524.1",0.0363650451,0.1461467,0.305191155,0.762360226,1,"Geno_at_37"
"Rpl17-ps10","ENSMUSG00000081895.3",-0.0363642327,8.14017189,-0.986438432,0.331927541,1,"Geno_at_37"
"Iqgap2","ENSMUSG00000021676.10",0.0363626881,5.16231057,0.84711799,0.403739045,1,"Geno_at_37"
"Pik3c2b","ENSMUSG00000026447.17",0.0363567279,4.18984867,0.496543614,0.623278781,1,"Geno_at_37"
"Gm10123","ENSMUSG00000062933.7",0.0363534356,9.90331105,1.02997255,0.311534586,1,"Geno_at_37"
"Timm22","ENSMUSG00000020843.15",0.0363530317,5.01834575,0.788282645,0.43681055,1,"Geno_at_37"
"Epdr1","ENSMUSG00000002808.7",-0.036347167,-0.632226588,-0.317439294,0.753142755,1,"Geno_at_37"
"Nipa2","ENSMUSG00000030452.16",0.0363412688,5.41066827,0.940907792,0.354381688,1,"Geno_at_37"
"Gm11767","ENSMUSG00000085207.1",0.0363319971,-0.429736354,0.318419471,0.752406688,1,"Geno_at_37"
"Rtn4","ENSMUSG00000020458.16",0.0363217006,7.63949676,0.950198901,0.349719448,1,"Geno_at_37"
"Itgav","ENSMUSG00000027087.11",0.0363177421,7.36409662,0.817123065,0.420805802,1,"Geno_at_37"
"Nsun6","ENSMUSG00000026707.15",0.0363004452,3.12540078,0.558230603,0.580892809,1,"Geno_at_37"
"Dus2","ENSMUSG00000031901.12",-0.0363000393,3.89186809,-0.607401461,0.548224628,1,"Geno_at_37"
"Wbp1l","ENSMUSG00000047731.17",-0.0362897756,6.86109795,-1.09502772,0.282350788,1,"Geno_at_37"
"1700056E22Rik","ENSMUSG00000044854.7",0.0362874154,-0.26096049,0.309927012,0.758791916,1,"Geno_at_37"
"Gm6813","ENSMUSG00000117972.1",-0.0362824857,-0.629834247,-0.349932383,0.728871626,1,"Geno_at_37"
"Arfgef3","ENSMUSG00000019852.7",-0.0362700635,5.58411226,-0.718340555,0.478189648,1,"Geno_at_37"
"Pkhd1l1","ENSMUSG00000038725.13",0.0362684291,4.74054114,0.754070308,0.456774938,1,"Geno_at_37"
"Unc93b1","ENSMUSG00000036908.17",0.0362681156,3.78897606,0.389486964,0.700217114,1,"Geno_at_37"
"Ceacam-ps1","ENSMUSG00000108307.1",-0.0362602305,3.20844385,-0.544807699,0.589974644,1,"Geno_at_37"
"Gm45033","ENSMUSG00000108500.1",-0.0362529159,0.00376687519,-0.281471303,0.780310878,1,"Geno_at_37"
"Mctp1","ENSMUSG00000021596.16",-0.0362447152,0.582779657,-0.31595586,0.754257194,1,"Geno_at_37"
"Rnaseh2a","ENSMUSG00000052926.16",-0.036236084,5.80132779,-0.876067502,0.388060342,1,"Geno_at_37"
"D130020L05Rik","ENSMUSG00000097121.2",-0.0362318686,0.524611874,-0.250978589,0.80356789,1,"Geno_at_37"
"Itgb2","ENSMUSG00000000290.13",-0.0362312386,9.23056873,-1.54981195,0.131832827,1,"Geno_at_37"
"Gm5963","ENSMUSG00000052192.5",-0.0362283798,6.57736839,-0.703780743,0.487886283,1,"Geno_at_37"
"Trmt6","ENSMUSG00000037376.14",-0.0362274497,6.60900446,-1.03647557,0.308389022,1,"Geno_at_37"
"Mirt1","ENSMUSG00000097636.8",-0.0362258676,-0.172284112,-0.30123405,0.765345854,1,"Geno_at_37"
"Qsox2","ENSMUSG00000036327.18",-0.0362183886,5.08815235,-0.644126759,0.52446246,1,"Geno_at_37"
"5031439G07Rik","ENSMUSG00000036046.14",-0.0362172718,4.72372884,-0.652477804,0.519137504,1,"Geno_at_37"
"Zfp760","ENSMUSG00000067928.6",0.0362107425,3.73149275,0.39882079,0.69327093,1,"Geno_at_37"
"Pnpt1","ENSMUSG00000020464.15",0.0362068618,5.75682121,0.871834302,0.390328354,1,"Geno_at_37"
"Ndufa4","ENSMUSG00000029632.7",-0.0362020758,6.54557009,-0.876477351,0.387841207,1,"Geno_at_37"
"Gm4950","ENSMUSG00000069379.3",-0.0361975521,2.14171477,-0.41188415,0.683397225,1,"Geno_at_37"
"Slc5a5","ENSMUSG00000000792.2",-0.0361952766,-0.724002851,-0.385945136,0.702302383,1,"Geno_at_37"
"Rock1","ENSMUSG00000024290.9",0.0361937573,7.68688771,1.28129572,0.210054916,1,"Geno_at_37"
"Tepsin","ENSMUSG00000025377.14",0.0361922289,4.36752189,0.749037608,0.459756615,1,"Geno_at_37"
"Tmtc3","ENSMUSG00000036676.14",-0.0361911772,3.99902271,-0.457346858,0.650950233,1,"Geno_at_37"
"Def6","ENSMUSG00000002257.8",-0.0361909426,6.73919073,-0.932013066,0.358883523,1,"Geno_at_37"
"Fbxo31","ENSMUSG00000052934.14",-0.0361880836,4.6468503,-0.752048846,0.457971201,1,"Geno_at_37"
"Pabpc1l","ENSMUSG00000054582.4",0.0361809683,0.435516023,0.30321056,0.76385412,1,"Geno_at_37"
"Ifngr1","ENSMUSG00000020009.13",0.0361795679,6.32157177,0.785474617,0.438429005,1,"Geno_at_37"
"1810012K08Rik","ENSMUSG00000087595.1",-0.0361783579,0.854023554,-0.334365498,0.74046567,1,"Geno_at_37"
"Zfp1","ENSMUSG00000055835.10",-0.0361777225,5.30103824,-1.00491572,0.323096797,1,"Geno_at_37"
"Plcxd2","ENSMUSG00000087141.1",-0.0361745985,5.67734822,-0.505049282,0.618835063,1,"Geno_at_37"
"Nucb1","ENSMUSG00000030824.17",-0.0361686377,7.08203657,-1.07233241,0.292251554,1,"Geno_at_37"
"Atp6v1a","ENSMUSG00000052459.13",0.0361565059,6.63100339,1.11262619,0.274839787,1,"Geno_at_37"
"Mical3","ENSMUSG00000051586.17",-0.0361550697,5.80163455,-0.808061362,0.425513627,1,"Geno_at_37"
"Ctrl","ENSMUSG00000031896.7",-0.0361512222,0.256405109,-0.30261533,0.764303262,1,"Geno_at_37"
"Rabl3","ENSMUSG00000022827.14",-0.0361434919,4.78088211,-0.850263538,0.402016374,1,"Geno_at_37"
"Trim44","ENSMUSG00000027189.16",0.0361344543,7.38284621,1.26574509,0.215494406,1,"Geno_at_37"
"Ahi1","ENSMUSG00000019986.17",0.0361269887,4.67969512,0.689750422,0.495733299,1,"Geno_at_37"
"Gm12227","ENSMUSG00000086039.1",-0.0361178511,0.272242309,-0.282396466,0.77960835,1,"Geno_at_37"
"Ccl1","ENSMUSG00000020702.13",0.0360993324,2.82682528,0.30067456,0.766180338,1,"Geno_at_37"
"Mettl14","ENSMUSG00000028114.16",0.0360984036,5.62619865,1.10330434,0.278800295,1,"Geno_at_37"
"Taok3","ENSMUSG00000061288.13",0.0360912674,6.41743555,1.03767465,0.30783954,1,"Geno_at_37"
"Dcun1d4","ENSMUSG00000051674.15",0.036086792,3.46799254,0.61549437,0.542940608,1,"Geno_at_37"
"Gm12966","ENSMUSG00000070729.5",0.0360821189,7.1196841,0.883018846,0.384354391,1,"Geno_at_37"
"Gm13054","ENSMUSG00000086806.1",-0.0360818043,-0.534280287,-0.320005466,0.751216182,1,"Geno_at_37"
"Kctd11","ENSMUSG00000046731.5",0.0360788926,3.71318016,0.555847909,0.582499891,1,"Geno_at_37"
"Cyp1b1","ENSMUSG00000024087.4",0.0360558838,-0.367818771,0.289613758,0.774134395,1,"Geno_at_37"
"Gm49960","ENSMUSG00000117309.1",-0.0360491543,0.950602268,-0.298438858,0.767457036,1,"Geno_at_37"
"Uba52","ENSMUSG00000090137.8",0.0360474541,4.86201637,0.504101378,0.618626476,1,"Geno_at_37"
"Gm38431","ENSMUSG00000111497.1",0.0360392036,0.117294459,0.252253597,0.802591594,1,"Geno_at_37"
"Mnd1-ps","ENSMUSG00000089686.2",-0.0360340697,1.98762366,-0.467036324,0.643899756,1,"Geno_at_37"
"1700034I23Rik","ENSMUSG00000074619.5",-0.0360226961,-0.184684906,-0.307809586,0.760386664,1,"Geno_at_37"
"Phf5a","ENSMUSG00000061360.8",-0.0360111785,6.59921445,-1.08889698,0.285001446,1,"Geno_at_37"
"Dhx38","ENSMUSG00000037993.8",0.0360075519,6.85959741,1.05703966,0.299059768,1,"Geno_at_37"
"Grap2","ENSMUSG00000042351.9",-0.0360065369,8.31828054,-0.906271908,0.372310043,1,"Geno_at_37"
"Cldn12","ENSMUSG00000046798.14",0.0360057156,2.02036468,0.348656593,0.729819416,1,"Geno_at_37"
"Chst14","ENSMUSG00000074916.5",-0.0359946494,2.81426153,-0.491410748,0.626766703,1,"Geno_at_37"
"Hsbp1","ENSMUSG00000031839.7",0.0359873627,5.72500676,0.898798447,0.376026677,1,"Geno_at_37"
"Mir703","ENSMUSG00000105814.1",-0.0359821168,2.80035227,-0.344542929,0.732945535,1,"Geno_at_37"
"Pbx3","ENSMUSG00000038718.15",0.0359725025,2.15993766,0.479039404,0.635437003,1,"Geno_at_37"
"Fbl","ENSMUSG00000046865.7",-0.0359619394,6.51163424,-0.32657518,0.748123832,1,"Geno_at_37"
"Trim24","ENSMUSG00000029833.17",-0.0359602456,6.54000026,-0.790485673,0.435605909,1,"Geno_at_37"
"Gtf2ird2","ENSMUSG00000015942.9",0.03595787,4.81986749,0.750213382,0.459058992,1,"Geno_at_37"
"Gm2225","ENSMUSG00000110057.1",-0.0359486268,5.87072072,-0.896473198,0.377246424,1,"Geno_at_37"
"Foxk1","ENSMUSG00000056493.9",0.035945301,7.3607411,1.09528957,0.282237967,1,"Geno_at_37"
"Mrpl45","ENSMUSG00000018882.12",0.0359361267,5.90406242,1.01370272,0.318954274,1,"Geno_at_37"
"Gm43411","ENSMUSG00000105979.1",0.035934773,-0.627982928,0.369987595,0.714030657,1,"Geno_at_37"
"Ptpn12","ENSMUSG00000028771.13",0.0359312369,5.32823787,0.948551359,0.350543179,1,"Geno_at_37"
"Traf4","ENSMUSG00000017386.10",-0.0359306429,6.43529367,-0.965661577,0.342051484,1,"Geno_at_37"
"Pdcd6","ENSMUSG00000021576.6",-0.0359291034,6.49261272,-1.06239713,0.296662099,1,"Geno_at_37"
"Axin1","ENSMUSG00000024182.16",-0.0359250809,6.59968848,-1.04917567,0.302603765,1,"Geno_at_37"
"Acap1","ENSMUSG00000001588.12",-0.035924706,7.97160083,-0.967728304,0.34103522,1,"Geno_at_37"
"Gm11201","ENSMUSG00000085941.1",0.0359226156,-0.783953038,0.415663286,0.680659855,1,"Geno_at_37"
"Gimap9","ENSMUSG00000051124.6",-0.0359195904,6.94615445,-0.895665525,0.377670702,1,"Geno_at_37"
"Gatc","ENSMUSG00000029536.8",-0.0359111503,4.77417184,-0.785854197,0.438210016,1,"Geno_at_37"
"Gm37588","ENSMUSG00000104239.1",-0.0359067893,-0.0731390854,-0.24413041,0.808817133,1,"Geno_at_37"
"Pqlc3","ENSMUSG00000045679.14",0.0359048678,5.02336646,0.802717266,0.428548186,1,"Geno_at_37"
"Abca7","ENSMUSG00000035722.15",0.0358998314,6.53974266,0.993766008,0.32840607,1,"Geno_at_37"
"Gm44834","ENSMUSG00000108542.1",-0.0358993571,-0.0950738125,-0.279866148,0.78153021,1,"Geno_at_37"
"Gm12161","ENSMUSG00000080981.1",0.0358975345,1.92416326,0.343498896,0.733655498,1,"Geno_at_37"
"2500002B13Rik","ENSMUSG00000096917.2",0.0358733757,1.73514948,0.351471848,0.727728532,1,"Geno_at_37"
"Gm14326","ENSMUSG00000078862.10",-0.0358664195,2.73377894,-0.462841704,0.646868727,1,"Geno_at_37"
"Slc25a27","ENSMUSG00000023912.10",0.0358649072,3.2967193,0.32127588,0.750851462,1,"Geno_at_37"
"Mad2l2","ENSMUSG00000029003.11",-0.0358642396,4.37110393,-0.672684771,0.506375138,1,"Geno_at_37"
"Sigirr","ENSMUSG00000025494.8",-0.0358511639,6.23875587,-0.979689897,0.335193354,1,"Geno_at_37"
"Ccdc84","ENSMUSG00000043923.8",0.0358500123,4.51991657,0.687373076,0.497208209,1,"Geno_at_37"
"Pum1","ENSMUSG00000028580.15",0.0358414644,7.29165852,1.24935495,0.22134232,1,"Geno_at_37"
"Ccdc117","ENSMUSG00000020482.4",0.0358345584,5.74808826,0.917993122,0.366055761,1,"Geno_at_37"
"Lrsam1","ENSMUSG00000026792.16",0.0357787117,3.0587902,0.524573377,0.60379362,1,"Geno_at_37"
"Ubr1","ENSMUSG00000027272.5",0.0357760253,6.46394725,1.05805353,0.298604981,1,"Geno_at_37"
"Ppp1r13b","ENSMUSG00000021285.15",-0.0357728634,5.34097328,-0.784265991,0.439126732,1,"Geno_at_37"
"Pparg","ENSMUSG00000000440.12",-0.0357723837,0.798051826,-0.221642029,0.826200912,1,"Geno_at_37"
"4930557K07Rik","ENSMUSG00000108034.1",0.0357720916,1.10438965,0.285684608,0.777113015,1,"Geno_at_37"
"Ero1lb","ENSMUSG00000057069.7",0.0357658613,3.09789444,0.444603899,0.659845847,1,"Geno_at_37"
"Mpv17l2","ENSMUSG00000035559.9",-0.0357647981,3.7920917,-0.602576507,0.5513876,1,"Geno_at_37"
"Anxa3","ENSMUSG00000029484.12",-0.0357633677,4.36789092,-0.365370248,0.718596602,1,"Geno_at_37"
"Akip1","ENSMUSG00000031023.5",0.0357632464,4.58875822,0.76691732,0.449215601,1,"Geno_at_37"
"Gm10125","ENSMUSG00000063087.15",0.0357592627,0.049395849,0.259697726,0.796898013,1,"Geno_at_37"
"Ccdc74a","ENSMUSG00000041617.10",-0.0357575837,3.11506966,-0.481097943,0.633990607,1,"Geno_at_37"
"Nip7","ENSMUSG00000031917.12",-0.0357403565,6.0733256,-0.863154247,0.395005273,1,"Geno_at_37"
"Ccdc93","ENSMUSG00000026339.18",0.0357366573,5.42395891,0.865739122,0.393608799,1,"Geno_at_37"
"2010013B24Rik","ENSMUSG00000087277.1",-0.0357340022,-0.520208498,-0.331376139,0.742699323,1,"Geno_at_37"
"Rex1bd","ENSMUSG00000058833.11",-0.0357291407,4.80604601,-0.645113665,0.52383164,1,"Geno_at_37"
"Wfikkn1","ENSMUSG00000071192.6",-0.0357290086,1.78516532,-0.312013302,0.757221674,1,"Geno_at_37"
"Lrmp","ENSMUSG00000030263.13",-0.0357090968,6.8657111,-0.735673103,0.468370458,1,"Geno_at_37"
"Trim68","ENSMUSG00000073968.4",0.0357033885,3.52531801,0.571339737,0.5720902,1,"Geno_at_37"
"Rnf19b","ENSMUSG00000028793.15",0.0356918343,7.55956647,0.55053699,0.588383527,1,"Geno_at_37"
"Glipr1","ENSMUSG00000056888.11",-0.0356887294,3.48516439,-0.526113603,0.602736364,1,"Geno_at_37"
"Slc25a47","ENSMUSG00000048856.9",0.035685283,1.3815579,0.31088384,0.758071631,1,"Geno_at_37"
"Gm7901","ENSMUSG00000101431.1",0.0356767411,7.00312345,0.94801752,0.350810363,1,"Geno_at_37"
"Gdpd1","ENSMUSG00000061666.6",-0.0356754902,0.422715547,-0.300007329,0.76627216,1,"Geno_at_37"
"Fam78a","ENSMUSG00000050592.8",-0.0356637511,6.02467768,-1.00442675,0.323328396,1,"Geno_at_37"
"Poc1a","ENSMUSG00000023345.17",-0.0356502773,4.21542931,-0.5966086,0.555312837,1,"Geno_at_37"
"Klra9","ENSMUSG00000033024.16",0.0356488556,-0.965333401,0.500234465,0.620615575,1,"Geno_at_37"
"Gm16378","ENSMUSG00000095762.1",-0.0356470581,4.62818806,-0.281051477,0.782061399,1,"Geno_at_37"
"Lta4h","ENSMUSG00000015889.8",-0.0356437662,7.44883791,-1.24519074,0.222846971,1,"Geno_at_37"
"Rab27a","ENSMUSG00000032202.11",0.0356309399,7.00283846,1.0042693,0.323402995,1,"Geno_at_37"
"Hmgb1-ps2","ENSMUSG00000081738.1",-0.035625282,1.06223588,-0.227367483,0.821797115,1,"Geno_at_37"
"Fam129a","ENSMUSG00000026483.13",0.0356199352,7.14110663,0.897715758,0.3765943,1,"Geno_at_37"
"Pla2g4f","ENSMUSG00000046971.7",0.0356144144,5.2832757,0.660480088,0.514062595,1,"Geno_at_37"
"Slc35a5","ENSMUSG00000022664.11",-0.0356142114,3.84789788,-0.588556949,0.560631251,1,"Geno_at_37"
"Utp18","ENSMUSG00000054079.12",0.0355994135,6.65295575,1.02158533,0.31526934,1,"Geno_at_37"
"Cd6","ENSMUSG00000024670.17",-0.0355988616,8.14165278,-1.20090132,0.239328545,1,"Geno_at_37"
"Gm49412","ENSMUSG00000116283.1",0.035597299,-0.642131313,0.301447839,0.765184457,1,"Geno_at_37"
"Fahd1","ENSMUSG00000045316.5",-0.0355852397,1.9888983,-0.394079176,0.696352466,1,"Geno_at_37"
"Uri1","ENSMUSG00000030421.9",-0.0355784721,6.42938087,-1.1100977,0.275910034,1,"Geno_at_37"
"Gm20075","ENSMUSG00000114133.1",-0.0355560591,4.47178482,-0.747726349,0.460535363,1,"Geno_at_37"
"Ccdc124","ENSMUSG00000007721.6",0.0355541959,5.97583474,0.695191311,0.492649679,1,"Geno_at_37"
"Piwil4","ENSMUSG00000036912.18",0.03554806,-0.47003275,0.283726577,0.778598654,1,"Geno_at_37"
"Serp2","ENSMUSG00000052584.10",-0.0355379994,0.381436125,-0.304021683,0.763242206,1,"Geno_at_37"
"Gm44148","ENSMUSG00000107736.1",0.0355309762,-0.525035092,0.301254182,0.765330655,1,"Geno_at_37"
"Gfm1","ENSMUSG00000027774.16",0.0355269414,6.09815953,0.953594549,0.348025783,1,"Geno_at_37"
"Zfp28","ENSMUSG00000062861.8",-0.0355224366,4.23429568,-0.508989977,0.614539443,1,"Geno_at_37"
"Stk4","ENSMUSG00000018209.15",0.0355208257,8.09905155,1.34299252,0.189500571,1,"Geno_at_37"
"Nxt2","ENSMUSG00000042271.13",0.0355082944,3.16503775,0.408621979,0.685763665,1,"Geno_at_37"
"Ywhah","ENSMUSG00000018965.11",0.0355026731,8.54730759,1.22654598,0.229678309,1,"Geno_at_37"
"Rab11a","ENSMUSG00000004771.12",-0.0354930489,6.05602723,-1.02409815,0.314100866,1,"Geno_at_37"
"Abcc1","ENSMUSG00000023088.17",0.0354912999,6.45897213,0.810221782,0.42429062,1,"Geno_at_37"
"Tex14","ENSMUSG00000010342.16",-0.0354911784,-0.212094867,-0.300292675,0.766056661,1,"Geno_at_37"
"Manbal","ENSMUSG00000063019.5",-0.0354871621,4.35844518,-0.668980615,0.508701566,1,"Geno_at_37"
"Abracl","ENSMUSG00000078453.3",-0.0354821086,5.77336242,-0.931974095,0.35890333,1,"Geno_at_37"
"Zfp346","ENSMUSG00000021481.11",-0.0354763406,5.08332463,-0.865879377,0.393533117,1,"Geno_at_37"
"Mzt1","ENSMUSG00000033186.9",-0.0354746144,6.12975365,-0.822314671,0.417484864,1,"Geno_at_37"
"Gm11579","ENSMUSG00000086795.1",0.0354734479,0.6098448,0.364794109,0.717863245,1,"Geno_at_37"
"Dennd6b","ENSMUSG00000015377.10",-0.0354709388,4.80649619,-0.699071142,0.489974459,1,"Geno_at_37"
"Cdc27","ENSMUSG00000020687.13",0.0354677366,6.97276615,1.06359145,0.296129448,1,"Geno_at_37"
"Trav8d-2","ENSMUSG00000076795.6",0.0354640053,0.243473789,0.314850521,0.755087936,1,"Geno_at_37"
"Gm2981","ENSMUSG00000111027.1",0.0354539075,4.2199802,0.733487493,0.469041505,1,"Geno_at_37"
"Mettl26","ENSMUSG00000025731.16",-0.0354528398,4.2033403,-0.691817556,0.494452843,1,"Geno_at_37"
"Snapc2","ENSMUSG00000011837.4",-0.0354526187,4.32545945,-0.672757278,0.506329658,1,"Geno_at_37"
"Tgfbr2","ENSMUSG00000032440.13",-0.0354476301,6.76124689,-0.702480674,0.488679178,1,"Geno_at_37"
"Gm35315","ENSMUSG00000109771.1",-0.0354326221,3.01537466,-0.44330041,0.660777542,1,"Geno_at_37"
"Gm13496","ENSMUSG00000085755.1",0.0354317825,-0.789645215,0.392285163,0.697663086,1,"Geno_at_37"
"Rbm28","ENSMUSG00000029701.15",0.0354251118,6.83668147,1.036581,0.308340679,1,"Geno_at_37"
"Anapc11","ENSMUSG00000025135.12",-0.0354226871,5.52899936,-0.910300572,0.370030755,1,"Geno_at_37"
"Ramp3","ENSMUSG00000041046.7",0.0354123793,-0.470581244,0.279587073,0.781742263,1,"Geno_at_37"
"Gm17169","ENSMUSG00000090584.1",0.0353955638,-0.132060538,0.255707964,0.799948158,1,"Geno_at_37"
"Cbx5","ENSMUSG00000009575.14",0.0353835795,8.38344342,1.0090311,0.321152079,1,"Geno_at_37"
"2210408I21Rik","ENSMUSG00000071252.6",0.0353660702,1.45864579,0.301162287,0.765400033,1,"Geno_at_37"
"Cpt1a","ENSMUSG00000024900.5",-0.0353526942,5.61280612,-0.715437725,0.479954483,1,"Geno_at_37"
"Olfr755-ps1","ENSMUSG00000092556.2",-0.035350474,-0.61870628,-0.302730056,0.764216687,1,"Geno_at_37"
"Zbtb33","ENSMUSG00000048047.3",-0.0353461996,5.93715382,-0.927275129,0.361296873,1,"Geno_at_37"
"Gm5544","ENSMUSG00000074388.3",0.0353312195,-0.438662499,0.314909275,0.75504377,1,"Geno_at_37"
"Grin2d","ENSMUSG00000002771.12",-0.0353003102,0.87028095,-0.279523131,0.781790851,1,"Geno_at_37"
"Sh3yl1","ENSMUSG00000020669.15",0.0352992575,2.18693586,0.418917282,0.6783064,1,"Geno_at_37"
"Plekhd1","ENSMUSG00000066438.6",-0.0352944799,5.1728579,-0.46546015,0.64625045,1,"Geno_at_37"
"Snx22","ENSMUSG00000039452.6",-0.0352932886,0.0498324884,-0.260343202,0.796404856,1,"Geno_at_37"
"Cfdp1","ENSMUSG00000031954.6",0.0352917394,6.33278296,1.01167392,0.319907467,1,"Geno_at_37"
"Zfp60","ENSMUSG00000037640.15",-0.035278925,4.1096497,-0.491219239,0.626900511,1,"Geno_at_37"
"Ext2","ENSMUSG00000027198.16",-0.0352779567,5.75682978,-1.0234456,0.314404016,1,"Geno_at_37"
"Safb","ENSMUSG00000071054.12",0.0352589249,7.7323563,0.89854851,0.376157663,1,"Geno_at_37"
"Nisch","ENSMUSG00000021910.15",-0.0352475385,8.39780724,-1.04059611,0.306503625,1,"Geno_at_37"
"Gm15964","ENSMUSG00000085337.1",-0.0352465859,1.10986318,-0.271039535,0.788245229,1,"Geno_at_37"
"Taf4b","ENSMUSG00000054321.7",-0.0352462659,5.94086101,-0.475823792,0.639482827,1,"Geno_at_37"
"Dhrs13os","ENSMUSG00000087050.1",-0.0352456393,0.0478403533,-0.244811067,0.808294989,1,"Geno_at_37"
"Ska1","ENSMUSG00000036223.16",0.0352230645,4.74426053,0.617298197,0.541766498,1,"Geno_at_37"
"Alg13","ENSMUSG00000041718.16",0.0352140086,4.95345038,0.91186103,0.369222143,1,"Geno_at_37"
"Gm30238","ENSMUSG00000103898.1",0.0352130665,1.00650835,0.234447515,0.81627075,1,"Geno_at_37"
"Dync2h1","ENSMUSG00000047193.16",0.0352129735,4.36756639,0.690503219,0.495266774,1,"Geno_at_37"
"Sdhc","ENSMUSG00000058076.12",-0.0352067646,6.4539523,-1.15402406,0.257739736,1,"Geno_at_37"
"Cox5a","ENSMUSG00000000088.7",-0.0352051052,6.6833098,-0.84975732,0.402293293,1,"Geno_at_37"
"Tmtc2","ENSMUSG00000036019.8",0.0352030325,1.94895035,0.295696324,0.76953021,1,"Geno_at_37"
"Paxbp1","ENSMUSG00000022974.12",0.0351921803,7.19530825,1.21740439,0.233084434,1,"Geno_at_37"
"Fmr1","ENSMUSG00000000838.17",0.0351903252,7.39747588,0.99426521,0.328167095,1,"Geno_at_37"
"Slc2a10","ENSMUSG00000027661.4",0.0351812108,-0.919810041,0.450119577,0.655909558,1,"Geno_at_37"
"Dnah11","ENSMUSG00000018581.15",0.0351724452,0.0531020666,0.258095963,0.798122161,1,"Geno_at_37"
"H3c11","ENSMUSG00000101972.1",-0.035167658,-0.143316298,-0.274160022,0.785869336,1,"Geno_at_37"
"Gm10241","ENSMUSG00000084838.3",0.0351661385,6.07131486,0.577419955,0.56929702,1,"Geno_at_37"
"Gm8849","ENSMUSG00000043329.4",0.035160426,-0.523738399,0.305497178,0.762129486,1,"Geno_at_37"
"Gm14584","ENSMUSG00000083798.1",-0.035149506,2.84561474,-0.434866185,0.666819382,1,"Geno_at_37"
"Gm8054","ENSMUSG00000069986.4",0.0351472966,-0.62934096,0.334227971,0.74056838,1,"Geno_at_37"
"Pitpna","ENSMUSG00000017781.17",-0.0351443308,7.63903809,-1.06537076,0.295337141,1,"Geno_at_37"
"Nadk","ENSMUSG00000029063.16",-0.0351394148,7.34025074,-1.06478911,0.295595978,1,"Geno_at_37"
"Inip","ENSMUSG00000038544.14",-0.0351305111,5.92488347,-1.02934196,0.311672114,1,"Geno_at_37"
"Atg2b","ENSMUSG00000041341.10",0.0351298587,6.57042822,0.868002421,0.392388641,1,"Geno_at_37"
"Prkacb","ENSMUSG00000005034.15",-0.0351289667,7.01827515,-1.07744714,0.28999912,1,"Geno_at_37"
"Lix1l","ENSMUSG00000049288.4",0.0351215442,2.41537507,0.45479019,0.652584186,1,"Geno_at_37"
"Cenpv","ENSMUSG00000018509.8",0.0351200433,2.68955446,0.520905235,0.606315061,1,"Geno_at_37"
"Iffo2","ENSMUSG00000041025.15",0.0351185771,5.02774159,0.721378808,0.476346481,1,"Geno_at_37"
"Lipt1","ENSMUSG00000037216.5",-0.0351119124,1.92441442,-0.365881317,0.717060306,1,"Geno_at_37"
"Gm10826","ENSMUSG00000111006.1",0.0351092854,-0.663675563,0.334041089,0.740707958,1,"Geno_at_37"
"Usp11","ENSMUSG00000031066.10",-0.035101145,4.05507593,-0.556435355,0.582103467,1,"Geno_at_37"
"Zfp536","ENSMUSG00000043456.17",-0.0350946645,-0.752273971,-0.377171689,0.70874158,1,"Geno_at_37"
"Snrpf","ENSMUSG00000020018.6",0.0350932985,4.93678069,0.701257258,0.488629257,1,"Geno_at_37"
"Gm6444","ENSMUSG00000080836.1",0.0350920661,0.68201303,0.285233094,0.777455521,1,"Geno_at_37"
"Sec11c","ENSMUSG00000024516.13",-0.0350847101,7.33459661,-1.30413969,0.202254646,1,"Geno_at_37"
"2610002M06Rik","ENSMUSG00000031242.7",0.0350725992,5.00356387,0.834517225,0.410686378,1,"Geno_at_37"
"Man1c1","ENSMUSG00000037306.13",-0.0350710747,1.28829598,-0.273249675,0.786562245,1,"Geno_at_37"
"Gm5362","ENSMUSG00000110660.1",0.0350691351,-0.361735369,0.321201056,0.750319139,1,"Geno_at_37"
"Gm10608","ENSMUSG00000111197.1",0.0350521635,-0.456004709,0.32787044,0.74532169,1,"Geno_at_37"
"Eml1","ENSMUSG00000058070.14",-0.0350518213,-0.692621956,-0.309802084,0.758885976,1,"Geno_at_37"
"Zfr","ENSMUSG00000022201.16",0.0350516557,7.39950771,1.18950838,0.243711005,1,"Geno_at_37"
"Mrps18b","ENSMUSG00000024436.16",0.0350321561,4.69600183,0.809955814,0.424441067,1,"Geno_at_37"
"Rpl7l1","ENSMUSG00000063888.7",0.0350286252,7.21966797,1.21271923,0.234844645,1,"Geno_at_37"
"Xpnpep3","ENSMUSG00000022401.12",0.0350282942,4.27871219,0.639588488,0.527368535,1,"Geno_at_37"
"Bcs1l","ENSMUSG00000026172.12",0.0350253798,3.39810755,0.539917209,0.593300531,1,"Geno_at_37"
"Gm30489","ENSMUSG00000114329.1",0.0350200939,-0.938646599,0.488487313,0.62881073,1,"Geno_at_37"
"Atp11c","ENSMUSG00000062949.13",0.0350153822,6.620573,0.839724458,0.407806402,1,"Geno_at_37"
"Bcl2l13","ENSMUSG00000009112.4",-0.0350139472,6.8147139,-1.08655759,0.286017546,1,"Geno_at_37"
"Rrp8","ENSMUSG00000030888.14",-0.0350118426,5.78364913,-1.00759371,0.3218304,1,"Geno_at_37"
"Pcgf1","ENSMUSG00000069678.10",-0.0350062977,3.07131139,-0.501377315,0.619820904,1,"Geno_at_37"
"Gm13268","ENSMUSG00000070271.7",0.0350038889,1.86328686,0.376476785,0.709252543,1,"Geno_at_37"
"Gm23802","ENSMUSG00000093306.1",0.0349964612,-0.663226448,0.363466958,0.718843833,1,"Geno_at_37"
"Sh3bp4","ENSMUSG00000036206.12",-0.0349959169,3.45535356,-0.558108836,0.580974886,1,"Geno_at_37"
"2700049A03Rik","ENSMUSG00000034601.17",0.034988523,4.89827493,0.890107328,0.380598851,1,"Geno_at_37"
"Gm38372","ENSMUSG00000103509.1",0.0349771819,2.49624582,0.340589465,0.735822509,1,"Geno_at_37"
"Fas","ENSMUSG00000024778.13",-0.0349765249,4.80908662,-0.685023961,0.498668017,1,"Geno_at_37"
"Fastkd2","ENSMUSG00000025962.15",0.034970045,5.03165203,0.762460131,0.451829778,1,"Geno_at_37"
"A430033K04Rik","ENSMUSG00000056014.15",0.0349606308,3.28663345,0.539974971,0.593261196,1,"Geno_at_37"
"Slc12a7","ENSMUSG00000017756.9",-0.0349572777,5.4540987,-0.764560401,0.450596827,1,"Geno_at_37"
"Bcl6b","ENSMUSG00000000317.11",0.0349554287,0.469065605,0.25652392,0.799324103,1,"Geno_at_37"
"Fam117a","ENSMUSG00000038893.12",-0.0349551022,3.76807372,-0.444060229,0.660234379,1,"Geno_at_37"
"C530005A16Rik","ENSMUSG00000085408.1",0.0349431877,0.757682094,0.23173707,0.818339714,1,"Geno_at_37"
"Blmh","ENSMUSG00000020840.10",-0.0349316025,6.72828672,-1.21254289,0.234911087,1,"Geno_at_37"
"Trdmt1","ENSMUSG00000026723.10",-0.0349302527,3.65005253,-0.465057165,0.645299873,1,"Geno_at_37"
"Ap3s1","ENSMUSG00000024480.9",-0.0349209165,5.31729188,-0.798804316,0.430778463,1,"Geno_at_37"
"Col4a3bp","ENSMUSG00000021669.15",0.0349205595,6.99766057,1.16188198,0.254583369,1,"Geno_at_37"
"Ank","ENSMUSG00000022265.7",-0.0349030388,4.76590501,-0.596639245,0.555292644,1,"Geno_at_37"
"Smpd1","ENSMUSG00000037049.9",0.0348940268,4.34650786,0.709358296,0.48366267,1,"Geno_at_37"
"Ascl4","ENSMUSG00000085111.3",-0.03488607,1.96973519,-0.334278287,0.740530802,1,"Geno_at_37"
"Wdr91","ENSMUSG00000058486.11",0.0348657166,4.64548112,0.732605913,0.46957114,1,"Geno_at_37"
"Flywch1","ENSMUSG00000040097.16",0.0348589151,4.31902374,0.691290049,0.494779422,1,"Geno_at_37"
"Kctd3","ENSMUSG00000026608.13",-0.0348586306,5.17634191,-0.819474174,0.419077362,1,"Geno_at_37"
"Gm13092","ENSMUSG00000085787.3",-0.0348346632,5.36947759,-0.785601313,0.438355903,1,"Geno_at_37"
"Slc7a3","ENSMUSG00000031297.14",-0.03483158,2.01691452,-0.307996944,0.76024551,1,"Geno_at_37"
"Smc1a","ENSMUSG00000041133.11",0.0348275422,8.45125564,1.06241577,0.296653781,1,"Geno_at_37"
"Cox7a2l","ENSMUSG00000024248.14",-0.0348180052,7.22820394,-1.05963632,0.297895973,1,"Geno_at_37"
"Letmd1","ENSMUSG00000037353.9",0.034813445,4.99801276,0.673103401,0.506112584,1,"Geno_at_37"
"Gm36989","ENSMUSG00000102496.1",0.0347983707,2.27897997,0.370413303,0.713716837,1,"Geno_at_37"
"mt-Tn","ENSMUSG00000064348.1",0.0347983212,1.63866183,0.290333471,0.77358917,1,"Geno_at_37"
"Muc3a","ENSMUSG00000094840.5",0.0347965016,-0.267678833,0.274818498,0.785368249,1,"Geno_at_37"
"Itm2a","ENSMUSG00000031239.5",0.0347921234,6.16217343,0.698001717,0.490925913,1,"Geno_at_37"
"Gins1","ENSMUSG00000027454.10",-0.0347881845,5.52273219,-0.875685333,0.388264748,1,"Geno_at_37"
"Arrdc2","ENSMUSG00000002910.11",-0.0347866124,3.93553805,-0.608609821,0.547433972,1,"Geno_at_37"
"Ttf2","ENSMUSG00000033222.16",0.0347806261,6.54944652,1.09236574,0.283499545,1,"Geno_at_37"
"Raly","ENSMUSG00000027593.15",-0.0347621496,8.48457608,-1.32743925,0.19452942,1,"Geno_at_37"
"Dek","ENSMUSG00000021377.15",0.0347568018,8.59379094,1.01874807,0.31659229,1,"Geno_at_37"
"Arf5","ENSMUSG00000020440.13",-0.0347490846,6.74755295,-0.923423446,0.363266661,1,"Geno_at_37"
"Gm37261","ENSMUSG00000103527.1",0.0347467787,3.14553889,0.344634156,0.733002055,1,"Geno_at_37"
"Clip3","ENSMUSG00000013921.15",-0.0347443664,0.837338204,-0.271982518,0.787527035,1,"Geno_at_37"
"Ddrgk1","ENSMUSG00000068290.11",-0.0347391226,5.73063641,-0.807297555,0.425946534,1,"Geno_at_37"
"Lzts1","ENSMUSG00000036306.13",0.0347369506,0.713114391,0.260286855,0.796447902,1,"Geno_at_37"
"Gm13842","ENSMUSG00000084992.1",-0.034732233,1.00858575,-0.296468003,0.768946696,1,"Geno_at_37"
"Klrg2","ENSMUSG00000071537.6",0.0347314449,0.837247859,0.254810961,0.800634355,1,"Geno_at_37"
"Mms22l","ENSMUSG00000045751.16",0.0347245951,6.22330059,0.727208615,0.472922209,1,"Geno_at_37"
"Smad5","ENSMUSG00000021540.16",0.0347215837,5.91210546,0.906864962,0.371815124,1,"Geno_at_37"
"Htr2a","ENSMUSG00000034997.5",-0.0347207422,-0.961651845,-0.489476457,0.628118798,1,"Geno_at_37"
"Thoc2","ENSMUSG00000037475.15",0.03471995,7.46224797,1.06818442,0.294087298,1,"Geno_at_37"
"4833438C02Rik","ENSMUSG00000118087.1",-0.0347062174,3.23013067,-0.441195963,0.662282904,1,"Geno_at_37"
"AA467197","ENSMUSG00000033213.16",-0.0346986682,3.21380946,-0.171210995,0.866129511,1,"Geno_at_37"
"Rgs9","ENSMUSG00000020599.13",-0.0346951617,3.55504938,-0.443546027,0.66060194,1,"Geno_at_37"
"Isoc2b","ENSMUSG00000052605.12",0.0346931145,3.27634653,0.515907674,0.609758277,1,"Geno_at_37"
"Lrrc20","ENSMUSG00000037151.8",-0.0346827454,2.98285161,-0.362982651,0.719201793,1,"Geno_at_37"
"Tmem186","ENSMUSG00000043140.10",-0.0346724234,4.78785745,-0.75896419,0.453886491,1,"Geno_at_37"
"Prdx4","ENSMUSG00000025289.15",-0.0346723794,6.27529634,-0.758686503,0.454050096,1,"Geno_at_37"
"Il27","ENSMUSG00000044701.5",-0.0346676172,-0.82102223,-0.434478868,0.667097386,1,"Geno_at_37"
"Zfp410","ENSMUSG00000042472.11",0.0346645525,6.26373945,1.13970112,0.263566188,1,"Geno_at_37"
"Ppm1f","ENSMUSG00000026181.13",0.0346625711,6.31785755,1.06249577,0.296618083,1,"Geno_at_37"
"Zfp160","ENSMUSG00000067942.6",0.0346621516,5.3880811,0.864931639,0.394044703,1,"Geno_at_37"
"Tsnaxip1","ENSMUSG00000031893.7",-0.0346518784,-0.0878144875,-0.32967661,0.743970231,1,"Geno_at_37"
"Gm11221","ENSMUSG00000082998.3",0.0346507098,4.47365038,0.690847837,0.495053289,1,"Geno_at_37"
"Otud7b","ENSMUSG00000038495.14",0.034645969,6.59159422,0.952516746,0.348562769,1,"Geno_at_37"
"Exd2","ENSMUSG00000032705.9",0.0346455195,5.01613757,0.755980592,0.455646168,1,"Geno_at_37"
"Tspan3","ENSMUSG00000032324.11",0.0346435294,5.01436396,0.617571259,0.541588879,1,"Geno_at_37"
"Cox4i1","ENSMUSG00000031818.12",0.034643003,8.03862136,1.13688667,0.264722234,1,"Geno_at_37"
"Pole4","ENSMUSG00000030042.15",0.0346426144,6.16318714,0.969576845,0.340127967,1,"Geno_at_37"
"Tmcc1","ENSMUSG00000030126.17",-0.034642071,6.43060129,-0.90848081,0.370975196,1,"Geno_at_37"
"Brf1","ENSMUSG00000011158.8",-0.0346419738,6.17459308,-0.998331479,0.326224931,1,"Geno_at_37"
"Pms1","ENSMUSG00000026098.13",0.0346298185,4.0659585,0.490401263,0.627472182,1,"Geno_at_37"
"P3h1","ENSMUSG00000028641.16",-0.0346208841,2.86897696,-0.426814475,0.672608492,1,"Geno_at_37"
"Smpd5","ENSMUSG00000071724.5",0.0346145965,3.16522371,0.373671706,0.711323821,1,"Geno_at_37"
"Met","ENSMUSG00000009376.15",-0.0346140106,-0.770695745,-0.335661742,0.739497829,1,"Geno_at_37"
"Clta","ENSMUSG00000028478.18",-0.0346096216,6.97132229,-0.921271111,0.364370457,1,"Geno_at_37"
"Isoc1","ENSMUSG00000024601.9",0.0346029164,6.83389997,1.0293507,0.311668075,1,"Geno_at_37"
"Gm6123","ENSMUSG00000103922.1",-0.0345952266,3.51345242,-0.560179305,0.579580072,1,"Geno_at_37"
"Tbx21","ENSMUSG00000001444.2",-0.0345878244,5.08928044,-0.235097994,0.817057096,1,"Geno_at_37"
"C030037D09Rik","ENSMUSG00000087574.1",0.0345844206,1.22860061,0.305459012,0.762158262,1,"Geno_at_37"
"Edc4","ENSMUSG00000036270.16",-0.0345832266,6.8987639,-1.27350864,0.212765578,1,"Geno_at_37"
"Lnx2","ENSMUSG00000016520.7",-0.0345801631,6.09618198,-0.93562858,0.357049083,1,"Geno_at_37"
"Ahcyl2","ENSMUSG00000029772.17",0.0345793847,7.19692185,0.994173405,0.328211034,1,"Geno_at_37"
"Pla2g4a","ENSMUSG00000056220.14",-0.0345735597,-0.924411009,-0.46228417,0.647263799,1,"Geno_at_37"
"Rps27a-ps2","ENSMUSG00000058838.9",0.0345680075,0.454807386,0.303260767,0.763816239,1,"Geno_at_37"
"Nsmce4a","ENSMUSG00000040331.16",-0.034566235,6.8813144,-1.09585718,0.281993522,1,"Geno_at_37"
"Luc7l3","ENSMUSG00000020863.15",-0.0345501781,8.18792759,-1.04670345,0.303723945,1,"Geno_at_37"
"Gm9790","ENSMUSG00000044330.8",-0.0345466067,3.88300285,-0.38697163,0.701988664,1,"Geno_at_37"
"Gm12338","ENSMUSG00000081485.5",0.0345408483,6.03057603,0.951198313,0.349220395,1,"Geno_at_37"
"Trappc1","ENSMUSG00000049299.14",-0.0345341308,4.95949925,-0.828491771,0.414034699,1,"Geno_at_37"
"G6pdx","ENSMUSG00000031400.10",-0.0345329943,6.18389831,-0.993785149,0.328396905,1,"Geno_at_37"
"Bzw1","ENSMUSG00000051223.14",0.0345328106,9.25820066,1.09122808,0.283991506,1,"Geno_at_37"
"Ddx19a","ENSMUSG00000015023.7",-0.0345300174,6.76312299,-1.16441832,0.253570633,1,"Geno_at_37"
"Gm14131","ENSMUSG00000081470.1",-0.0345299943,-0.560337882,-0.345984933,0.731805606,1,"Geno_at_37"
"Gla","ENSMUSG00000031266.7",-0.0345254559,3.71316654,-0.573320019,0.570766281,1,"Geno_at_37"
"Dele1","ENSMUSG00000024442.6",-0.0345253197,5.39814236,-0.865201051,0.393899232,1,"Geno_at_37"
"Gm8290","ENSMUSG00000111985.1",0.0345248261,-0.380589369,0.262645255,0.794646737,1,"Geno_at_37"
"Cox5b-ps","ENSMUSG00000079941.1",0.0345093708,4.24598635,0.607487558,0.548168273,1,"Geno_at_37"
"Hira","ENSMUSG00000022702.16",-0.0345064724,4.77534198,-0.74340202,0.46310904,1,"Geno_at_37"
"Cep57l1","ENSMUSG00000019813.16",0.0345036037,4.59379798,0.60780574,0.547960033,1,"Geno_at_37"
"Magt1","ENSMUSG00000031232.17",0.0344859911,6.10789738,0.945465457,0.352089534,1,"Geno_at_37"
"Gm44419","ENSMUSG00000107968.1",0.0344606761,0.61426508,0.268723524,0.790009946,1,"Geno_at_37"
"Rspry1","ENSMUSG00000050079.10",0.0344586157,5.73157549,0.942823133,0.353417214,1,"Geno_at_37"
"Gm20750","ENSMUSG00000104401.1",-0.0344537278,-0.653950628,-0.342487836,0.734408306,1,"Geno_at_37"
"Gmcl1","ENSMUSG00000001157.13",0.0344479925,5.07320886,0.785352349,0.438499558,1,"Geno_at_37"
"Gm37646","ENSMUSG00000103191.1",0.0344456689,-0.487101298,0.325398354,0.747172752,1,"Geno_at_37"
"Zfp672","ENSMUSG00000049755.14",-0.0344413167,4.68539548,-0.664940737,0.511245549,1,"Geno_at_37"
"Psme1","ENSMUSG00000022216.17",-0.0344411514,7.92336047,-1.01379825,0.31890944,1,"Geno_at_37"
"2900089D17Rik","ENSMUSG00000087484.1",0.0344409547,0.752699828,0.272526681,0.787112677,1,"Geno_at_37"
"Sclt1","ENSMUSG00000059834.12",0.0344402243,4.94225361,0.744814269,0.462267597,1,"Geno_at_37"
"Gm7932","ENSMUSG00000108084.1",0.034435113,-0.923509376,0.421703544,0.676293852,1,"Geno_at_37"
"Zfp292","ENSMUSG00000039967.14",0.034430968,7.20799258,0.805617968,0.426969493,1,"Geno_at_37"
"Rab43","ENSMUSG00000030055.16",-0.0344258397,1.01169823,-0.280515645,0.781036762,1,"Geno_at_37"
"Gm10353","ENSMUSG00000114220.1",-0.0344102873,-0.0565086377,-0.302626144,0.764295101,1,"Geno_at_37"
"Hpcal4","ENSMUSG00000046093.9",-0.0344053184,-0.419199834,-0.289741122,0.7740379,1,"Geno_at_37"
"Flrt2","ENSMUSG00000047414.6",0.0344028654,-0.890766549,0.40322188,0.689688119,1,"Geno_at_37"
"Scyl1","ENSMUSG00000024941.9",-0.0343966652,5.70983545,-0.939134592,0.355276142,1,"Geno_at_37"
"P2ry1","ENSMUSG00000027765.6",-0.0343965176,4.43003513,-0.423720371,0.675508683,1,"Geno_at_37"
"Ube2cbp","ENSMUSG00000032415.14",0.0343943394,2.95260793,0.409445355,0.685166066,1,"Geno_at_37"
"Cenpm","ENSMUSG00000068101.11",0.0343938011,4.09681295,0.586807924,0.561789968,1,"Geno_at_37"
"1810006J02Rik","ENSMUSG00000100182.6",-0.0343770414,-0.319235097,-0.274585603,0.785545467,1,"Geno_at_37"
"Gss","ENSMUSG00000027610.17",0.0343612684,4.04598087,0.738571253,0.465994074,1,"Geno_at_37"
"Slc25a26","ENSMUSG00000045100.11",0.0343541515,3.56427288,0.613359924,0.544331636,1,"Geno_at_37"
"Gm37809","ENSMUSG00000103846.1",0.0343479864,-0.514248583,0.305337841,0.762249623,1,"Geno_at_37"
"Anxa11os","ENSMUSG00000098609.1",-0.0343467966,-0.398790146,-0.277299856,0.783480828,1,"Geno_at_37"
"Atg14","ENSMUSG00000037526.7",-0.0343442116,4.42050346,-0.65459484,0.517792275,1,"Geno_at_37"
"Aasdhppt","ENSMUSG00000025894.11",-0.0343379672,5.198219,-0.810098823,0.424360169,1,"Geno_at_37"
"Prss30","ENSMUSG00000024124.10",0.0343361928,-0.978852131,0.484886275,0.631332646,1,"Geno_at_37"
"Pgm3","ENSMUSG00000056131.13",-0.0343308511,4.02825808,-0.667017751,0.509936745,1,"Geno_at_37"
"Gm2962","ENSMUSG00000089838.1",-0.0343287877,4.20708365,-0.615242433,0.543104699,1,"Geno_at_37"
"Sh2b3","ENSMUSG00000042594.16",0.0343273139,5.99848938,0.619197893,0.541218829,1,"Geno_at_37"
"Hint2","ENSMUSG00000028470.10",-0.0343270996,2.41063801,-0.362977143,0.719205865,1,"Geno_at_37"
"Cfap53","ENSMUSG00000035394.11",-0.0343263455,-0.0041347614,-0.270624196,0.788561619,1,"Geno_at_37"
"Mthfr","ENSMUSG00000029009.17",-0.0343193093,5.1322032,-0.705788511,0.485847679,1,"Geno_at_37"
"Ninj1","ENSMUSG00000037966.15",-0.0343178986,5.83367365,-0.851214012,0.401496757,1,"Geno_at_37"
"Gm38368","ENSMUSG00000104427.1",0.0343084213,-0.571002926,0.284148518,0.778278438,1,"Geno_at_37"
"Ranbp9","ENSMUSG00000038546.9",-0.034302846,6.91932893,-1.03429882,0.309388266,1,"Geno_at_37"
"Abcb1b","ENSMUSG00000028970.9",0.034301504,4.76017701,0.533125984,0.598090177,1,"Geno_at_37"
"Gm15148","ENSMUSG00000082423.1",0.0342906593,-0.132005825,0.324584288,0.74778265,1,"Geno_at_37"
"Gm18913","ENSMUSG00000107596.1",-0.0342860522,1.3935046,-0.30127235,0.765316939,1,"Geno_at_37"
"Gnl3l","ENSMUSG00000025266.11",0.034284369,6.39493798,1.02926951,0.311705578,1,"Geno_at_37"
"Mrps6","ENSMUSG00000039680.10",-0.0342840464,5.68255356,-0.845129966,0.404830187,1,"Geno_at_37"
"Clasrp","ENSMUSG00000061028.7",-0.0342816007,6.08562965,-0.555107543,0.584280561,1,"Geno_at_37"
"Dgcr6","ENSMUSG00000003531.15",-0.0342814399,3.86327708,-0.655141633,0.517445135,1,"Geno_at_37"
"Gm47857","ENSMUSG00000110903.1",-0.0342748746,-0.284639838,-0.289034158,0.77457356,1,"Geno_at_37"
"Nagpa","ENSMUSG00000023143.10",-0.0342668938,4.4833774,-0.66717854,0.509835502,1,"Geno_at_37"
"Zfp280c","ENSMUSG00000036916.13",-0.0342666324,5.80415565,-0.687974596,0.496835561,1,"Geno_at_37"
"Nkap","ENSMUSG00000016409.4",0.0342594404,5.08689964,0.792820938,0.434202489,1,"Geno_at_37"
"Syt7","ENSMUSG00000024743.16",0.0342589071,-0.698065846,0.317784888,0.752883203,1,"Geno_at_37"
"Tet3","ENSMUSG00000034832.15",0.0342549358,7.66629505,0.823491419,0.416974234,1,"Geno_at_37"
"Gm49376","ENSMUSG00000112368.1",0.0342534123,0.640534213,0.255517941,0.80009351,1,"Geno_at_37"
"Atp5o","ENSMUSG00000022956.11",-0.0342533823,5.73045331,-0.888380286,0.381511662,1,"Geno_at_37"
"Gm17509","ENSMUSG00000091423.2",0.0342477757,-0.620009125,0.343694656,0.733509771,1,"Geno_at_37"
"Mrpl44","ENSMUSG00000026248.9",-0.0342465428,5.02256148,-0.721541967,0.476247616,1,"Geno_at_37"
"Myg1","ENSMUSG00000001285.12",-0.0342386595,5.54118804,-0.921780605,0.364108971,1,"Geno_at_37"
"Gm13328","ENSMUSG00000081128.1",-0.0342356856,3.91070491,-0.527764832,0.601603886,1,"Geno_at_37"
"Pdgfc","ENSMUSG00000028019.9",-0.0342343143,2.09762784,-0.229791827,0.82024262,1,"Geno_at_37"
"A330040F15Rik","ENSMUSG00000086213.2",-0.0342290844,0.317096509,-0.27426249,0.785791354,1,"Geno_at_37"
"Igtp","ENSMUSG00000078853.8",-0.0342286558,9.06607638,-0.5831861,0.566703838,1,"Geno_at_37"
"Polr1b","ENSMUSG00000027395.15",0.0342260611,6.581573,0.940390116,0.354642664,1,"Geno_at_37"
"Gm18194","ENSMUSG00000109724.1",-0.0342241156,0.618098525,-0.29664506,0.768812832,1,"Geno_at_37"
"Gm27598","ENSMUSG00000098995.1",0.0342197978,-0.587339794,0.308994667,0.759493983,1,"Geno_at_37"
"Gm30211","ENSMUSG00000105646.1",0.0342067597,-0.885916851,0.371041201,0.713254059,1,"Geno_at_37"
"Tpi-rs11","ENSMUSG00000106755.1",0.0342031956,3.20832299,0.39825846,0.693302982,1,"Geno_at_37"
"Coq10b","ENSMUSG00000025981.13",0.0342023537,4.69919641,0.324785161,0.74904154,1,"Geno_at_37"
"Catsperd","ENSMUSG00000040828.10",0.0341997831,-0.306823339,0.28032352,0.781182717,1,"Geno_at_37"
"Med6","ENSMUSG00000002679.14",0.0341985308,4.35029803,0.665733663,0.510745679,1,"Geno_at_37"
"Pla2g4c-ps","ENSMUSG00000108293.1",0.0341937696,-0.836506802,0.386434301,0.70194402,1,"Geno_at_37"
"Crbn","ENSMUSG00000005362.14",-0.03419213,6.05636975,-0.973630681,0.338144068,1,"Geno_at_37"
"Gm33280","ENSMUSG00000102202.1",0.034190543,0.33425979,0.286363388,0.776598196,1,"Geno_at_37"
"Med18","ENSMUSG00000066042.4",0.0341825037,3.81282274,0.569492675,0.573326436,1,"Geno_at_37"
"Gm12171","ENSMUSG00000086981.2",-0.0341794509,-0.567844051,-0.336775773,0.738666383,1,"Geno_at_37"
"Espn","ENSMUSG00000028943.18",0.0341726866,5.8931667,0.60666189,0.549378996,1,"Geno_at_37"
"Sae1","ENSMUSG00000052833.9",0.0341700171,8.27689557,0.946182146,0.351729995,1,"Geno_at_37"
"Mir6481","ENSMUSG00000098918.1",0.0341687847,-0.71449877,0.34329976,0.733803748,1,"Geno_at_37"
"Igf2bp3","ENSMUSG00000029814.10",-0.0341674144,4.66682622,-0.577881581,0.567722496,1,"Geno_at_37"
"Dnah17","ENSMUSG00000033987.16",-0.0341619891,3.20591162,-0.425182813,0.673784148,1,"Geno_at_37"
"Amn","ENSMUSG00000021278.7",-0.0341588264,-0.0651158331,-0.274486751,0.78562069,1,"Geno_at_37"
"Dapk2","ENSMUSG00000032380.9",-0.0341578041,-0.155861776,-0.274985991,0.785240805,1,"Geno_at_37"
"Gm15556","ENSMUSG00000085932.1",-0.034154291,-0.106441072,-0.326684737,0.746209335,1,"Geno_at_37"
"Ubqln2","ENSMUSG00000050148.9",-0.0341435028,5.3982254,-0.770789357,0.446951959,1,"Geno_at_37"
"Gm48887","ENSMUSG00000113922.1",-0.0341354417,-0.352703735,-0.278030698,0.782925175,1,"Geno_at_37"
"St14","ENSMUSG00000031995.9",-0.0341284593,5.41526021,-0.679375506,0.502187913,1,"Geno_at_37"
"Gm48823","ENSMUSG00000113699.1",0.0341260047,-0.975793439,0.476727905,0.637062881,1,"Geno_at_37"
"Zic5","ENSMUSG00000041703.7",0.0341260047,-0.957133191,0.42079901,0.676946941,1,"Geno_at_37"
"Dgat2","ENSMUSG00000030747.5",-0.0341178628,2.98397804,-0.321912209,0.749984798,1,"Geno_at_37"
"Sdhd","ENSMUSG00000000171.5",-0.0341169549,6.76650156,-1.06052277,0.297499403,1,"Geno_at_37"
"Ccdc157","ENSMUSG00000051427.14",-0.0341118061,3.57206077,-0.532302494,0.598496989,1,"Geno_at_37"
"Ube2j2","ENSMUSG00000023286.16",-0.0341043305,5.85619264,-0.895516988,0.377748764,1,"Geno_at_37"
"Scd2","ENSMUSG00000025203.6",0.0341021211,10.5298939,0.595138923,0.559165285,1,"Geno_at_37"
"Mir7688","ENSMUSG00000098679.1",0.0341016629,-0.539163472,0.33988942,0.736344249,1,"Geno_at_37"
"Pmp22","ENSMUSG00000018217.12",0.0340874527,-0.419730021,0.304574889,0.762824955,1,"Geno_at_37"
"Gm43682","ENSMUSG00000107019.1",-0.034085971,0.949829536,-0.31957219,0.751541353,1,"Geno_at_37"
"Cpd","ENSMUSG00000020841.5",-0.0340806266,9.20187264,-1.13207898,0.266705494,1,"Geno_at_37"
"Kmt2e","ENSMUSG00000029004.15",-0.0340765985,7.56605888,-0.960410577,0.344642692,1,"Geno_at_37"
"Noc4l","ENSMUSG00000033294.11",-0.0340755684,6.96213403,-0.963004659,0.34336095,1,"Geno_at_37"
"Gm7008","ENSMUSG00000035983.4",-0.0340740624,-0.58035523,-0.288414447,0.775043203,1,"Geno_at_37"
"Map4k5","ENSMUSG00000034761.15",-0.034068767,3.36177635,-0.501934879,0.619433375,1,"Geno_at_37"
"Ttc23","ENSMUSG00000030555.16",-0.0340625439,0.626532547,-0.266741789,0.791520858,1,"Geno_at_37"
"Gm11100","ENSMUSG00000079357.9",0.0340494948,-0.0642853638,0.264619322,0.79313998,1,"Geno_at_37"
"Prdm1","ENSMUSG00000038151.13",0.034045774,2.22754779,0.329888755,0.743811548,1,"Geno_at_37"
"Tspan14","ENSMUSG00000037824.6",-0.0340415486,6.34860405,-0.876780573,0.387679134,1,"Geno_at_37"
"Gm7525","ENSMUSG00000112698.1",0.0340345879,-0.400041718,0.286551749,0.776455352,1,"Geno_at_37"
"Slc17a6","ENSMUSG00000030500.6",0.0340255775,-0.89609129,0.310535905,0.758333526,1,"Geno_at_37"
"Parp8","ENSMUSG00000021725.9",0.0340235282,4.04562668,0.545774563,0.589318177,1,"Geno_at_37"
"Gm30584","ENSMUSG00000115305.1",-0.0340202859,-0.597854333,-0.422727442,0.675554888,1,"Geno_at_37"
"Rnf41","ENSMUSG00000025373.14",0.0340098499,4.86867099,0.695232766,0.49234142,1,"Geno_at_37"
"Crmp1","ENSMUSG00000029121.16",-0.034001458,5.66854319,-0.603086454,0.55150532,1,"Geno_at_37"
"Lncenc1","ENSMUSG00000078952.9",-0.0340005681,-0.582303557,-0.327013252,0.745963365,1,"Geno_at_37"
"Glt8d1","ENSMUSG00000021916.16",-0.0339910356,3.83929614,-0.558224125,0.580897175,1,"Geno_at_37"
"Zfp518b","ENSMUSG00000046572.10",-0.0339893148,3.22712557,-0.538955463,0.593955649,1,"Geno_at_37"
"Atg4c","ENSMUSG00000028550.15",0.0339795863,0.671332864,0.277584153,0.783264665,1,"Geno_at_37"
"Gpi-ps","ENSMUSG00000043192.4",-0.033969268,7.01157207,-0.532482371,0.600303886,1,"Geno_at_37"
"Plekha3","ENSMUSG00000002733.8",-0.0339633294,5.75897945,-0.710006879,0.483266284,1,"Geno_at_37"
"Clpx","ENSMUSG00000015357.10",0.0339535771,6.25633649,0.819516518,0.419053595,1,"Geno_at_37"
"Papolg","ENSMUSG00000020273.13",-0.0339508887,5.94532589,-1.01338179,0.319104924,1,"Geno_at_37"
"Rnf170","ENSMUSG00000013878.18",0.0339503083,4.11164522,0.584877515,0.563070261,1,"Geno_at_37"
"Ezh2","ENSMUSG00000029687.16",0.0339473176,8.10700812,0.868648904,0.392040561,1,"Geno_at_37"
"Cytip","ENSMUSG00000026832.12",-0.0339385393,8.71008955,-0.800012465,0.430898915,1,"Geno_at_37"
"Strn4","ENSMUSG00000030374.15",-0.0339384863,6.55520471,-1.16477832,0.253427126,1,"Geno_at_37"
"Gins3","ENSMUSG00000031669.10",0.0339374585,4.77883183,0.70473976,0.486490668,1,"Geno_at_37"
"Gm3436","ENSMUSG00000096160.2",-0.0339365127,3.135248,-0.455426154,0.652131953,1,"Geno_at_37"
"Gm20735","ENSMUSG00000110656.1",-0.0339344312,1.48375888,-0.28507244,0.7775774,1,"Geno_at_37"
"Rps7-ps3","ENSMUSG00000095597.2",-0.0339337753,8.80053051,-0.948853537,0.350392001,1,"Geno_at_37"
"Fgf7","ENSMUSG00000027208.14",-0.0339303097,-0.677159352,-0.387715805,0.701005517,1,"Geno_at_37"
"Gm37472","ENSMUSG00000102151.1",0.0339205786,0.59183325,0.228816427,0.820587995,1,"Geno_at_37"
"Eef1a1","ENSMUSG00000037742.14",-0.0339172342,13.237652,-1.30965052,0.20040656,1,"Geno_at_37"
"Gucy1b1","ENSMUSG00000028005.13",0.033908373,3.12334797,0.45036718,0.655733089,1,"Geno_at_37"
"Hebp1","ENSMUSG00000042770.8",-0.0339040613,-0.500511309,-0.296907853,0.76861416,1,"Geno_at_37"
"Mphosph6","ENSMUSG00000031843.2",-0.033903833,5.15254607,-0.775076263,0.444453755,1,"Geno_at_37"
"Crls1","ENSMUSG00000027357.16",-0.0339021758,4.97521179,-0.880931252,0.385464945,1,"Geno_at_37"
"Pars2","ENSMUSG00000043572.7",-0.0338985122,3.57866778,-0.496775445,0.623023613,1,"Geno_at_37"
"AU040320","ENSMUSG00000028830.14",0.033890717,5.22909503,0.842023471,0.406538918,1,"Geno_at_37"
"E030022I16Rik","ENSMUSG00000111264.1",-0.0338863819,2.59480383,-0.210665483,0.835321371,1,"Geno_at_37"
"Zcrb1","ENSMUSG00000022635.9",-0.0338852974,5.60458156,-0.777132822,0.443258269,1,"Geno_at_37"
"Kbtbd2","ENSMUSG00000059486.11",-0.0338843143,6.061735,-0.751575596,0.458251527,1,"Geno_at_37"
"Gm47773","ENSMUSG00000114285.1",-0.0338722001,-0.4947093,-0.343589778,0.733587843,1,"Geno_at_37"
"Cep57","ENSMUSG00000031922.12",-0.0338651081,6.31164592,-1.00438978,0.323345914,1,"Geno_at_37"
"Map1lc3b","ENSMUSG00000031812.16",-0.0338570422,6.66261054,-1.0155403,0.318092611,1,"Geno_at_37"
"Gm5576","ENSMUSG00000108045.1",-0.0338552697,3.24395207,-0.11431415,0.91039183,1,"Geno_at_37"
"Rap1gap2","ENSMUSG00000038807.19",-0.0338526643,1.69443037,-0.254267936,0.801079326,1,"Geno_at_37"
"Spryd7","ENSMUSG00000021930.14",0.0338497989,3.04041472,0.496296702,0.623357231,1,"Geno_at_37"
"Zfp24","ENSMUSG00000051469.14",-0.0338460609,5.92306483,-0.838075395,0.408717081,1,"Geno_at_37"
"Prox2","ENSMUSG00000042320.17",-0.0338445168,2.1524703,-0.296618063,0.768833242,1,"Geno_at_37"
"Gm12224","ENSMUSG00000085888.7",0.0338436178,0.703889813,0.26365776,0.793873815,1,"Geno_at_37"
"Rnf6","ENSMUSG00000029634.15",-0.0338263021,5.88829886,-0.91685818,0.366640455,1,"Geno_at_37"
"9930111J21Rik1","ENSMUSG00000069893.10",-0.0338241785,4.39967884,-0.35976006,0.722624062,1,"Geno_at_37"
"Klra5","ENSMUSG00000030173.15",0.0338116747,-0.54905774,0.303513743,0.763625379,1,"Geno_at_37"
"Derl2","ENSMUSG00000018442.13",0.0338027533,6.01448999,0.979401298,0.335333499,1,"Geno_at_37"
"Mrpl18","ENSMUSG00000057388.9",0.0337972742,5.92293308,0.879381082,0.386290934,1,"Geno_at_37"
"Gm45930","ENSMUSG00000113681.1",-0.0337911827,-0.43599353,-0.322286458,0.749505076,1,"Geno_at_37"
"Spred1","ENSMUSG00000027351.14",-0.0337907198,6.291008,-0.851796461,0.401178546,1,"Geno_at_37"
"Kansl1","ENSMUSG00000018412.16",-0.0337899522,7.04973172,-1.0334276,0.309788832,1,"Geno_at_37"
"Zfp710","ENSMUSG00000048897.15",-0.0337891121,3.47155907,-0.483883578,0.63203567,1,"Geno_at_37"
"Maea","ENSMUSG00000079562.7",0.0337842132,6.74581012,1.18367617,0.245977256,1,"Geno_at_37"
"Gm15247","ENSMUSG00000086695.1",-0.0337792555,0.687695256,-0.114612114,0.910079327,1,"Geno_at_37"
"Adam15","ENSMUSG00000028041.17",-0.033765415,4.5419489,-0.585965012,0.562348825,1,"Geno_at_37"
"Gm45209","ENSMUSG00000109035.1",-0.0337624147,-0.72402098,-0.313649475,0.755990947,1,"Geno_at_37"
"Zfp711","ENSMUSG00000025529.14",-0.0337619724,-0.566685915,-0.283282678,0.778935577,1,"Geno_at_37"
"Iars","ENSMUSG00000037851.13",0.0337533326,7.82858627,0.836277492,0.409756312,1,"Geno_at_37"
"Clstn1","ENSMUSG00000039953.13",0.0337526695,4.33385903,0.668913223,0.508743947,1,"Geno_at_37"
"Zfp251","ENSMUSG00000022526.8",0.033741152,5.02130897,0.601993065,0.551770711,1,"Geno_at_37"
"Rpl6","ENSMUSG00000029614.13",-0.0337399697,8.34141895,-0.998305185,0.326237465,1,"Geno_at_37"
"Cgrrf1","ENSMUSG00000055128.15",0.0337392887,3.60451301,0.567281635,0.574808032,1,"Geno_at_37"
"Hyou1","ENSMUSG00000032115.14",0.0337381995,7.77932295,1.05656405,0.299273277,1,"Geno_at_37"
"Trnau1ap","ENSMUSG00000028898.15",0.0337318628,4.70659337,0.649303448,0.521158135,1,"Geno_at_37"
"Erp29","ENSMUSG00000029616.9",-0.0337253196,6.9899664,-1.05980379,0.297821022,1,"Geno_at_37"
"Hyls1","ENSMUSG00000050555.9",-0.0337245902,5.03142874,-0.759425359,0.453614861,1,"Geno_at_37"
"Gm9795","ENSMUSG00000045048.7",0.0337229612,0.513335058,0.294778141,0.770224684,1,"Geno_at_37"
"2810428J06Rik","ENSMUSG00000105981.1",0.033720798,0.649747475,0.270024453,0.789018545,1,"Geno_at_37"
"Samd3","ENSMUSG00000051354.14",0.0337192488,-0.549073234,0.32790778,0.745293742,1,"Geno_at_37"
"C030034I22Rik","ENSMUSG00000073374.3",0.0337039406,1.77316676,0.335375658,0.739711396,1,"Geno_at_37"
"Cfap45","ENSMUSG00000026546.16",0.033700322,-0.632656805,0.354426174,0.725536651,1,"Geno_at_37"
"Rgs3","ENSMUSG00000059810.18",-0.0336902181,6.85446818,-0.910442658,0.36995708,1,"Geno_at_37"
"Atp2c1","ENSMUSG00000032570.17",0.0336891729,7.06792887,0.94633925,0.351651214,1,"Geno_at_37"
"Gm5184","ENSMUSG00000112650.1",-0.033686208,-0.246340604,-0.321763059,0.749897594,1,"Geno_at_37"
"Zbtb12","ENSMUSG00000049823.9",0.033683643,2.13945011,0.38986566,0.699432161,1,"Geno_at_37"
"Pan3","ENSMUSG00000029647.15",-0.0336757239,7.28729254,-1.09064076,0.284245721,1,"Geno_at_37"
"Usp36","ENSMUSG00000033909.17",-0.0336747437,6.6608972,-0.699671138,0.490026361,1,"Geno_at_37"
"Pcnx","ENSMUSG00000021140.9",0.0336738961,5.69971503,0.985017472,0.332613382,1,"Geno_at_37"
"Usp12","ENSMUSG00000029640.17",0.033668686,6.21774939,0.95589134,0.346883313,1,"Geno_at_37"
"Etfa","ENSMUSG00000032314.14",0.0336566534,6.42078842,0.798327269,0.431050851,1,"Geno_at_37"
"Mef2a","ENSMUSG00000030557.17",0.0336554684,6.61706713,0.93764078,0.356030826,1,"Geno_at_37"
"Amer1","ENSMUSG00000050332.7",-0.0336477152,4.69659225,-0.598240268,0.554238225,1,"Geno_at_37"
"Erg28","ENSMUSG00000021252.11",-0.0336377289,5.84122485,-0.85650056,0.39861438,1,"Geno_at_37"
"Park7","ENSMUSG00000028964.14",0.0336284473,7.01982272,0.937681006,0.35601049,1,"Geno_at_37"
"Trp53rka","ENSMUSG00000039725.6",0.0336274521,4.10913941,0.546303209,0.588959395,1,"Geno_at_37"
"Tufm","ENSMUSG00000073838.10",0.0336213188,4.67104993,0.74584325,0.461655077,1,"Geno_at_37"
"Rad9b","ENSMUSG00000038569.13",-0.0336163192,2.02148351,-0.303935969,0.763306861,1,"Geno_at_37"
"Egf","ENSMUSG00000028017.7",0.0336040331,0.776271204,0.269560121,0.789372359,1,"Geno_at_37"
"Usp15","ENSMUSG00000020124.10",0.0335956944,7.05161189,1.14650568,0.260786337,1,"Geno_at_37"
"Zswim7","ENSMUSG00000014243.5",0.0335927163,2.76458658,0.408692352,0.685712581,1,"Geno_at_37"
"1700054A03Rik","ENSMUSG00000099988.7",-0.03359207,-0.52586594,-0.300457968,0.765931838,1,"Geno_at_37"
"Fundc2","ENSMUSG00000031198.4",-0.0335691739,6.50690551,-1.10799953,0.276800405,1,"Geno_at_37"
"Hmgxb3","ENSMUSG00000024622.8",0.033568172,5.63815361,0.855360907,0.399234642,1,"Geno_at_37"
"Kcnn1","ENSMUSG00000002908.17",0.0335677546,-0.645915874,0.324088466,0.7481542,1,"Geno_at_37"
"Gm6682","ENSMUSG00000091269.2",0.0335644002,2.55457329,0.442575498,0.661295926,1,"Geno_at_37"
"L2hgdh","ENSMUSG00000020988.9",-0.0335630427,4.32463327,-0.648965396,0.521373573,1,"Geno_at_37"
"Gm44185","ENSMUSG00000107841.1",-0.0335374652,-0.577697722,-0.353931316,0.725903633,1,"Geno_at_37"
"Gm5619","ENSMUSG00000099980.1",0.0335312009,0.360604136,0.250130933,0.804217132,1,"Geno_at_37"
"Cpsf3","ENSMUSG00000054309.9",-0.0335285829,6.74068089,-0.985818084,0.33222684,1,"Geno_at_37"
"Sqstm1","ENSMUSG00000015837.15",-0.0335014563,7.12833488,-0.937607903,0.356047448,1,"Geno_at_37"
"H2ac15","ENSMUSG00000063021.3",-0.0334702643,-0.038716951,-0.26512088,0.792757282,1,"Geno_at_37"
"Immp2l","ENSMUSG00000056899.10",0.0334472833,1.77757203,0.33969362,0.736490201,1,"Geno_at_37"
"Ptpn11","ENSMUSG00000043733.14",0.0334373596,7.28702747,1.17805205,0.24817733,1,"Geno_at_37"
"Ing3","ENSMUSG00000029670.12",-0.0334345019,5.38432953,-0.793215779,0.433976031,1,"Geno_at_37"
"Zgrf1","ENSMUSG00000051278.12",0.0334241038,5.63088647,0.711116392,0.48258863,1,"Geno_at_37"
"Bicra","ENSMUSG00000070808.4",-0.0334069238,5.26358882,-0.636861787,0.52911872,1,"Geno_at_37"
"Herc6","ENSMUSG00000029798.11",0.0333912341,3.68629971,0.449689348,0.656216233,1,"Geno_at_37"
"Kmt2b","ENSMUSG00000006307.16",0.0333909373,7.62053782,0.940347355,0.354664227,1,"Geno_at_37"
"Ppp1r2","ENSMUSG00000047714.14",0.0333883446,5.88010078,0.907955478,0.371248131,1,"Geno_at_37"
"Gm44101","ENSMUSG00000108219.1",-0.0333831066,-0.890029413,-0.373448244,0.711481033,1,"Geno_at_37"
"Tmbim6","ENSMUSG00000023010.15",-0.0333827797,8.34080836,-1.21140618,0.235339727,1,"Geno_at_37"
"Crry-ps","ENSMUSG00000047657.6",0.0333757679,3.60247664,0.540746432,0.592735964,1,"Geno_at_37"
"Pin4","ENSMUSG00000079480.3",-0.0333727528,2.38033355,-0.409495812,0.685129451,1,"Geno_at_37"
"Galk1","ENSMUSG00000020766.4",-0.0333709907,6.78116569,-0.659415928,0.515501301,1,"Geno_at_37"
"Rplp2","ENSMUSG00000025508.13",-0.0333677475,8.39700407,-0.962138479,0.343788575,1,"Geno_at_37"
"Prpsap2","ENSMUSG00000020528.14",0.0333598861,4.77896306,0.78504101,0.438679244,1,"Geno_at_37"
"Thrap3","ENSMUSG00000043962.16",0.0333565903,8.83606714,1.32928818,0.193926265,1,"Geno_at_37"
"Foxn3","ENSMUSG00000033713.12",0.0333545102,7.34306795,0.765148278,0.450510784,1,"Geno_at_37"
"Xpo7","ENSMUSG00000022100.14",0.0333272608,7.30707736,1.19328784,0.242250656,1,"Geno_at_37"
"Rpl30","ENSMUSG00000058600.13",0.0333260305,7.32048234,1.05707431,0.299044216,1,"Geno_at_37"
"Tgfbi","ENSMUSG00000035493.10",-0.0333245227,0.334139611,-0.230517862,0.819278058,1,"Geno_at_37"
"Nrp1","ENSMUSG00000025810.9",0.0333230496,7.56991002,0.742828875,0.463976696,1,"Geno_at_37"
"BC024978","ENSMUSG00000078786.9",-0.0333123523,3.29505623,-0.500996462,0.620085675,1,"Geno_at_37"
"Nfkbiz","ENSMUSG00000035356.17",0.0333101432,5.73840095,0.235938383,0.8164265,1,"Geno_at_37"
"Foxd2","ENSMUSG00000055210.4",-0.0333078813,0.423953342,-0.293542649,0.771159462,1,"Geno_at_37"
"Slc30a9","ENSMUSG00000029221.15",-0.0333064522,5.79416134,-0.783150513,0.439771279,1,"Geno_at_37"
"Trim11","ENSMUSG00000020455.16",-0.0332897501,5.54065495,-0.820433449,0.418539134,1,"Geno_at_37"
"Gm43180","ENSMUSG00000105328.1",-0.0332865659,-0.830058399,-0.340874509,0.735610104,1,"Geno_at_37"
"Zranb1","ENSMUSG00000030967.15",-0.033283577,6.143184,-0.918000829,0.366051792,1,"Geno_at_37"
"1700030J22Rik","ENSMUSG00000031847.8",-0.0332789812,0.62400988,-0.282212046,0.779748376,1,"Geno_at_37"
"Entpd7","ENSMUSG00000025192.13",-0.033250501,3.59463421,-0.54057656,0.592851599,1,"Geno_at_37"
"Slc35a1","ENSMUSG00000028293.14",0.0332395766,5.0502056,0.757000947,0.455043925,1,"Geno_at_37"
"Parpbp","ENSMUSG00000035365.15",0.0332386913,5.18800055,0.694484816,0.492803398,1,"Geno_at_37"
"Sertad1","ENSMUSG00000008384.8",-0.0332296745,4.66971333,-0.534726202,0.59684064,1,"Geno_at_37"
"Pip4p1","ENSMUSG00000035953.14",-0.0332227147,5.59321491,-0.814256826,0.42201219,1,"Geno_at_37"
"Trp53-ps","ENSMUSG00000090704.2",0.0332199476,4.01080249,0.567696486,0.574529899,1,"Geno_at_37"
"Wdr44","ENSMUSG00000036769.14",-0.0332195278,4.47247633,-0.611401102,0.545609847,1,"Geno_at_37"
"Tedc2","ENSMUSG00000024118.14",-0.0332105155,3.73135291,-0.518809621,0.607757783,1,"Geno_at_37"
"Hs6st1","ENSMUSG00000045216.7",0.0332103085,4.76533432,0.604802665,0.549927083,1,"Geno_at_37"
"Rdx","ENSMUSG00000032050.18",0.0332048883,8.47942452,1.04206204,0.305834812,1,"Geno_at_37"
"1700047K16Rik","ENSMUSG00000087347.1",-0.0331991534,-0.239434776,-0.293672416,0.771061264,1,"Geno_at_37"
"Gm17103","ENSMUSG00000091238.1",-0.0331969537,-0.604476003,-0.314435935,0.755399604,1,"Geno_at_37"
"Tmsb4x","ENSMUSG00000049775.16",-0.0331932842,10.3541741,-1.0932397,0.283122029,1,"Geno_at_37"
"Rere","ENSMUSG00000039852.17",-0.0331739399,6.41308286,-0.839996225,0.407656443,1,"Geno_at_37"
"Amd1","ENSMUSG00000075232.6",0.0331539753,6.64336012,0.830750787,0.412777387,1,"Geno_at_37"
"Vdac3-ps1","ENSMUSG00000075053.3",0.0331489748,5.88776487,0.913505584,0.368371204,1,"Geno_at_37"
"Btbd2","ENSMUSG00000003344.14",-0.0331480756,4.70791938,-0.72187439,0.476046223,1,"Geno_at_37"
"Zc3h8","ENSMUSG00000027387.11",0.0331442512,3.56315796,0.583064324,0.56427416,1,"Geno_at_37"
"Klhl5","ENSMUSG00000054920.12",-0.0331428999,4.78645868,-0.669059591,0.508651903,1,"Geno_at_37"
"Gm37529","ENSMUSG00000103693.1",0.0331395948,0.866305673,0.261812817,0.795282359,1,"Geno_at_37"
"Gnai3","ENSMUSG00000000001.4",0.0331290584,7.7485525,1.08746021,0.285625193,1,"Geno_at_37"
"Mta3","ENSMUSG00000055817.18",-0.0331277447,6.08169007,-0.916225828,0.366966493,1,"Geno_at_37"
"4930517G19Rik","ENSMUSG00000108784.1",0.0331254403,-0.142743763,0.295912605,0.769366653,1,"Geno_at_37"
"Fgfr2","ENSMUSG00000030849.18",0.0331242504,-0.94322135,0.438596359,0.664144446,1,"Geno_at_37"
"Itpripl2","ENSMUSG00000095115.2",-0.033124153,3.90433773,-0.368150561,0.715845599,1,"Geno_at_37"
"Snrpd2","ENSMUSG00000040824.3",-0.0331236202,6.48063179,-0.961105403,0.344299062,1,"Geno_at_37"
"Tti1","ENSMUSG00000027650.12",0.0331198117,5.82585519,0.764700359,0.450514737,1,"Geno_at_37"
"Peg3","ENSMUSG00000002265.17",0.0331079372,-0.869385597,0.383777794,0.70389102,1,"Geno_at_37"
"Gm9242","ENSMUSG00000096156.1",-0.0330961435,-0.120011747,-0.228675736,0.820696337,1,"Geno_at_37"
"Tmem248","ENSMUSG00000053094.15",0.0330893185,6.30397535,0.828261236,0.414163143,1,"Geno_at_37"
"Crat","ENSMUSG00000026853.15",0.0330875163,3.15454032,0.395572154,0.695262494,1,"Geno_at_37"
"Dnaja3","ENSMUSG00000004069.17",0.0330849821,5.81447736,1.01290438,0.319329126,1,"Geno_at_37"
"Myo5a","ENSMUSG00000034593.16",-0.0330757423,7.00633838,-0.804560429,0.427500083,1,"Geno_at_37"
"Mpp1","ENSMUSG00000031402.12",0.0330701721,6.9884702,0.934986212,0.357374553,1,"Geno_at_37"
"Slc25a4","ENSMUSG00000031633.4",-0.0330647607,7.67858072,-1.14408706,0.261771959,1,"Geno_at_37"
"Mettl23","ENSMUSG00000090266.10",0.0330641731,5.09235973,0.78664619,0.437753309,1,"Geno_at_37"
"Gm13561","ENSMUSG00000087518.1",0.0330624687,-0.405894257,0.286070629,0.776820225,1,"Geno_at_37"
"Ctsl","ENSMUSG00000021477.9",0.0330599443,3.49723914,0.540095682,0.593178998,1,"Geno_at_37"
"Gm28913","ENSMUSG00000102055.1",-0.0330593165,2.67632955,-0.299131298,0.767048655,1,"Geno_at_37"
"Platr14","ENSMUSG00000086454.7",0.0330544513,-0.791360596,0.396232394,0.694780686,1,"Geno_at_37"
"Itgb3bp","ENSMUSG00000028549.17",0.03305273,3.18390972,0.46511501,0.645258933,1,"Geno_at_37"
"Clptm1","ENSMUSG00000002981.10",-0.0330511556,6.93841137,-0.956906238,0.346379284,1,"Geno_at_37"
"Atg7","ENSMUSG00000030314.16",0.0330471792,5.18538104,0.774448208,0.444819231,1,"Geno_at_37"
"1110038F14Rik","ENSMUSG00000063236.6",0.0330463613,4.76721558,0.711116966,0.48258828,1,"Geno_at_37"
"Psma4","ENSMUSG00000032301.13",-0.0330188137,7.34275232,-0.896779811,0.377085439,1,"Geno_at_37"
"Tgtp1","ENSMUSG00000078922.9",-0.0329928641,6.61191448,-0.401124651,0.693190525,1,"Geno_at_37"
"Atmin","ENSMUSG00000047388.10",-0.0329806004,5.79416008,-0.815619375,0.421244517,1,"Geno_at_37"
"Ddias","ENSMUSG00000030641.10",0.0329790111,4.75819846,0.716163318,0.479512994,1,"Geno_at_37"
"Card11","ENSMUSG00000036526.8",0.0329739879,6.21889487,0.826786119,0.414985599,1,"Geno_at_37"
"Syt11","ENSMUSG00000068923.14",-0.0329703752,4.06864655,-0.346348379,0.732293462,1,"Geno_at_37"
"Gstm4","ENSMUSG00000027890.17",0.0329651136,2.54748916,0.437978672,0.664587084,1,"Geno_at_37"
"Gm38099","ENSMUSG00000104159.1",-0.0329534116,0.265271584,-0.22520823,0.823367689,1,"Geno_at_37"
"Gm43039","ENSMUSG00000107200.1",-0.0329528843,1.61751263,-0.311579164,0.75754834,1,"Geno_at_37"
"Gm37645","ENSMUSG00000103192.1",0.032944501,-0.220781867,0.254991193,0.800496466,1,"Geno_at_37"
"Pcx","ENSMUSG00000024892.17",-0.0329409379,7.66029066,-0.737595706,0.467111708,1,"Geno_at_37"
"Itsn2","ENSMUSG00000020640.10",0.0329357548,7.41578242,1.1318031,0.266819627,1,"Geno_at_37"
"Slc4a1ap","ENSMUSG00000029141.16",0.0329291691,5.42025654,0.959482731,0.345101921,1,"Geno_at_37"
"Fam53a","ENSMUSG00000037339.17",-0.0329243243,5.20286025,-0.542781173,0.591670999,1,"Geno_at_37"
"Ralgapb","ENSMUSG00000027652.15",0.0329155599,6.85977253,0.934369865,0.357687024,1,"Geno_at_37"
"Usp45","ENSMUSG00000040455.17",0.0329081995,5.2806154,0.836987715,0.409318438,1,"Geno_at_37"
"Gm16184","ENSMUSG00000089886.1",-0.0329020211,1.01293009,-0.31284773,0.756593937,1,"Geno_at_37"
"Kif20a","ENSMUSG00000003779.16",-0.0328978941,6.8697937,-0.924759479,0.362582602,1,"Geno_at_37"
"Man2a1","ENSMUSG00000024085.13",0.0328978725,6.15817058,0.887728083,0.381856745,1,"Geno_at_37"
"Brpf3","ENSMUSG00000063952.16",0.032897572,5.73379972,0.678674602,0.502625651,1,"Geno_at_37"
"Carnmt1","ENSMUSG00000024726.10",-0.0328929937,4.01222787,-0.575138683,0.569551766,1,"Geno_at_37"
"Slc35b3","ENSMUSG00000021432.15",-0.0328914309,5.90185003,-0.859869676,0.396784294,1,"Geno_at_37"
"Slc17a8","ENSMUSG00000019935.16",-0.0328871193,1.26250907,-0.276184751,0.784328857,1,"Geno_at_37"
"Bnip3l","ENSMUSG00000022051.15",-0.032885661,6.9153581,-0.49139482,0.628692588,1,"Geno_at_37"
"Rab10os","ENSMUSG00000079179.9",0.0328820253,4.57307618,0.689066237,0.496157517,1,"Geno_at_37"
"Icosl","ENSMUSG00000000732.9",0.0328589646,0.981347709,0.311816479,0.757369767,1,"Geno_at_37"
"Gpatch2","ENSMUSG00000039210.16",0.0328570448,4.49666744,0.587502081,0.561329948,1,"Geno_at_37"
"Adipor1","ENSMUSG00000026457.14",-0.0328498337,6.76449784,-0.946661447,0.351489682,1,"Geno_at_37"
"B430319F04Rik","ENSMUSG00000110062.1",0.0328432928,0.0458706349,0.261605946,0.795440341,1,"Geno_at_37"
"Gm14328","ENSMUSG00000095419.1",-0.0328403041,0.733167988,-0.273108043,0.786670064,1,"Geno_at_37"
"Selenok-ps5","ENSMUSG00000113504.1",-0.0328363227,-0.12740174,-0.207853283,0.83685871,1,"Geno_at_37"
"Elovl5","ENSMUSG00000032349.13",-0.0328338169,7.34032559,-1.10713005,0.277169978,1,"Geno_at_37"
"Gm45205","ENSMUSG00000108353.1",-0.0328313978,-0.72314866,-0.330835815,0.743103298,1,"Geno_at_37"
"Synpo","ENSMUSG00000043079.17",-0.032828929,5.55378774,-0.787086457,0.437499551,1,"Geno_at_37"
"AC154013.1","ENSMUSG00000118619.1",0.0328281216,-0.12973672,0.264203283,0.793457465,1,"Geno_at_37"
"Tmem129","ENSMUSG00000019295.8",0.0328233547,4.72506086,0.615373141,0.543019564,1,"Geno_at_37"
"Gm8146","ENSMUSG00000103260.1",0.0328227338,3.24708175,0.501137507,0.619987614,1,"Geno_at_37"
"Znrd1","ENSMUSG00000036315.13",-0.0328156644,4.95325916,-0.866576408,0.393157132,1,"Geno_at_37"
"Gm15459","ENSMUSG00000100801.1",0.0328103987,8.94755885,0.684617038,0.500580008,1,"Geno_at_37"
"Gm47588","ENSMUSG00000113126.1",0.0328074489,-0.0909591455,0.261206132,0.795745693,1,"Geno_at_37"
"Sult4a1","ENSMUSG00000018865.9",0.0328003909,-0.633399533,0.338143189,0.737646264,1,"Geno_at_37"
"Ap1m2","ENSMUSG00000003309.14",-0.032796895,2.81339939,-0.362203081,0.719778123,1,"Geno_at_37"
"Gm37978","ENSMUSG00000103132.1",-0.0327926592,-0.0436415342,-0.261889747,0.795223612,1,"Geno_at_37"
"Rbm17","ENSMUSG00000037197.11",0.0327655419,7.39183242,1.12708082,0.2687787,1,"Geno_at_37"
"Necab3","ENSMUSG00000027489.15",0.0327543852,1.71606588,0.363974806,0.718468543,1,"Geno_at_37"
"Enkd1","ENSMUSG00000013155.10",-0.0327540178,4.05070358,-0.494049067,0.624924607,1,"Geno_at_37"
"Dnah3","ENSMUSG00000052273.4",0.0327435021,-0.788769086,0.363984263,0.718461555,1,"Geno_at_37"
"Gm43059","ENSMUSG00000107120.1",0.0327395323,1.36648348,0.295591402,0.769609559,1,"Geno_at_37"
"Slc9a3r1","ENSMUSG00000020733.3",0.0327273017,7.0845576,0.96821853,0.340794461,1,"Geno_at_37"
"Ptges3-ps","ENSMUSG00000040078.9",0.032719818,6.58751403,1.06530001,0.295368615,1,"Geno_at_37"
"Bloc1s4","ENSMUSG00000060708.4",-0.0327124672,3.7488124,-0.51440085,0.610798238,1,"Geno_at_37"
"Gm16001","ENSMUSG00000085433.2",0.0327002377,1.50156172,0.264256638,0.793416747,1,"Geno_at_37"
"BC025920","ENSMUSG00000074862.11",-0.0326970681,3.23724631,-0.445144741,0.659459432,1,"Geno_at_37"
"Zfp112","ENSMUSG00000052675.11",-0.032671899,0.830733804,-0.298768604,0.767207887,1,"Geno_at_37"
"Amotl1","ENSMUSG00000013076.17",-0.0326650388,4.25595367,-0.411136825,0.68433144,1,"Geno_at_37"
"Adtrp","ENSMUSG00000058022.14",0.032655882,-0.456647602,0.276947148,0.783749031,1,"Geno_at_37"
"Acap3","ENSMUSG00000029033.16",0.0326492179,4.962265,0.619769982,0.540159782,1,"Geno_at_37"
"Anks1b","ENSMUSG00000058589.14",0.0326385571,-0.949701854,0.43545079,0.666399862,1,"Geno_at_37"
"Olfr1420","ENSMUSG00000060878.4",0.0326331814,-0.321339441,0.276201191,0.784316352,1,"Geno_at_37"
"Hnrnpk","ENSMUSG00000021546.18",-0.0326288996,9.05269584,-1.10252235,0.279134377,1,"Geno_at_37"
"Myo1c","ENSMUSG00000017774.19",0.0326282538,7.781593,0.871146256,0.390697785,1,"Geno_at_37"
"Frg1","ENSMUSG00000031590.8",-0.0326183724,6.04415481,-0.812973511,0.422736008,1,"Geno_at_37"
"Clasp2","ENSMUSG00000033392.16",0.0326138975,6.26188773,1.01749317,0.317178645,1,"Geno_at_37"
"Ing5","ENSMUSG00000026283.13",0.032610974,5.95476318,0.726744253,0.473101532,1,"Geno_at_37"
"Gm10654","ENSMUSG00000074252.2",0.0325980683,-0.430019018,0.31049752,0.75836242,1,"Geno_at_37"
"Rab23","ENSMUSG00000004768.14",0.0325965072,4.24534001,0.587036035,0.561638776,1,"Geno_at_37"
"Rps19bp1","ENSMUSG00000051518.8",-0.0325815299,4.46997763,-0.612228363,0.545069835,1,"Geno_at_37"
"Gm14269","ENSMUSG00000084067.3",0.0325723353,5.30956301,0.788549014,0.436657212,1,"Geno_at_37"
"Taf3","ENSMUSG00000025782.12",0.0325702419,5.23146109,0.75332437,0.457216155,1,"Geno_at_37"
"1700012B09Rik","ENSMUSG00000031927.9",0.0325640313,-0.969676883,0.463673525,0.646279488,1,"Geno_at_37"
"Hadh","ENSMUSG00000027984.8",-0.0325599323,5.10981654,-0.810268924,0.424263958,1,"Geno_at_37"
"Gm6598","ENSMUSG00000107143.1",0.0325594273,0.616641458,0.230956493,0.818940441,1,"Geno_at_37"
"Fam221a","ENSMUSG00000047115.15",-0.0325546244,2.82848049,-0.43656516,0.665600478,1,"Geno_at_37"
"Pde6d","ENSMUSG00000026239.14",0.0325533747,4.24834518,0.644476756,0.524238699,1,"Geno_at_37"
"Lysmd3","ENSMUSG00000035840.7",0.0325482404,4.81124457,0.499874951,0.621095525,1,"Geno_at_37"
"Slc9a7","ENSMUSG00000037341.14",-0.0325452949,2.82937813,-0.387323621,0.70129268,1,"Geno_at_37"
"Chmp7","ENSMUSG00000034190.9",-0.0325418292,5.70619594,-0.931855503,0.358963609,1,"Geno_at_37"
"Afg1l","ENSMUSG00000038302.14",0.0325392897,2.63076071,0.33587602,0.739337879,1,"Geno_at_37"
"Gm11517","ENSMUSG00000081249.3",0.0325378877,-0.060036666,0.264173956,0.793479846,1,"Geno_at_37"
"Gm12250","ENSMUSG00000082292.3",0.0325234695,6.06171528,0.404756483,0.690363126,1,"Geno_at_37"
"Npepl1","ENSMUSG00000039263.16",-0.0325234454,6.69826017,-0.939357032,0.355163855,1,"Geno_at_37"
"Cdk4","ENSMUSG00000006728.12",-0.0325229114,8.250918,-0.952848693,0.348397326,1,"Geno_at_37"
"Gm44349","ENSMUSG00000105100.1",-0.032505983,0.787651156,-0.333494297,0.741116396,1,"Geno_at_37"
"Ak2","ENSMUSG00000028792.14",0.0324950539,7.29575291,1.0229394,0.314639316,1,"Geno_at_37"
"Trav3-4","ENSMUSG00000076858.3",0.0324933901,-0.560284394,0.299626532,0.766559774,1,"Geno_at_37"
"Zbtb7a","ENSMUSG00000035011.15",-0.0324844457,6.81961899,-0.825704796,0.415589138,1,"Geno_at_37"
"Kctd9","ENSMUSG00000034327.17",-0.0324826191,5.83901283,-0.594101949,0.55739736,1,"Geno_at_37"
"Slc35d2","ENSMUSG00000033114.11",0.0324787735,2.6442851,0.442141386,0.661606442,1,"Geno_at_37"
"Upb1","ENSMUSG00000033427.14",-0.0324786474,-0.323246741,-0.252033889,0.802759805,1,"Geno_at_37"
"Gm38037","ENSMUSG00000102840.1",0.0324628503,0.241046324,0.256523434,0.799324474,1,"Geno_at_37"
"Gyg","ENSMUSG00000019528.18",-0.0324620263,5.07860095,-0.673168141,0.506071987,1,"Geno_at_37"
"Celf4","ENSMUSG00000024268.16",-0.0324577034,0.478699885,-0.263709463,0.793834353,1,"Geno_at_37"
"Sulf1","ENSMUSG00000016918.15",0.0324550523,-0.265550318,0.255032821,0.80046462,1,"Geno_at_37"
"Ss18l1","ENSMUSG00000039086.9",0.0324544382,3.37811044,0.492586686,0.62594535,1,"Geno_at_37"
"Traj1","ENSMUSG00000076927.3",0.0324473162,0.984512365,0.272631534,0.787032844,1,"Geno_at_37"
"Klf8","ENSMUSG00000041649.13",-0.0324471116,1.58336359,-0.349094349,0.729494156,1,"Geno_at_37"
"Selenof","ENSMUSG00000037072.15",-0.0324421569,7.37169523,-1.2145754,0.234146105,1,"Geno_at_37"
"Tomm22","ENSMUSG00000022427.4",-0.0324416781,6.66622658,-0.976691938,0.336651113,1,"Geno_at_37"
"Cdhr1","ENSMUSG00000021803.10",-0.0324303704,-0.568734504,-0.298703046,0.767257419,1,"Geno_at_37"
"Plscr2","ENSMUSG00000032372.14",0.032423228,0.0283599475,0.291878587,0.772419051,1,"Geno_at_37"
"BC051226","ENSMUSG00000092564.2",0.0324195821,2.19392272,0.284699624,0.777860256,1,"Geno_at_37"
"Ccdc66","ENSMUSG00000046753.10",0.0324068255,5.18567681,0.849921592,0.402203418,1,"Geno_at_37"
"Susd3","ENSMUSG00000021384.14",0.0324057006,3.08141273,0.32375773,0.74852708,1,"Geno_at_37"
"Gm9785","ENSMUSG00000043661.3",0.0324038065,-0.458696452,0.255100046,0.80041319,1,"Geno_at_37"
"App","ENSMUSG00000022892.11",-0.0324034956,2.2468809,-0.319726443,0.751425582,1,"Geno_at_37"
"Gm10344","ENSMUSG00000102207.1",0.0323940848,-0.949682986,0.450261122,0.655808675,1,"Geno_at_37"
"Hikeshi","ENSMUSG00000062797.14",-0.0323828993,4.80679571,-0.720505272,0.476875995,1,"Geno_at_37"
"Gimap5","ENSMUSG00000043505.8",-0.0323812104,4.99332504,-0.532487169,0.598524615,1,"Geno_at_37"
"Ltn1","ENSMUSG00000052299.9",0.0323745964,6.96258701,1.14039299,0.263282563,1,"Geno_at_37"
"Lockd","ENSMUSG00000098318.7",-0.0323718164,4.03262845,-0.587619327,0.561252267,1,"Geno_at_37"
"Rps27rt","ENSMUSG00000050621.7",-0.032369314,8.20522467,-0.851994388,0.401070448,1,"Geno_at_37"
"Mboat7","ENSMUSG00000035596.14",-0.0323674816,6.76742079,-0.898136269,0.376373773,1,"Geno_at_37"
"Apex2","ENSMUSG00000025269.16",0.0323649096,4.81866979,0.779986466,0.44160264,1,"Geno_at_37"
"Ankrd44","ENSMUSG00000052331.14",0.0323624678,7.29471037,0.829980776,0.413205688,1,"Geno_at_37"
"Sik2","ENSMUSG00000037112.16",0.0323600229,5.13928487,0.693121127,0.493646321,1,"Geno_at_37"
"Mcl1","ENSMUSG00000038612.16",-0.0323553616,8.71225706,-1.09307803,0.283191837,1,"Geno_at_37"
"B230118H07Rik","ENSMUSG00000027165.16",0.0323551834,1.0521174,0.257414124,0.798643415,1,"Geno_at_37"
"Tardbp","ENSMUSG00000041459.15",0.0323457294,9.08384192,0.7838841,0.44012646,1,"Geno_at_37"
"Castor2","ENSMUSG00000015944.9",-0.0323454315,5.4696486,-0.658577566,0.515266679,1,"Geno_at_37"
"Dut","ENSMUSG00000027203.15",-0.0323450998,7.33576537,-0.885486107,0.383044518,1,"Geno_at_37"
"Gm5436","ENSMUSG00000042962.5",0.0323416065,4.49567623,0.702826015,0.487665231,1,"Geno_at_37"
"Nop2","ENSMUSG00000038279.10",0.0323416046,7.28953823,1.02469394,0.313824258,1,"Geno_at_37"
"Rnf113a2","ENSMUSG00000098134.1",0.0323389961,4.48951107,0.689158812,0.496100105,1,"Geno_at_37"
"Gm4924","ENSMUSG00000073427.4",0.0323360814,2.85210176,0.447560632,0.657734521,1,"Geno_at_37"
"4933433G15Rik","ENSMUSG00000097021.7",0.0323260701,0.35876263,0.280428614,0.781102878,1,"Geno_at_37"
"Dpy19l3","ENSMUSG00000043671.14",-0.0323147052,5.79155068,-0.747192948,0.460852367,1,"Geno_at_37"
"Ddx31","ENSMUSG00000026806.15",0.0323121946,4.58889405,0.729735226,0.471298197,1,"Geno_at_37"
"Gm10988","ENSMUSG00000108926.1",0.0323076681,-0.435058594,0.251022012,0.803534634,1,"Geno_at_37"
"Ids","ENSMUSG00000035847.15",-0.0323065039,4.76615191,-0.717094363,0.478946839,1,"Geno_at_37"
"Rpl17-ps5","ENSMUSG00000081855.4",0.0323050911,5.45972437,0.287185326,0.777498477,1,"Geno_at_37"
"Gm48990","ENSMUSG00000115379.1",0.0322990423,2.84060764,0.392558714,0.697463181,1,"Geno_at_37"
"Eri2","ENSMUSG00000030929.17",0.0322982933,3.94549021,0.532457651,0.59839089,1,"Geno_at_37"
"2610301B20Rik","ENSMUSG00000059482.15",0.0322967085,4.43218009,0.576018022,0.568965003,1,"Geno_at_37"
"Nudcd2","ENSMUSG00000020328.10",0.0322959556,6.28554797,0.913459522,0.368395021,1,"Geno_at_37"
"Prxl2c","ENSMUSG00000021482.10",-0.0322920832,4.46150065,-0.543771358,0.590678676,1,"Geno_at_37"
"5830468F06Rik","ENSMUSG00000098322.1",-0.0322850469,2.75880624,-0.388931869,0.700115384,1,"Geno_at_37"
"Htr1b","ENSMUSG00000049511.5",0.0322848496,-0.491961313,0.295406657,0.769749281,1,"Geno_at_37"
"Ssb","ENSMUSG00000068882.13",-0.0322797473,8.45453504,-1.2006609,0.23942042,1,"Geno_at_37"
"Ap3d1","ENSMUSG00000020198.8",-0.0322765024,7.0407166,-1.07976284,0.288983381,1,"Geno_at_37"
"Nvl","ENSMUSG00000026516.8",0.0322697908,7.0599524,1.06918214,0.293645005,1,"Geno_at_37"
"Kmt2a","ENSMUSG00000002028.13",0.0322683567,8.25473883,1.00103877,0.324936218,1,"Geno_at_37"
"Gtf2h5","ENSMUSG00000034345.14",0.032261281,5.71136049,0.741866088,0.464025193,1,"Geno_at_37"
"Gm14928","ENSMUSG00000082718.1",0.03224174,1.66564347,0.278227562,0.78277552,1,"Geno_at_37"
"Ism1","ENSMUSG00000074766.10",-0.0322399369,1.33785194,-0.260838696,0.796026346,1,"Geno_at_37"
"Smurf1","ENSMUSG00000038780.14",-0.0322393138,6.43331294,-0.887850582,0.381791915,1,"Geno_at_37"
"Fam222b","ENSMUSG00000037750.16",-0.0322293564,4.83907312,-0.71408999,0.480775134,1,"Geno_at_37"
"Akirin1","ENSMUSG00000023075.9",-0.0322191746,6.21688276,-0.879990453,0.385966103,1,"Geno_at_37"
"Ap1m1","ENSMUSG00000003033.15",-0.032211357,7.06958543,-1.08678248,0.285919756,1,"Geno_at_37"
"Prr22","ENSMUSG00000090273.3",-0.0322096437,1.13030874,-0.27060882,0.788573332,1,"Geno_at_37"
"Traf2","ENSMUSG00000026942.13",-0.0322001213,5.69656821,-0.787583233,0.437213329,1,"Geno_at_37"
"Gm20457","ENSMUSG00000092187.1",-0.032198046,0.870927296,-0.247465801,0.806259354,1,"Geno_at_37"
"Tab3","ENSMUSG00000035476.9",0.0321980441,4.94908344,0.641884128,0.525897447,1,"Geno_at_37"
"Tceanc","ENSMUSG00000051224.13",0.0321913487,2.79549129,0.425233409,0.67374768,1,"Geno_at_37"
"Larp4","ENSMUSG00000023025.16",0.0321815456,7.90656632,0.900079748,0.375355644,1,"Geno_at_37"
"Septin1","ENSMUSG00000000486.13",-0.0321751285,7.89487923,-1.11150425,0.275314308,1,"Geno_at_37"
"4930473A02Rik","ENSMUSG00000060029.13",-0.0321700447,0.398157824,-0.265920129,0.792147549,1,"Geno_at_37"
"Diaph3","ENSMUSG00000022021.14",0.0321676077,6.05873587,0.924857921,0.362532232,1,"Geno_at_37"
"Atp9a","ENSMUSG00000027546.15",0.0321626996,4.71318994,0.643495645,0.524866076,1,"Geno_at_37"
"Skp2","ENSMUSG00000054115.11",0.0321620872,5.11003599,0.668982991,0.508700072,1,"Geno_at_37"
"Car2","ENSMUSG00000027562.12",0.0321571228,1.34326262,0.269906663,0.789108295,1,"Geno_at_37"
"Rps7","ENSMUSG00000061477.4",-0.0321569609,7.1042957,-0.755766789,0.455774315,1,"Geno_at_37"
"Tmem198b","ENSMUSG00000047090.13",0.0321506354,2.91350754,0.390814102,0.698738481,1,"Geno_at_37"
"Gm43457","ENSMUSG00000106678.1",0.032149305,1.53773253,0.262564178,0.794708639,1,"Geno_at_37"
"Usp31","ENSMUSG00000063317.7",0.0321439729,6.11648383,0.743135425,0.463267982,1,"Geno_at_37"
"Usf1","ENSMUSG00000026641.13",-0.0321398364,5.73262218,-0.95366185,0.34799227,1,"Geno_at_37"
"Rbm14","ENSMUSG00000006456.10",0.0321346573,6.59081362,1.00406842,0.323498189,1,"Geno_at_37"
"Pgpep1","ENSMUSG00000056204.8",0.0321181663,3.47763519,0.401040395,0.691275986,1,"Geno_at_37"
"Slfn8","ENSMUSG00000035208.16",0.032116134,3.38479564,0.446912359,0.65819719,1,"Geno_at_37"
"Cd5l","ENSMUSG00000015854.7",-0.0321111373,-0.359275549,-0.281535005,0.7802625,1,"Geno_at_37"
"Il12rb2","ENSMUSG00000018341.12",0.0320974666,2.76885859,0.268119688,0.790789743,1,"Geno_at_37"
"4930505N22Rik","ENSMUSG00000097690.2",0.0320899753,-0.715204885,0.305340806,0.762247387,1,"Geno_at_37"
"Gm10566","ENSMUSG00000073737.3",-0.0320848057,-0.44458902,-0.289987573,0.773851193,1,"Geno_at_37"
"Rab6a","ENSMUSG00000030704.14",0.0320699033,6.62736995,0.786073998,0.438083238,1,"Geno_at_37"
"Rbck1","ENSMUSG00000027466.15",-0.0320639985,7.69140643,-1.08306955,0.287537328,1,"Geno_at_37"
"Synj2bp","ENSMUSG00000090935.10",0.032057076,5.96281334,0.798982803,0.430676577,1,"Geno_at_37"
"Rcc1l","ENSMUSG00000061979.8",0.0320406748,4.65779249,0.578604942,0.567240572,1,"Geno_at_37"
"Ubr7","ENSMUSG00000041712.7",-0.0320394803,6.63868671,-0.952844328,0.348399501,1,"Geno_at_37"
"Mas1","ENSMUSG00000068037.11",0.032037691,-0.127349456,0.175292483,0.862339494,1,"Geno_at_37"
"Gm6916","ENSMUSG00000108608.1",0.0320363539,1.68688232,0.280667803,0.780921174,1,"Geno_at_37"
"Wrn","ENSMUSG00000031583.13",0.0320298701,5.72783824,0.824146311,0.416459964,1,"Geno_at_37"
"Megf9","ENSMUSG00000039270.9",0.0320263061,3.53110755,0.515563082,0.609996031,1,"Geno_at_37"
"Lrrc8d","ENSMUSG00000046079.16",-0.0320242033,6.03496166,-0.851511367,0.401334282,1,"Geno_at_37"
"Celsr1","ENSMUSG00000016028.11",0.0320138639,6.44898435,0.845954045,0.40437766,1,"Geno_at_37"
"Gm43681","ENSMUSG00000106870.1",0.0320078704,2.44489038,0.365590852,0.717274792,1,"Geno_at_37"
"Supt4b","ENSMUSG00000110960.1",-0.0319972736,4.76162579,-0.73918147,0.465629061,1,"Geno_at_37"
"Adcy7","ENSMUSG00000031659.13",-0.0319714751,7.93262064,-0.785269473,0.438685338,1,"Geno_at_37"
"Ercc4","ENSMUSG00000022545.13",-0.0319689393,4.97710245,-0.76487392,0.45041295,1,"Geno_at_37"
"Rpl36-ps2","ENSMUSG00000024205.7",-0.0319689365,4.43230389,-0.640669691,0.526675406,1,"Geno_at_37"
"1500004A13Rik","ENSMUSG00000098912.7",0.0319635499,3.93026516,0.61717978,0.541843535,1,"Geno_at_37"
"2010007H06Rik","ENSMUSG00000044694.2",-0.0319628507,0.121008138,-0.224064367,0.824249389,1,"Geno_at_37"
"Prkag1","ENSMUSG00000067713.7",-0.0319560556,4.6281999,-0.761501203,0.452393377,1,"Geno_at_37"
"Gm15956","ENSMUSG00000086935.1",-0.0319554062,-0.374557267,-0.290784271,0.773247722,1,"Geno_at_37"
"Usp10","ENSMUSG00000031826.20",-0.0319546456,6.83624651,-1.02721253,0.312656818,1,"Geno_at_37"
"Gm10643","ENSMUSG00000074215.2",0.0319542075,0.289234755,0.275970718,0.784491658,1,"Geno_at_37"
"Dpm2","ENSMUSG00000026810.12",-0.0319526231,5.41239224,-0.793518564,0.433802419,1,"Geno_at_37"
"Rpl27","ENSMUSG00000063316.13",0.0319264697,4.67482853,0.595148276,0.556275508,1,"Geno_at_37"
"Foxk2","ENSMUSG00000039275.9",-0.0319240672,6.8460565,-0.960202949,0.34474542,1,"Geno_at_37"
"4933434E20Rik","ENSMUSG00000027942.17",-0.0319147809,4.14130254,-0.550807395,0.585906794,1,"Geno_at_37"
"Cyth1","ENSMUSG00000017132.17",-0.0319014442,7.17505929,-0.791107198,0.435186226,1,"Geno_at_37"
"4930509G22Rik","ENSMUSG00000096959.1",-0.0318833591,0.00891438339,-0.215454464,0.830893395,1,"Geno_at_37"
"Gm48571","ENSMUSG00000114914.1",-0.03187397,-0.828462009,-0.369215419,0.714600016,1,"Geno_at_37"
"Aldh18a1","ENSMUSG00000025007.13",-0.0318695706,7.57046653,-1.0563736,0.299358803,1,"Geno_at_37"
"Micos13","ENSMUSG00000049760.6",-0.0318659546,5.44928751,-0.739806075,0.465255616,1,"Geno_at_37"
"Trbv15","ENSMUSG00000076472.2",-0.0318649121,3.48767644,-0.482859014,0.632754388,1,"Geno_at_37"
"Ppfibp2","ENSMUSG00000036528.16",-0.0318639239,3.075851,-0.392386019,0.69758938,1,"Geno_at_37"
"Washc1","ENSMUSG00000024101.15",-0.0318615371,5.13438778,-0.744072063,0.462709704,1,"Geno_at_37"
"Ly86","ENSMUSG00000021423.6",0.0318598063,-0.910626673,0.409933283,0.68481203,1,"Geno_at_37"
"Rsph3a","ENSMUSG00000073471.3",0.0318492374,3.9796588,0.570767377,0.572473138,1,"Geno_at_37"
"Mfsd6","ENSMUSG00000041439.15",0.0318375952,5.77407237,0.760537767,0.452960047,1,"Geno_at_37"
"Gm14780","ENSMUSG00000083207.1",0.0318142554,1.96510253,0.363560914,0.718774396,1,"Geno_at_37"
"Gm47322","ENSMUSG00000113789.1",0.0318070089,-0.0978012839,0.257219898,0.798791915,1,"Geno_at_37"
"Lrp8","ENSMUSG00000028613.15",-0.031804266,6.27883891,-0.350158496,0.730495602,1,"Geno_at_37"
"Ncf4","ENSMUSG00000071715.12",-0.0318018269,5.40589055,-0.752151246,0.457910557,1,"Geno_at_37"
"Gcn1","ENSMUSG00000041638.18",0.03178997,7.60658642,0.973794314,0.338064152,1,"Geno_at_37"
"Ndufs3","ENSMUSG00000005510.9",-0.031768796,5.64025957,-0.899559423,0.375628051,1,"Geno_at_37"
"Efcab9","ENSMUSG00000044056.3",-0.0317648114,0.177634095,-0.28356704,0.778719739,1,"Geno_at_37"
"Nbr1","ENSMUSG00000017119.19",-0.031749059,6.77912416,-1.07192932,0.292429588,1,"Geno_at_37"
"Psmb8","ENSMUSG00000024338.15",0.031731856,7.8249673,0.965457674,0.342151859,1,"Geno_at_37"
"Pex1","ENSMUSG00000005907.14",0.0317302483,4.20529858,0.664212819,0.511704674,1,"Geno_at_37"
"Ctla4","ENSMUSG00000026011.13",-0.0317288208,8.48141231,-0.48284141,0.635024442,1,"Geno_at_37"
"Ercc6l2","ENSMUSG00000021470.19",-0.0317277372,5.4956294,-0.747452355,0.460698183,1,"Geno_at_37"
"Fdxacb1","ENSMUSG00000037845.14",0.0317202226,2.84336606,0.373185245,0.711674679,1,"Geno_at_37"
"Tead1","ENSMUSG00000055320.18",-0.0317153476,7.8272396,-1.08257827,0.287751842,1,"Geno_at_37"
"Bag1","ENSMUSG00000028416.13",-0.0317135974,7.12991684,-0.898329937,0.376272235,1,"Geno_at_37"
"Kif14","ENSMUSG00000041498.13",0.0317120983,5.4878058,0.798526978,0.430936807,1,"Geno_at_37"
"Mri1","ENSMUSG00000004996.9",-0.0317110945,5.50250466,-0.855816776,0.39898646,1,"Geno_at_37"
"Gpalpp1","ENSMUSG00000022008.4",-0.0317086865,6.0118297,-1.05361044,0.300601588,1,"Geno_at_37"
"Sox10","ENSMUSG00000033006.10",-0.0316906928,-0.277574977,-0.250869388,0.803651521,1,"Geno_at_37"
"Vat1","ENSMUSG00000034993.7",0.0316887859,3.59081838,0.446801152,0.658276572,1,"Geno_at_37"
"Gm44093","ENSMUSG00000107576.1",0.0316867709,-0.406427639,0.251302253,0.803320023,1,"Geno_at_37"
"Gm6157","ENSMUSG00000105687.1",-0.031684468,1.06572421,-0.299997495,0.766279587,1,"Geno_at_37"
"Dock2","ENSMUSG00000020143.15",-0.0316834925,8.32201308,-1.25394365,0.219693166,1,"Geno_at_37"
"Slc7a6","ENSMUSG00000031904.5",-0.0316826729,7.38933977,-1.04212235,0.305807318,1,"Geno_at_37"
"Bcl2a1d","ENSMUSG00000099974.1",-0.0316825814,4.20109226,-0.390216397,0.699575529,1,"Geno_at_37"
"Gm27201","ENSMUSG00000098645.1",0.0316781637,-0.636123543,0.284044458,0.778357407,1,"Geno_at_37"
"Rabl2","ENSMUSG00000022621.16",-0.0316716759,2.26075728,-0.331171866,0.742852039,1,"Geno_at_37"
"2310043P16Rik","ENSMUSG00000108732.1",-0.0316577996,2.44896897,-0.369236997,0.714584104,1,"Geno_at_37"
"6030458C11Rik","ENSMUSG00000022195.7",-0.0316533649,5.52408844,-0.781411156,0.440777457,1,"Geno_at_37"
"Gm42595","ENSMUSG00000105161.1",-0.0316504585,2.63618218,-0.40030287,0.691813142,1,"Geno_at_37"
"Gm10501","ENSMUSG00000073415.4",-0.0316472959,-0.223569616,-0.270187485,0.788894328,1,"Geno_at_37"
"Slc2a1","ENSMUSG00000028645.11",-0.0316436292,6.53496372,-0.210342048,0.836020521,1,"Geno_at_37"
"Zfp3","ENSMUSG00000043602.5",0.031624525,1.99197982,0.266891005,0.791407065,1,"Geno_at_37"
"Gm43581","ENSMUSG00000105199.1",-0.0316231601,-0.151165876,-0.158838288,0.87527495,1,"Geno_at_37"
"Exoc7","ENSMUSG00000020792.15",-0.0316188271,5.47774622,-0.846553398,0.404048737,1,"Geno_at_37"
"Vrk1","ENSMUSG00000021115.15",-0.0316138896,7.62383719,-1.20290552,0.23856368,1,"Geno_at_37"
"Rgcc","ENSMUSG00000022018.7",0.0316137002,6.22021869,0.323620765,0.750222594,1,"Geno_at_37"
"Sp1","ENSMUSG00000001280.13",0.0316105866,7.88909363,1.16872114,0.251859309,1,"Geno_at_37"
"Gm29084","ENSMUSG00000100750.1",0.0316096327,-0.58988177,0.303897495,0.763335883,1,"Geno_at_37"
"Nectin2","ENSMUSG00000062300.14",0.0316076686,0.923986982,0.233252876,0.817173479,1,"Geno_at_37"
"Sec22a","ENSMUSG00000034473.14",-0.0315913997,4.24141494,-0.62170001,0.538906965,1,"Geno_at_37"
"Gm18889","ENSMUSG00000092230.1",-0.0315903238,0.395904582,-0.308137759,0.760139428,1,"Geno_at_37"
"Gm10614","ENSMUSG00000097773.1",0.0315879733,-0.376723512,0.267413678,0.791008505,1,"Geno_at_37"
"Dynlt3","ENSMUSG00000031176.8",0.0315871845,4.92866286,0.419967531,0.678402291,1,"Geno_at_37"
"Gm18584","ENSMUSG00000107853.1",0.0315852421,3.04367391,0.431344476,0.669348921,1,"Geno_at_37"
"Gm2238","ENSMUSG00000103138.1",-0.0315766878,-0.271236223,-0.284031566,0.77836719,1,"Geno_at_37"
"Sox21","ENSMUSG00000061517.8",0.031575316,-0.810669737,0.33288621,0.74157071,1,"Geno_at_37"
"Dennd1b","ENSMUSG00000056268.15",0.0315747331,5.87989452,0.855428124,0.399198041,1,"Geno_at_37"
"Gm5763","ENSMUSG00000048600.7",0.0315674567,3.96047138,0.478299436,0.635957287,1,"Geno_at_37"
"Irak4","ENSMUSG00000059883.16",-0.0315579882,4.21722248,-0.580358149,0.566073389,1,"Geno_at_37"
"Gm9726","ENSMUSG00000094935.2",0.0315532416,1.07819161,0.24785365,0.805962068,1,"Geno_at_37"
"Col15a1","ENSMUSG00000028339.17",0.0315509907,4.74881955,0.462893611,0.64714534,1,"Geno_at_37"
"Zbtb11","ENSMUSG00000022601.11",-0.0315433173,6.0004776,-0.786323086,0.437939593,1,"Geno_at_37"
"Timm13","ENSMUSG00000020219.7",0.0315420259,5.76641484,0.777520632,0.44303305,1,"Geno_at_37"
"Mtif2","ENSMUSG00000020459.14",-0.0315343943,5.69675299,-0.767933616,0.448620801,1,"Geno_at_37"
"Glul","ENSMUSG00000026473.16",0.0315338688,6.86758735,0.964063097,0.342838894,1,"Geno_at_37"
"Tmem121b","ENSMUSG00000094626.1",-0.0315224755,2.88740588,-0.262338835,0.795278244,1,"Geno_at_37"
"Gm22574","ENSMUSG00000064917.1",0.0315212123,-0.155577089,0.266735241,0.791525852,1,"Geno_at_37"
"Slc22a15","ENSMUSG00000033147.16",-0.0315182015,5.22732403,-0.647858285,0.522079461,1,"Geno_at_37"
"Heatr5a","ENSMUSG00000035181.6",0.0315117017,4.98359619,0.708325392,0.484294317,1,"Geno_at_37"
"Gm12932","ENSMUSG00000086342.1",-0.0315102553,0.469316823,-0.222537209,0.825426901,1,"Geno_at_37"
"Arl4c","ENSMUSG00000049866.12",-0.0315037856,5.26620673,-0.589222402,0.560190713,1,"Geno_at_37"
"Zfp382","ENSMUSG00000074220.10",0.0315033839,3.51448654,0.380929582,0.705980793,1,"Geno_at_37"
"Clk4","ENSMUSG00000020385.16",-0.031493927,6.6476603,-0.892305977,0.379438817,1,"Geno_at_37"
"Gata1","ENSMUSG00000031162.14",0.0314922482,4.66321219,0.514915593,0.610442886,1,"Geno_at_37"
"Ankrd11","ENSMUSG00000035569.17",-0.0314900276,8.44631836,-0.933560138,0.358097808,1,"Geno_at_37"
"Gm24629","ENSMUSG00000084711.1",0.0314887846,-0.403448429,0.296974914,0.768563464,1,"Geno_at_37"
"Zfp623","ENSMUSG00000050846.9",-0.0314837951,4.00827597,-0.577313529,0.568101094,1,"Geno_at_37"
"Relb","ENSMUSG00000002983.17",-0.0314836305,6.45223357,-0.586777552,0.562610399,1,"Geno_at_37"
"Ndufs5","ENSMUSG00000028648.13",0.0314751911,4.16086135,0.566881026,0.575076679,1,"Geno_at_37"
"Fam160b1","ENSMUSG00000033478.5",-0.0314633527,6.04486786,-0.803776109,0.427945889,1,"Geno_at_37"
"P2ry14","ENSMUSG00000036381.13",-0.0314556442,-0.171138431,-0.274235876,0.785811608,1,"Geno_at_37"
"Mettl5os","ENSMUSG00000085735.1",-0.0314503381,-0.446931986,-0.25476811,0.800667139,1,"Geno_at_37"
"Sdf2","ENSMUSG00000002064.10",-0.031450103,5.63255703,-0.775074427,0.444454822,1,"Geno_at_37"
"Fam102a","ENSMUSG00000039157.12",-0.0314483439,6.4890569,-0.799554885,0.430350111,1,"Geno_at_37"
"Gm50087","ENSMUSG00000117440.1",0.0314398144,0.629412792,0.235701189,0.81529069,1,"Geno_at_37"
"Gm35876","ENSMUSG00000107814.1",-0.0314392205,-0.575919613,-0.26977856,0.789205906,1,"Geno_at_37"
"Trp53i11","ENSMUSG00000068735.14",0.0314318711,5.93481382,0.471522082,0.642043422,1,"Geno_at_37"
"Srsf1","ENSMUSG00000018379.17",0.0314239122,9.47073074,1.03490355,0.309110434,1,"Geno_at_37"
"Slc41a2","ENSMUSG00000034591.5",0.0314231566,1.04888452,0.216348586,0.830202827,1,"Geno_at_37"
"Igfbp4","ENSMUSG00000017493.12",-0.0314177746,9.32851269,-1.12525022,0.269540926,1,"Geno_at_37"
"Mta1","ENSMUSG00000021144.14",-0.0314142484,7.06135762,-0.995464809,0.327593315,1,"Geno_at_37"
"Gm4740","ENSMUSG00000115070.1",-0.0314046781,2.4842358,-0.432589799,0.668453989,1,"Geno_at_37"
"Gm7727","ENSMUSG00000112851.1",0.0314032852,-0.608341833,0.290652109,0.77334782,1,"Geno_at_37"
"Trbj1-1","ENSMUSG00000076483.1",-0.031397347,0.455042066,-0.237974208,0.813543707,1,"Geno_at_37"
"Itga2b","ENSMUSG00000034664.13",0.0313962303,1.72952467,0.31148685,0.757617808,1,"Geno_at_37"
"Rnft1","ENSMUSG00000020521.7",0.0313935064,6.01857109,0.862311391,0.395461305,1,"Geno_at_37"
"D730045B01Rik","ENSMUSG00000054622.4",0.0313898227,-0.27263988,0.316798951,0.753623751,1,"Geno_at_37"
"Tmem131l","ENSMUSG00000033767.14",-0.0313795402,6.92809276,-0.683946034,0.499630281,1,"Geno_at_37"
"Arih1","ENSMUSG00000025234.11",0.0313702018,7.91876135,1.12065522,0.271461056,1,"Geno_at_37"
"Nectin3","ENSMUSG00000022656.15",-0.0313687698,2.28268552,-0.356092099,0.724301704,1,"Geno_at_37"
"Mrpl33","ENSMUSG00000106918.3",-0.0313557161,4.90385932,-0.669297675,0.508502203,1,"Geno_at_37"
"Psma8","ENSMUSG00000036743.4",-0.0313527461,-0.0700351775,-0.232790889,0.817528879,1,"Geno_at_37"
"Tmem30a","ENSMUSG00000032328.12",-0.0313481239,7.93111882,-0.903249701,0.373698847,1,"Geno_at_37"
"Ccnf","ENSMUSG00000072082.7",-0.0313442325,6.5958378,-0.897277942,0.376823993,1,"Geno_at_37"
"Eif1","ENSMUSG00000035530.13",-0.0313421385,8.48983807,-0.427551021,0.674288883,1,"Geno_at_37"
"Bclaf1","ENSMUSG00000037608.16",0.0313316375,8.73201709,0.97881851,0.335616625,1,"Geno_at_37"
"Cyp2s1","ENSMUSG00000040703.11",-0.0313270034,2.05056426,-0.259083125,0.79736823,1,"Geno_at_37"
"Fbxo4","ENSMUSG00000022184.8",0.031318997,3.19360561,0.452914228,0.653918962,1,"Geno_at_37"
"Hdac5","ENSMUSG00000008855.17",-0.0313164758,6.15480996,-0.997829995,0.326464028,1,"Geno_at_37"
"Rbm10","ENSMUSG00000031060.16",0.0313148145,6.56131829,1.0975847,0.281250474,1,"Geno_at_37"
"Gm49774","ENSMUSG00000116657.1",-0.0313052169,0.31114512,-0.23917198,0.812623523,1,"Geno_at_37"
"Gm42876","ENSMUSG00000105691.1",-0.0313011034,-0.423306801,-0.274580189,0.785549587,1,"Geno_at_37"
"Scoc","ENSMUSG00000063253.11",0.0313001721,3.86928348,0.536131238,0.595881451,1,"Geno_at_37"
"Gpatch8","ENSMUSG00000034621.14",0.0312998617,6.92648695,1.19687808,0.240869424,1,"Geno_at_37"
"Hibadh","ENSMUSG00000029776.11",-0.031296251,6.2213234,-0.848665087,0.402891192,1,"Geno_at_37"
"Rplp0","ENSMUSG00000067274.10",-0.0312926047,11.3240492,-1.38482431,0.176474845,1,"Geno_at_37"
"Rpap1","ENSMUSG00000034032.15",0.031285693,6.06818539,0.883883064,0.383895248,1,"Geno_at_37"
"Hivep3","ENSMUSG00000028634.17",0.0312727238,8.50368904,0.724376662,0.475274486,1,"Geno_at_37"
"Araf","ENSMUSG00000001127.12",-0.0312700943,7.07773174,-1.15045252,0.259183746,1,"Geno_at_37"
"Mtarc2","ENSMUSG00000073481.9",0.0312639929,5.42163811,0.883468749,0.384115322,1,"Geno_at_37"
"Gpld1","ENSMUSG00000021340.13",0.0312557139,3.03096516,0.293395551,0.771493794,1,"Geno_at_37"
"Emc7","ENSMUSG00000055943.5",-0.0312473837,6.00202431,-0.971847679,0.339015683,1,"Geno_at_37"
"Zfp46","ENSMUSG00000051351.14",-0.0312386957,4.08165978,-0.469617478,0.642075763,1,"Geno_at_37"
"Ppp1r2-ps2","ENSMUSG00000099662.1",-0.0312377593,1.89801071,-0.324193627,0.748075392,1,"Geno_at_37"
"Cdh15","ENSMUSG00000031962.6",0.0312337157,-0.622464863,0.314156984,0.755609331,1,"Geno_at_37"
"Gm3365","ENSMUSG00000111594.1",-0.0312329119,1.08329657,-0.284227676,0.778218368,1,"Geno_at_37"
"Gm5830","ENSMUSG00000072978.3",0.0312315927,1.12632483,0.299093971,0.766962071,1,"Geno_at_37"
"Snx1","ENSMUSG00000032382.14",0.0312151335,6.5036832,1.00585728,0.322651155,1,"Geno_at_37"
"Mark4","ENSMUSG00000030397.11",-0.0312080945,5.21226154,-0.58003405,0.566289064,1,"Geno_at_37"
"Plekha5","ENSMUSG00000030231.11",0.0312038877,5.10593554,0.729161007,0.471644099,1,"Geno_at_37"
"Pik3r2","ENSMUSG00000031834.15",-0.0311805384,4.96308324,-0.566675033,0.575214842,1,"Geno_at_37"
"Gm1848","ENSMUSG00000083892.3",-0.0311792322,4.54174026,-0.582065484,0.564937912,1,"Geno_at_37"
"Polr3g","ENSMUSG00000035834.11",-0.0311788894,4.97423138,-0.704800546,0.486453387,1,"Geno_at_37"
"Gm12868","ENSMUSG00000085505.1",-0.0311734999,-0.525137523,-0.267200173,0.791171304,1,"Geno_at_37"
"Gm7160","ENSMUSG00000099843.1",-0.031169674,0.873875926,-0.30850493,0.759862844,1,"Geno_at_37"
"Bcl2a1b","ENSMUSG00000089929.1",-0.0311685421,3.02813148,-0.370019835,0.714006889,1,"Geno_at_37"
"Lmnb1","ENSMUSG00000024590.8",0.0311669322,8.6903101,0.989279909,0.330558955,1,"Geno_at_37"
"Orm2","ENSMUSG00000061540.3",-0.0311581653,0.772418864,-0.235997708,0.815062738,1,"Geno_at_37"
"Cwc15","ENSMUSG00000004096.9",-0.0311575666,6.76455487,-0.975138986,0.337407919,1,"Geno_at_37"
"Gm16581","ENSMUSG00000089670.1",-0.031147355,1.10765481,-0.299290213,0.766813822,1,"Geno_at_37"
"Cdc20","ENSMUSG00000006398.15",-0.0311288114,7.48725535,-1.00244219,0.324269537,1,"Geno_at_37"
"Cdca4","ENSMUSG00000047832.9",-0.0311269322,6.78811983,-1.08439691,0.286958306,1,"Geno_at_37"
"Med8","ENSMUSG00000006392.16",-0.0311216335,6.10108532,-0.955032089,0.347310427,1,"Geno_at_37"
"Gm43858","ENSMUSG00000104546.1",0.0311189567,2.05103552,0.344039852,0.733252826,1,"Geno_at_37"
"Gm3839","ENSMUSG00000097148.2",0.03111721,-0.467157293,0.291197311,0.772934915,1,"Geno_at_37"
"Rpl24","ENSMUSG00000098274.7",-0.03110825,1.50352744,-0.299409626,0.766723617,1,"Geno_at_37"
"Junb","ENSMUSG00000052837.7",-0.0311057269,8.07500928,-0.207395893,0.838283714,1,"Geno_at_37"
"Zfp69","ENSMUSG00000064141.14",0.0310870873,1.17466905,0.279972184,0.781449644,1,"Geno_at_37"
"Scaper","ENSMUSG00000034007.10",0.03106704,4.23262192,0.573180707,0.570859369,1,"Geno_at_37"
"Trbv31","ENSMUSG00000076499.3",-0.0310620662,3.95237537,-0.558762702,0.580534217,1,"Geno_at_37"
"Ndufa11","ENSMUSG00000002379.7",-0.0310596446,4.34903462,-0.569388661,0.573396092,1,"Geno_at_37"
"Gm38104","ENSMUSG00000104154.1",0.0310483009,0.171153955,0.234716208,0.816048021,1,"Geno_at_37"
"Traj2","ENSMUSG00000076926.1",0.0310448199,1.00571432,0.264410412,0.793299397,1,"Geno_at_37"
"Wdr20","ENSMUSG00000037957.14",0.031037312,5.13111483,0.842736024,0.406146577,1,"Geno_at_37"
"Mphosph9","ENSMUSG00000038126.17",0.0310368234,5.61593038,0.60912061,0.54709993,1,"Geno_at_37"
"Samd8","ENSMUSG00000021770.11",-0.0310337964,4.63389726,-0.573468126,0.570667326,1,"Geno_at_37"
"Svbp","ENSMUSG00000028643.11",-0.0310321652,3.39646695,-0.514782776,0.610534567,1,"Geno_at_37"
"Icos","ENSMUSG00000026009.14",-0.0310295905,7.65219516,-0.825175864,0.41588456,1,"Geno_at_37"
"Gm10366","ENSMUSG00000115767.1",-0.031028303,0.859142045,-0.233989517,0.816606874,1,"Geno_at_37"
"Ano8","ENSMUSG00000034863.9",-0.0310169361,4.67629569,-0.314705501,0.756393848,1,"Geno_at_37"
"Zfp143","ENSMUSG00000061079.14",-0.0310139033,4.84044246,-0.692939321,0.493758761,1,"Geno_at_37"
"Gm50387","ENSMUSG00000118125.1",-0.0310036171,1.04920463,-0.214128364,0.831917851,1,"Geno_at_37"
"Gm36235","ENSMUSG00000113930.1",-0.0310030932,-0.6149046,-0.288920836,0.774659434,1,"Geno_at_37"
"Zfp781","ENSMUSG00000096718.2",0.0310018241,-0.0503750799,0.242377326,0.810162368,1,"Geno_at_37"
"Zbtb6","ENSMUSG00000066798.3",0.0310010788,4.97376533,0.776336642,0.443720862,1,"Geno_at_37"
"Ndufa3","ENSMUSG00000035674.13",-0.030996317,5.74866029,-0.812059424,0.42325204,1,"Geno_at_37"
"Gimap8","ENSMUSG00000064262.7",0.0309889191,6.97072187,0.749166993,0.459679817,1,"Geno_at_37"
"Cdk10","ENSMUSG00000033862.7",-0.0309815167,4.28960593,-0.495848207,0.623669844,1,"Geno_at_37"
"Gm6565","ENSMUSG00000079224.5",0.0309785054,2.76888187,0.344246206,0.733099244,1,"Geno_at_37"
"Tmem131","ENSMUSG00000026116.11",-0.0309752829,7.98720699,-0.722874647,0.475876677,1,"Geno_at_37"
"Gm18329","ENSMUSG00000111738.1",-0.0309730867,0.344835168,-0.18688731,0.853096383,1,"Geno_at_37"
"Gatm","ENSMUSG00000027199.14",0.0309730152,4.87722765,0.283346194,0.780223687,1,"Geno_at_37"
"AI987944","ENSMUSG00000056383.10",0.0309720646,4.6261916,0.651309465,0.519880714,1,"Geno_at_37"
"Golim4","ENSMUSG00000034109.15",-0.0309659436,5.23034803,-0.662266486,0.512933409,1,"Geno_at_37"
"Gm45871","ENSMUSG00000110277.2",-0.0309657451,3.19607821,-0.434092307,0.667374895,1,"Geno_at_37"
"Col8a2","ENSMUSG00000056174.8",0.0309604232,-0.0106829986,0.231405915,0.818594555,1,"Geno_at_37"
"Kdm2a","ENSMUSG00000054611.17",0.0309468487,7.48007022,0.807000649,0.426114885,1,"Geno_at_37"
"Mxd4","ENSMUSG00000037235.13",-0.0309363859,6.24856441,-0.334408023,0.742157578,1,"Geno_at_37"
"B4galt5","ENSMUSG00000017929.13",0.0309273048,5.56257156,0.821700675,0.417828777,1,"Geno_at_37"
"Esyt2","ENSMUSG00000021171.8",0.0309177827,6.91517425,0.981758745,0.334189873,1,"Geno_at_37"
"Gm48027","ENSMUSG00000113775.1",0.0309096652,1.09037413,0.246218226,0.807215816,1,"Geno_at_37"
"Marveld2","ENSMUSG00000021636.15",0.0309008744,1.97344231,0.119093024,0.906618661,1,"Geno_at_37"
"Anapc5","ENSMUSG00000029472.13",0.0308919672,8.56766083,1.0774555,0.289995452,1,"Geno_at_37"
"Cox20","ENSMUSG00000026500.6",-0.0308903331,-0.0679738447,-0.260389547,0.796369451,1,"Geno_at_37"
"Otud3","ENSMUSG00000041161.8",0.030887416,3.07561189,0.392984872,0.697151799,1,"Geno_at_37"
"Ncapg","ENSMUSG00000015880.13",0.0308867293,7.05728191,0.784123358,0.439209116,1,"Geno_at_37"
"Setdb1","ENSMUSG00000015697.14",0.0308863123,7.39112466,1.16208492,0.254502228,1,"Geno_at_37"
"Idh3a","ENSMUSG00000032279.11",0.0308789816,6.70707246,0.939445804,0.355119049,1,"Geno_at_37"
"Tbl3","ENSMUSG00000040688.16",-0.0308789735,6.10208783,-0.778864825,0.44225295,1,"Geno_at_37"
"Ddx4","ENSMUSG00000021758.14",0.0308740575,-0.553429541,0.305803305,0.761898691,1,"Geno_at_37"
"Bad","ENSMUSG00000024959.14",-0.0308731357,3.59551851,-0.447878447,0.657507747,1,"Geno_at_37"
"Bcl7c","ENSMUSG00000030814.17",0.0308639825,4.54659813,0.533336184,0.597790303,1,"Geno_at_37"
"Gm12454","ENSMUSG00000087142.7",0.0308620009,-0.312730265,0.273404602,0.786444311,1,"Geno_at_37"
"Mocs1","ENSMUSG00000064120.14",-0.0308575107,4.01921276,-0.523703742,0.60439095,1,"Geno_at_37"
"Rwdd2b","ENSMUSG00000041079.12",-0.0308470326,4.00883322,-0.619049543,0.540627825,1,"Geno_at_37"
"Lap3","ENSMUSG00000039682.12",0.0308467635,6.26985006,0.878749129,0.386627989,1,"Geno_at_37"
"Gm48078","ENSMUSG00000114293.1",-0.0308456946,0.232678463,-0.255687146,0.799964082,1,"Geno_at_37"
"Axl","ENSMUSG00000002602.16",-0.0308393631,7.67346377,-0.744852204,0.462348745,1,"Geno_at_37"
"Smarca5-ps","ENSMUSG00000052912.7",-0.0308347153,2.18321716,-0.308971916,0.759511117,1,"Geno_at_37"
"Tmc4","ENSMUSG00000019734.16",-0.0308229508,3.64851063,-0.468920221,0.642568262,1,"Geno_at_37"
"Gm31763","ENSMUSG00000112925.1",-0.0308213275,1.25547181,-0.256412528,0.79940929,1,"Geno_at_37"
"Zfp101","ENSMUSG00000055240.17",0.030816102,5.36476874,0.779013317,0.442166823,1,"Geno_at_37"
"Galt","ENSMUSG00000036073.17",-0.0308107962,3.61960663,-0.49521407,0.624111975,1,"Geno_at_37"
"Ddx19b","ENSMUSG00000033658.16",-0.0308049681,6.27006188,-0.949597505,0.350019981,1,"Geno_at_37"
"Tomm70a","ENSMUSG00000022752.9",0.030803095,7.86442164,1.15125513,0.25885873,1,"Geno_at_37"
"Tmem41b","ENSMUSG00000047554.14",0.0307933236,5.12936999,0.640204928,0.526973293,1,"Geno_at_37"
"Zcchc9","ENSMUSG00000021621.15",0.0307913967,6.13912031,0.717458285,0.478725647,1,"Geno_at_37"
"Bscl2","ENSMUSG00000071657.12",-0.0307811441,4.90317575,-0.670388795,0.507816452,1,"Geno_at_37"
"B230217C12Rik","ENSMUSG00000050538.8",0.0307777005,-0.308385283,0.241175247,0.811085128,1,"Geno_at_37"
"Gm8890","ENSMUSG00000096846.7",-0.0307753136,-0.283431548,-0.248116727,0.805760437,1,"Geno_at_37"
"Nomo1","ENSMUSG00000030835.6",0.0307621634,6.97257109,0.899413823,0.3757043,1,"Geno_at_37"
"Gm18649","ENSMUSG00000117192.1",-0.0307568551,0.326060195,-0.262591354,0.79468789,1,"Geno_at_37"
"Gm37204","ENSMUSG00000103657.1",0.0307548083,0.738386935,0.233794603,0.816756787,1,"Geno_at_37"
"Idh3b","ENSMUSG00000027406.13",-0.0307525803,7.05803765,-1.00521271,0.322956186,1,"Geno_at_37"
"Gm17133","ENSMUSG00000091160.1",0.0307510471,-0.399487655,0.266119032,0.79199583,1,"Geno_at_37"
"Fam207a","ENSMUSG00000032977.9",0.0307502151,5.98155329,0.722002653,0.47596853,1,"Geno_at_37"
"Coro1c","ENSMUSG00000004530.12",0.0307385263,7.1732892,1.03291009,0.31002694,1,"Geno_at_37"
"Pou6f1","ENSMUSG00000009739.17",-0.0307378513,4.66212474,-0.389804214,0.700199754,1,"Geno_at_37"
"Zfp148","ENSMUSG00000022811.17",0.0307311073,6.83058369,0.897695417,0.37660497,1,"Geno_at_37"
"Hipk4","ENSMUSG00000040424.15",-0.0307215407,0.229529781,-0.223843523,0.824419645,1,"Geno_at_37"
"Dnah9","ENSMUSG00000056752.16",-0.0307147955,-0.510344171,-0.2203036,0.827188355,1,"Geno_at_37"
"Sharpin","ENSMUSG00000022552.16",-0.0307132441,5.65270395,-0.826736818,0.415013105,1,"Geno_at_37"
"Gm8873","ENSMUSG00000111968.1",0.0307005793,-0.658678436,0.276020334,0.784453918,1,"Geno_at_37"
"Ints6","ENSMUSG00000035161.7",0.0306973481,6.91590221,0.759003326,0.453863436,1,"Geno_at_37"
"Fam168b","ENSMUSG00000037503.12",-0.0306927742,8.5399672,-1.249658,0.221233116,1,"Geno_at_37"
"Prkrip1","ENSMUSG00000039737.11",-0.0306797073,4.95484234,-0.67255567,0.506456121,1,"Geno_at_37"
"Gm8233","ENSMUSG00000115926.1",0.0306783673,-0.96611104,0.435902375,0.666075873,1,"Geno_at_37"
"Serpinf1","ENSMUSG00000000753.15",-0.0306782891,1.22425801,-0.273254299,0.786558725,1,"Geno_at_37"
"Gm47424","ENSMUSG00000114095.1",0.0306774326,-0.593097492,0.271765034,0.787692658,1,"Geno_at_37"
"Cryz","ENSMUSG00000028199.18",-0.0306695789,3.33053358,-0.429405365,0.670743415,1,"Geno_at_37"
"Tk2","ENSMUSG00000035824.7",-0.0306657573,4.09193199,-0.522841522,0.604983461,1,"Geno_at_37"
"Nxf1","ENSMUSG00000010097.15",-0.0306639155,7.72740724,-0.925021351,0.362448621,1,"Geno_at_37"
"Ywhaq","ENSMUSG00000076432.13",0.0306539799,6.35253178,0.884895099,0.383358023,1,"Geno_at_37"
"Ehmt1","ENSMUSG00000036893.17",0.0306446869,6.52873259,0.786528039,0.437821423,1,"Geno_at_37"
"Mbp","ENSMUSG00000041607.17",0.0306426359,7.35227401,0.93410665,0.357820522,1,"Geno_at_37"
"Insl3","ENSMUSG00000079019.2",0.030630182,3.01029024,0.33796872,0.737776394,1,"Geno_at_37"
"Gm44130","ENSMUSG00000108211.1",0.0306294258,0.01054098,0.190223333,0.850506372,1,"Geno_at_37"
"Mir1957a","ENSMUSG00000088552.1",0.030626805,-0.432704199,0.187978939,0.852408225,1,"Geno_at_37"
"Irf5","ENSMUSG00000029771.12",0.0306237472,5.89091464,0.591601245,0.558849228,1,"Geno_at_37"
"Gm41668","ENSMUSG00000117573.1",-0.0306208127,-0.859321564,-0.38366366,0.703974717,1,"Geno_at_37"
"Col6a1","ENSMUSG00000001119.7",0.0306148463,-0.668092687,0.264228551,0.793438182,1,"Geno_at_37"
"Eif4g2","ENSMUSG00000005610.17",-0.0306139599,10.3290774,-1.26212931,0.216774337,1,"Geno_at_37"
"Josd2","ENSMUSG00000038695.13",-0.0305984227,4.87519722,-0.61583431,0.54271924,1,"Geno_at_37"
"Prkcz2","ENSMUSG00000108314.1",0.0305902018,2.72690442,0.426848312,0.672584121,1,"Geno_at_37"
"Yju2","ENSMUSG00000003208.9",0.0305806134,4.41638955,0.581964669,0.565004928,1,"Geno_at_37"
"Scp2-ps2","ENSMUSG00000058492.5",0.0305744331,3.85092674,0.513978794,0.611089675,1,"Geno_at_37"
"Gm15497","ENSMUSG00000081142.1",0.0305727708,-0.376418435,0.207282877,0.837284336,1,"Geno_at_37"
"Acot11","ENSMUSG00000034853.16",0.0305718862,2.88953397,0.377762827,0.708307025,1,"Geno_at_37"
"Blcap","ENSMUSG00000067787.10",-0.0305685576,4.9848384,-0.741670547,0.464141906,1,"Geno_at_37"
"Gm22858","ENSMUSG00000092713.1",-0.0305652556,0.0594703762,-0.24963221,0.804599185,1,"Geno_at_37"
"Gm16385","ENSMUSG00000116811.1",-0.0305620156,-0.493804836,-0.266504696,0.791701677,1,"Geno_at_37"
"Pisd-ps1","ENSMUSG00000082286.11",0.0305584839,3.47827963,0.40447367,0.68877761,1,"Geno_at_37"
"Rps13-ps1","ENSMUSG00000066362.5",0.0305557993,-0.302285515,0.275355876,0.784959385,1,"Geno_at_37"
"Itpr2","ENSMUSG00000030287.15",-0.0305522455,5.55250329,-0.642090123,0.52576555,1,"Geno_at_37"
"Zcchc2","ENSMUSG00000038866.15",0.0305509329,6.17544929,0.835680064,0.410042144,1,"Geno_at_37"
"Gm10167","ENSMUSG00000066554.6",0.0305441183,7.04755549,0.581415079,0.56641832,1,"Geno_at_37"
"Wdr45b","ENSMUSG00000025173.13",-0.0305407258,5.48927129,-0.697825084,0.490742143,1,"Geno_at_37"
"Btnl9","ENSMUSG00000040283.14",0.0305345979,-0.702838796,0.389936183,0.699380572,1,"Geno_at_37"
"Slc35e3","ENSMUSG00000060181.6",0.0305334677,3.30683501,0.41611672,0.680331712,1,"Geno_at_37"
"Ankrd52","ENSMUSG00000014498.9",0.0305326026,7.64875702,1.02905468,0.311804835,1,"Geno_at_37"
"Tbc1d20","ENSMUSG00000027465.13",-0.0305223907,6.34895678,-0.945135404,0.352255193,1,"Geno_at_37"
"Mus81","ENSMUSG00000024906.10",-0.0305132137,4.15971811,-0.507110096,0.615841716,1,"Geno_at_37"
"A930016O22Rik","ENSMUSG00000040705.2",0.0305086261,-0.641764,0.244580237,0.808472053,1,"Geno_at_37"
"Adk","ENSMUSG00000039197.10",0.0304905783,4.98179429,0.641607604,0.526074532,1,"Geno_at_37"
"4933413J09Rik","ENSMUSG00000021874.12",-0.0304885277,-0.127550538,-0.238681081,0.813000622,1,"Geno_at_37"
"Zbtb43","ENSMUSG00000026788.13",0.0304808495,5.15810966,0.774745751,0.444646063,1,"Geno_at_37"
"Eomes","ENSMUSG00000032446.14",0.0304760389,2.25113559,0.25011837,0.804316077,1,"Geno_at_37"
"Zfyve26","ENSMUSG00000066440.5",0.0304737983,5.87172793,0.70200463,0.488169851,1,"Geno_at_37"
"Gm14443","ENSMUSG00000078902.3",-0.0304703044,-0.232744766,-0.196149026,0.845929652,1,"Geno_at_37"
"Dnajc21","ENSMUSG00000044224.16",0.0304689256,6.09826047,0.570558303,0.573114003,1,"Geno_at_37"
"Haghl","ENSMUSG00000061046.9",-0.0304648332,3.52287501,-0.47438134,0.638715306,1,"Geno_at_37"
"Ntn3","ENSMUSG00000117406.1",-0.0304645315,-0.830531241,-0.326871142,0.746069764,1,"Geno_at_37"
"Recql4","ENSMUSG00000033762.8",0.0304637655,4.91247992,0.597913027,0.554453659,1,"Geno_at_37"
"Gm9523","ENSMUSG00000106181.1",-0.0304623115,1.78857232,-0.283362036,0.778875341,1,"Geno_at_37"
"2600014E21Rik","ENSMUSG00000100303.3",0.0304617665,-0.75930674,0.292283131,0.772112779,1,"Geno_at_37"
"Dpf3","ENSMUSG00000021221.15",-0.0304615925,-0.440107476,-0.230544336,0.81925768,1,"Geno_at_37"
"Bbs10","ENSMUSG00000035759.4",0.030446182,1.62839453,0.294788689,0.770216705,1,"Geno_at_37"
"Htatsf1","ENSMUSG00000067873.11",0.0304411985,6.20330236,0.908171457,0.371135904,1,"Geno_at_37"
"Ndrg3","ENSMUSG00000027634.14",-0.030440466,5.44262648,-0.76917695,0.447893763,1,"Geno_at_37"
"C5ar2","ENSMUSG00000074361.11",-0.03043524,-0.0750678851,-0.251361788,0.803274433,1,"Geno_at_37"
"Ddx39b","ENSMUSG00000019432.15",-0.0304254114,8.79236796,-0.991425998,0.329527849,1,"Geno_at_37"
"Aco1","ENSMUSG00000028405.9",0.0304224539,5.91144303,0.948830417,0.350403566,1,"Geno_at_37"
"Gm15478","ENSMUSG00000085363.1",0.0304058378,-0.592812263,0.31258829,0.756789094,1,"Geno_at_37"
"2510002D24Rik","ENSMUSG00000071632.10",0.0304000138,3.78294788,0.508348708,0.614983534,1,"Geno_at_37"
"Gapvd1","ENSMUSG00000026867.18",0.0303991455,8.62411837,1.12169677,0.271024957,1,"Geno_at_37"
"Xrra1","ENSMUSG00000035211.9",-0.0303961851,0.273427104,-0.245440993,0.807811841,1,"Geno_at_37"
"Gm36940","ENSMUSG00000102419.1",0.0303960086,-0.397749827,0.309704579,0.758959392,1,"Geno_at_37"
"Ptcd3","ENSMUSG00000063884.6",-0.0303940306,6.67791966,-1.00313544,0.323940562,1,"Geno_at_37"
"Atg16l2","ENSMUSG00000047767.17",0.0303913536,5.34302027,0.704372591,0.486715894,1,"Geno_at_37"
"Nde1","ENSMUSG00000022678.16",0.0303901394,6.89637437,1.03215433,0.310374897,1,"Geno_at_37"
"Pde6c","ENSMUSG00000024992.13",0.0303891119,-0.413810632,0.271548108,0.787857867,1,"Geno_at_37"
"Gm15387","ENSMUSG00000082585.3",0.0303886316,4.47612774,0.521489303,0.605913248,1,"Geno_at_37"
"Gm20604","ENSMUSG00000041716.7",-0.0303860055,2.13599256,-0.388030223,0.700775328,1,"Geno_at_37"
"Lrp12","ENSMUSG00000022305.13",-0.0303760183,3.50257393,-0.374296086,0.710856904,1,"Geno_at_37"
"Gm17112","ENSMUSG00000090873.1",-0.0303720803,1.0160501,-0.255878508,0.799817712,1,"Geno_at_37"
"Fam118b","ENSMUSG00000050471.17",-0.0303701702,4.7525826,-0.616554074,0.542250686,1,"Geno_at_37"
"Wls","ENSMUSG00000028173.10",-0.0303684596,5.27323945,-0.462690766,0.647635992,1,"Geno_at_37"
"Chd5","ENSMUSG00000005045.16",-0.0303604058,-0.416947907,-0.281559405,0.78024397,1,"Geno_at_37"
"Gm12583","ENSMUSG00000082878.1",-0.0303599815,2.26674153,-0.388981007,0.700079425,1,"Geno_at_37"
"Psmc5","ENSMUSG00000020708.12",0.0303454553,7.10304551,0.940228884,0.354723972,1,"Geno_at_37"
"Zfp940","ENSMUSG00000050855.16",0.0303433317,3.57453555,0.465407286,0.64505209,1,"Geno_at_37"
"Dpp8","ENSMUSG00000032393.15",0.030343025,7.28877554,1.0400222,0.306765742,1,"Geno_at_37"
"Tshb","ENSMUSG00000027857.10",0.0303391169,-0.294872347,0.239656012,0.812251744,1,"Geno_at_37"
"Zfp553","ENSMUSG00000045598.10",-0.0303378357,5.00996094,-0.51973152,0.607131722,1,"Geno_at_37"
"Stard13","ENSMUSG00000016128.14",0.0303352073,1.85869265,0.260389954,0.79636914,1,"Geno_at_37"
"Alg8","ENSMUSG00000035704.17",-0.0303338529,5.70330766,-0.82847044,0.414046582,1,"Geno_at_37"
"Lrp5","ENSMUSG00000024913.16",0.0303310862,4.84298785,0.572604145,0.571244703,1,"Geno_at_37"
"Pxn","ENSMUSG00000029528.19",-0.030326268,6.00190614,-0.611223947,0.545839945,1,"Geno_at_37"
"Fyn","ENSMUSG00000019843.14",-0.0303243329,8.18591273,-1.08591715,0.286296166,1,"Geno_at_37"
"Gm47503","ENSMUSG00000111491.1",0.0303235531,0.378701242,0.219000633,0.828155352,1,"Geno_at_37"
"Inpp5d","ENSMUSG00000026288.14",-0.0303229309,7.22833107,-0.896255523,0.377360741,1,"Geno_at_37"
"Coro1b","ENSMUSG00000024835.15",-0.0303105171,7.02346946,-0.904129125,0.373240055,1,"Geno_at_37"
"Gm4459","ENSMUSG00000083626.1",-0.0303013471,3.89620619,-0.595142998,0.556278989,1,"Geno_at_37"
"4930402H24Rik","ENSMUSG00000027309.18",-0.0303010656,4.1191644,-0.518413457,0.608030702,1,"Geno_at_37"
"Cep162","ENSMUSG00000056919.9",0.0302833748,5.53524116,0.602791235,0.551246636,1,"Geno_at_37"
"Atxn2l","ENSMUSG00000032637.15",-0.0302786397,8.42218488,-0.896029408,0.377479513,1,"Geno_at_37"
"Gm48998","ENSMUSG00000115087.1",-0.0302733475,0.693910697,-0.260154921,0.796548698,1,"Geno_at_37"
"Harbi1","ENSMUSG00000027243.8",-0.0302630182,3.55079673,-0.469344913,0.642268267,1,"Geno_at_37"
"Dcp2","ENSMUSG00000024472.9",0.0302624878,6.59383587,0.920847167,0.364588131,1,"Geno_at_37"
"Hilpda","ENSMUSG00000043421.8",-0.0302601192,3.06566609,-0.189416629,0.851860517,1,"Geno_at_37"
"Klhdc10","ENSMUSG00000029775.14",0.0302562972,5.70047951,0.831489992,0.412366481,1,"Geno_at_37"
"Spata24","ENSMUSG00000024352.12",-0.0302425459,1.46934229,-0.29145364,0.77274081,1,"Geno_at_37"
"Psmd8","ENSMUSG00000030591.17",-0.0302413775,7.98071289,-0.882440847,0.384661667,1,"Geno_at_37"
"Cln8","ENSMUSG00000026317.7",-0.0302293839,3.39302474,-0.496190821,0.623431026,1,"Geno_at_37"
"Neurl3","ENSMUSG00000047180.8",0.0302227524,5.0461361,0.392990988,0.698114849,1,"Geno_at_37"
"Bms1","ENSMUSG00000030138.8",0.0302202253,7.43713842,0.938412189,0.355640972,1,"Geno_at_37"
"Gm23201","ENSMUSG00000077565.1",0.0302201425,2.36003395,0.278873448,0.782284583,1,"Geno_at_37"
"Sars","ENSMUSG00000068739.13",0.0302149579,7.80342951,1.03632397,0.308458542,1,"Geno_at_37"
"Zfp263","ENSMUSG00000022529.11",-0.0302076935,5.77040794,-0.562351872,0.578398489,1,"Geno_at_37"
"Gm42929","ENSMUSG00000106022.1",0.0302066466,-0.595487069,0.257621877,0.798484581,1,"Geno_at_37"
"Gm47879","ENSMUSG00000112288.1",0.0302037288,0.826516623,0.261202792,0.795748244,1,"Geno_at_37"
"Psme2","ENSMUSG00000079197.10",-0.0302016864,6.10433505,-0.695426435,0.492221838,1,"Geno_at_37"
"Gm25520","ENSMUSG00000089014.1",-0.0301901432,-0.729298228,-0.285065037,0.777583017,1,"Geno_at_37"
"Mir6973a","ENSMUSG00000098291.1",-0.0301888896,0.0422013238,-0.256365703,0.799445099,1,"Geno_at_37"
"Gm13245","ENSMUSG00000081998.1",-0.0301849832,0.291699872,-0.225973104,0.822778246,1,"Geno_at_37"
"Klhl18","ENSMUSG00000054792.15",0.0301824054,4.63813997,0.676127896,0.504217938,1,"Geno_at_37"
"Gm15519","ENSMUSG00000083443.1",0.0301795127,4.43304147,0.628974579,0.53419871,1,"Geno_at_37"
"Cops6","ENSMUSG00000019494.14",0.0301755006,6.79557217,1.03624433,0.308495067,1,"Geno_at_37"
"Klhl9","ENSMUSG00000070923.4",0.0301733558,6.27017891,0.739617977,0.465368059,1,"Geno_at_37"
"Plag1","ENSMUSG00000003282.9",0.0301647268,1.51647441,0.263962854,0.793640956,1,"Geno_at_37"
"Trim30b","ENSMUSG00000052749.9",-0.0301505926,-0.913869082,-0.361289303,0.720453886,1,"Geno_at_37"
"Alg10b","ENSMUSG00000075470.2",0.0301420143,6.6456567,0.958876107,0.345402386,1,"Geno_at_37"
"Spata5","ENSMUSG00000027722.14",0.030139034,6.31452554,0.928953885,0.360440548,1,"Geno_at_37"
"Bud23","ENSMUSG00000005378.17",-0.0301330255,5.56824482,-0.747884854,0.460441187,1,"Geno_at_37"
"Peli1","ENSMUSG00000020134.13",-0.0301298765,7.55690295,-0.960901933,0.344399666,1,"Geno_at_37"
"Gm6969","ENSMUSG00000066553.5",0.0301226514,2.99484896,0.411510108,0.683668397,1,"Geno_at_37"
"Pfkfb3","ENSMUSG00000026773.19",0.0301225609,5.61932615,0.1680545,0.86861864,1,"Geno_at_37"
"Cog2","ENSMUSG00000031979.17",0.0301175804,5.67343879,0.833332796,0.411343222,1,"Geno_at_37"
"Csad","ENSMUSG00000023044.2",0.03011668,4.78924844,0.636248096,0.529513056,1,"Geno_at_37"
"Thoc7","ENSMUSG00000053453.9",-0.0301159194,5.88757311,-0.706088467,0.485663865,1,"Geno_at_37"
"Osbpl6","ENSMUSG00000042359.18",0.0301081396,-0.279911816,0.23439957,0.816291515,1,"Geno_at_37"
"Fam210b","ENSMUSG00000027495.4",0.0300925787,4.11801369,0.488413884,0.628862109,1,"Geno_at_37"
"Ubiad1","ENSMUSG00000047719.2",-0.0300920956,4.2796366,-0.570165138,0.572876203,1,"Geno_at_37"
"Scamp3","ENSMUSG00000028049.15",0.0300866615,5.38748233,0.599252205,0.553572304,1,"Geno_at_37"
"Ncbp2","ENSMUSG00000022774.13",0.0300810763,6.39517806,0.800755972,0.429665187,1,"Geno_at_37"
"Epc1","ENSMUSG00000024240.13",-0.030061933,5.71947695,-0.749849236,0.459274984,1,"Geno_at_37"
"Chchd2-ps","ENSMUSG00000094320.1",0.030060023,2.1062311,0.402083143,0.690516809,1,"Geno_at_37"
"Cdca7","ENSMUSG00000055612.15",0.030059039,7.79795036,1.04948812,0.302462397,1,"Geno_at_37"
"Lrrc41","ENSMUSG00000028703.14",0.0300554333,5.46727202,0.822950403,0.417128961,1,"Geno_at_37"
"Gm15790","ENSMUSG00000089648.1",0.0300548368,3.16516171,0.369179174,0.714626745,1,"Geno_at_37"
"Gm49617","ENSMUSG00000116890.1",0.030053509,-0.540075433,0.258020352,0.798179959,1,"Geno_at_37"
"Dnajc11","ENSMUSG00000039768.16",0.0300484252,6.66991271,1.03556142,0.308808392,1,"Geno_at_37"
"Tbc1d9b","ENSMUSG00000036644.15",-0.0300464386,5.84593381,-0.848765426,0.402836242,1,"Geno_at_37"
"Bex3","ENSMUSG00000046432.12",0.0300448179,5.48401194,0.71466174,0.480426891,1,"Geno_at_37"
"Gm650","ENSMUSG00000052157.4",0.0300429468,-0.543369126,0.258507394,0.797807675,1,"Geno_at_37"
"Mfsd5","ENSMUSG00000045665.5",-0.0300354457,5.58060865,-0.642943076,0.525219598,1,"Geno_at_37"
"Mreg","ENSMUSG00000039395.8",-0.0300200992,3.20037601,-0.207267279,0.838009569,1,"Geno_at_37"
"Disc1","ENSMUSG00000043051.17",-0.0300168221,1.30389444,-0.24038223,0.811694029,1,"Geno_at_37"
"Ttl","ENSMUSG00000027394.13",0.030011858,4.20563696,0.558302005,0.580844684,1,"Geno_at_37"
"Gm10263","ENSMUSG00000066407.3",-0.0300026397,4.57938367,-0.453419507,0.653634513,1,"Geno_at_37"
"Tor1aip1","ENSMUSG00000026466.16",-0.0299967549,6.24684887,-0.872090193,0.390191016,1,"Geno_at_37"
"Eif2d","ENSMUSG00000026427.16",-0.0299928141,6.11966228,-0.917015448,0.366559398,1,"Geno_at_37"
"Stat2","ENSMUSG00000040033.16",0.0299919911,6.26184898,0.655117942,0.517460173,1,"Geno_at_37"
"Slc9b2","ENSMUSG00000037994.14",-0.0299829317,6.0819262,-0.667088789,0.509892013,1,"Geno_at_37"
"Elp1","ENSMUSG00000028431.11",0.0299821797,6.54055718,0.927362906,0.361252065,1,"Geno_at_37"
"Pdik1l","ENSMUSG00000050890.15",-0.0299820271,5.31961204,-0.798839106,0.430758603,1,"Geno_at_37"
"Gm15427","ENSMUSG00000081051.4",-0.0299801233,9.4576543,-1.01355517,0.319023532,1,"Geno_at_37"
"Armt1","ENSMUSG00000061759.15",-0.029958468,5.35577726,-0.670671855,0.507638637,1,"Geno_at_37"
"Rbbp5","ENSMUSG00000026439.14",0.0299492449,6.48357447,1.05894349,0.298206181,1,"Geno_at_37"
"Gm8934","ENSMUSG00000117810.1",-0.02994647,-0.413746027,-0.229499113,0.82006233,1,"Geno_at_37"
"Mllt10","ENSMUSG00000026743.16",0.0299426249,6.23673124,0.962964125,0.343380953,1,"Geno_at_37"
"Cemip2","ENSMUSG00000024754.13",-0.0299413789,4.24463721,-0.532268651,0.598520133,1,"Geno_at_37"
"P4hb","ENSMUSG00000025130.11",-0.0299368685,8.85451603,-0.788564959,0.436770559,1,"Geno_at_37"
"Gm5597","ENSMUSG00000098009.1",-0.0299365429,1.38886119,-0.2699494,0.789075731,1,"Geno_at_37"
"9330159M07Rik","ENSMUSG00000097177.8",0.0299300517,-0.110390592,0.212320376,0.833315065,1,"Geno_at_37"
"Psap","ENSMUSG00000004207.14",-0.0299208557,8.25068341,-1.23419913,0.226855509,1,"Geno_at_37"
"Arfgap3","ENSMUSG00000054277.8",0.0299184044,3.85555244,0.592611174,0.557950044,1,"Geno_at_37"
"Urgcp","ENSMUSG00000049680.17",0.029916688,5.77854625,0.862189924,0.395527053,1,"Geno_at_37"
"Cfap97","ENSMUSG00000031631.15",0.0299128101,5.04279196,0.670935692,0.507472929,1,"Geno_at_37"
"Gm12335","ENSMUSG00000085738.2",-0.0299045291,-0.425008307,-0.26092154,0.795963066,1,"Geno_at_37"
"Dbf4","ENSMUSG00000002297.16",-0.0299032794,6.79491161,-0.818662979,0.419532839,1,"Geno_at_37"
"Calhm4","ENSMUSG00000039508.6",0.0299010618,-0.682610527,0.244021041,0.80890104,1,"Geno_at_37"
"Fastk","ENSMUSG00000028959.14",0.0299003251,5.974748,0.887567376,0.381941807,1,"Geno_at_37"
"Ewsr1","ENSMUSG00000009079.16",-0.029898028,9.00133507,-1.3018878,0.203013578,1,"Geno_at_37"
"Lemd3","ENSMUSG00000048661.14",-0.0298962799,6.09536043,-0.679036656,0.50239951,1,"Geno_at_37"
"Pola1","ENSMUSG00000006678.6",0.0298849594,6.81242953,0.660885978,0.513966838,1,"Geno_at_37"
"Olfr60","ENSMUSG00000060112.4",-0.0298813998,-0.94709797,-0.400115135,0.691949899,1,"Geno_at_37"
"Ndufc2","ENSMUSG00000030647.8",-0.0298805407,6.06491825,-0.747736044,0.460529602,1,"Geno_at_37"
"Slc18b1","ENSMUSG00000037455.16",-0.0298770708,-0.933113931,-0.384788154,0.703150268,1,"Geno_at_37"
"Gm7241","ENSMUSG00000089808.3",-0.029874049,-0.748451208,-0.344869862,0.732635142,1,"Geno_at_37"
"Ube2h","ENSMUSG00000039159.16",0.02986484,7.0849759,0.542069022,0.593075922,1,"Geno_at_37"
"Gm7536","ENSMUSG00000057036.7",-0.0298585866,9.64288235,-0.984071532,0.333070483,1,"Geno_at_37"
"Krt81","ENSMUSG00000067615.4",-0.0298510034,3.28488101,-0.24568498,0.808253004,1,"Geno_at_37"
"Card9","ENSMUSG00000026928.14",-0.0298485137,0.211919151,-0.232590399,0.817683125,1,"Geno_at_37"
"Zfp961","ENSMUSG00000052446.17",-0.0298369442,5.83006776,-0.705752877,0.485869518,1,"Geno_at_37"
"Gm34678","ENSMUSG00000115284.1",0.0298280195,0.775541445,0.300082636,0.766215285,1,"Geno_at_37"
"Pdcd11","ENSMUSG00000025047.9",0.0298273655,7.13519846,0.994139522,0.328227253,1,"Geno_at_37"
"Smndc1","ENSMUSG00000025024.7",-0.0298223254,6.66094086,-0.790927903,0.435289225,1,"Geno_at_37"
"Gm5171","ENSMUSG00000110744.1",0.0298145181,5.0855841,0.73580965,0.467648065,1,"Geno_at_37"
"5830428M24Rik","ENSMUSG00000113035.1",-0.029805633,3.15838499,-0.299846088,0.766536374,1,"Geno_at_37"
"Sgms1","ENSMUSG00000040451.18",-0.0298053268,4.41644887,-0.560837395,0.579137081,1,"Geno_at_37"
"Kif1b","ENSMUSG00000063077.15",0.0298003416,6.24394404,0.846286621,0.404195123,1,"Geno_at_37"
"Nudt21","ENSMUSG00000031754.10",0.0297950867,5.31197707,0.787862973,0.437052205,1,"Geno_at_37"
"Ttc30a1","ENSMUSG00000075271.4",0.0297913634,2.44206176,0.313596485,0.756030796,1,"Geno_at_37"
"Nos2","ENSMUSG00000020826.9",0.0297803499,2.14770413,0.195129536,0.847032257,1,"Geno_at_37"
"Ghitm","ENSMUSG00000041028.16",0.0297678547,8.08590811,1.03756308,0.307890636,1,"Geno_at_37"
"Rab5b","ENSMUSG00000000711.3",0.0297650773,6.44131347,0.963173924,0.343277427,1,"Geno_at_37"
"Gm29724","ENSMUSG00000111673.1",0.0297622184,-0.486014746,0.270379263,0.788748216,1,"Geno_at_37"
"Hdac3","ENSMUSG00000024454.16",-0.0297592506,6.54436483,-1.00774364,0.321759604,1,"Geno_at_37"
"Gm43913","ENSMUSG00000108258.1",0.0297588188,-0.413123671,0.243700729,0.809146796,1,"Geno_at_37"
"Prkaa1","ENSMUSG00000050697.9",0.0297583081,5.90591751,0.82673739,0.415012785,1,"Geno_at_37"
"Bdh1","ENSMUSG00000046598.15",-0.0297582743,6.00527363,-0.906820317,0.371838349,1,"Geno_at_37"
"Pcm1","ENSMUSG00000031592.10",0.0297558352,6.68374196,0.892706173,0.379227916,1,"Geno_at_37"
"Taco1os","ENSMUSG00000085255.1",0.0297533004,-0.736716034,0.292144637,0.772217626,1,"Geno_at_37"
"Gm11491","ENSMUSG00000085310.7",0.0297411722,-0.77370448,0.293764355,0.770991693,1,"Geno_at_37"
"R3hcc1l","ENSMUSG00000025184.10",-0.0297393749,5.54496312,-0.689098866,0.496137281,1,"Geno_at_37"
"Coq3","ENSMUSG00000028247.2",-0.0297347969,3.93573358,-0.503670673,0.618227644,1,"Geno_at_37"
"Aipl1","ENSMUSG00000040554.10",0.0297267002,0.796776966,0.240622035,0.811509887,1,"Geno_at_37"
"Itgal","ENSMUSG00000030830.18",-0.0297156443,8.79550364,-1.20187331,0.238957376,1,"Geno_at_37"
"Rab12","ENSMUSG00000023460.13",0.0297147958,4.81685671,0.686578847,0.497701498,1,"Geno_at_37"
"Hspa9-ps1","ENSMUSG00000081729.1",-0.0297128535,1.11420776,-0.245666344,0.807639018,1,"Geno_at_37"
"Ube2l3","ENSMUSG00000038965.17",-0.0297106218,6.9574325,-0.956219012,0.346720528,1,"Geno_at_37"
"Nbas","ENSMUSG00000020576.10",0.0297100141,5.32342821,0.745885399,0.461629997,1,"Geno_at_37"
"Gm30541","ENSMUSG00000118369.1",0.0297086656,0.394272837,0.187411416,0.852631893,1,"Geno_at_37"
"Tsn","ENSMUSG00000026374.14",0.0297044761,7.51635581,1.06974579,0.293395343,1,"Geno_at_37"
"Cchcr1","ENSMUSG00000040312.14",0.0296944624,5.6173372,0.66937587,0.508453042,1,"Geno_at_37"
"Ykt6","ENSMUSG00000002741.9",-0.0296917568,7.149939,-0.907538737,0.371464741,1,"Geno_at_37"
"Gabrb1","ENSMUSG00000029212.11",0.0296878906,0.0184478605,0.211969653,0.833586168,1,"Geno_at_37"
"Tdg-ps","ENSMUSG00000047347.7",-0.0296861189,1.19815057,-0.249687126,0.804557113,1,"Geno_at_37"
"Pak2","ENSMUSG00000022781.8",0.0296839628,8.16799268,1.12738761,0.26865111,1,"Geno_at_37"
"Ptdss1","ENSMUSG00000021518.4",-0.0296803793,5.85812315,-0.813029348,0.422704499,1,"Geno_at_37"
"Cenpk","ENSMUSG00000021714.15",0.0296743072,5.00453784,0.543788519,0.590667015,1,"Geno_at_37"
"Gemin7","ENSMUSG00000044709.6",-0.0296719325,4.54085712,-0.626353428,0.535892655,1,"Geno_at_37"
"Npm1","ENSMUSG00000057113.13",-0.029658608,10.0738455,-0.903461356,0.373588395,1,"Geno_at_37"
"Avpi1","ENSMUSG00000018821.3",0.0296579841,3.13207253,0.36470742,0.717927281,1,"Geno_at_37"
"Seh1l","ENSMUSG00000079614.4",0.0296559127,7.10664111,0.93892855,0.355380173,1,"Geno_at_37"
"Klf13","ENSMUSG00000052040.10",-0.0296493447,7.82396922,-0.676224318,0.504612494,1,"Geno_at_37"
"Atad5","ENSMUSG00000017550.14",0.0296468578,6.72787264,0.743142987,0.463263474,1,"Geno_at_37"
"2010110E17Rik","ENSMUSG00000098434.1",-0.0296347057,0.362306648,-0.221378583,0.826320533,1,"Geno_at_37"
"Dusp1","ENSMUSG00000024190.7",-0.0296343325,4.58178415,-0.215111559,0.832285937,1,"Geno_at_37"
"Me1","ENSMUSG00000032418.15",0.0296239603,-0.625300222,0.285918183,0.776935848,1,"Geno_at_37"
"Sft2d2","ENSMUSG00000040848.11",0.0296211366,7.107147,0.783292922,0.439688961,1,"Geno_at_37"
"Tra2b","ENSMUSG00000022858.16",0.0296172456,7.8033096,0.862814698,0.395188948,1,"Geno_at_37"
"Ndufb6","ENSMUSG00000071014.10",-0.0296134761,5.3425301,-0.7782313,0.442620512,1,"Geno_at_37"
"Cfap20","ENSMUSG00000031796.7",-0.0296129851,5.81439383,-0.850993007,0.401617541,1,"Geno_at_37"
"Mydgf","ENSMUSG00000019579.13",-0.0296127975,5.76014275,-0.914857799,0.367672493,1,"Geno_at_37"
"Rnf125","ENSMUSG00000033107.6",0.0296102084,3.81806638,0.428224627,0.671593117,1,"Geno_at_37"
"Trav6d-4","ENSMUSG00000095387.5",-0.0296027665,-0.103624746,-0.273988877,0.785999589,1,"Geno_at_37"
"Ncoa4","ENSMUSG00000056234.15",0.0296022803,4.69936871,0.641457703,0.526170541,1,"Geno_at_37"
"Gm13185","ENSMUSG00000085205.1",-0.0295903688,-0.622427883,-0.31755601,0.753055094,1,"Geno_at_37"
"Gm32036","ENSMUSG00000113313.1",-0.0295832795,-0.623345165,-0.297362845,0.768270223,1,"Geno_at_37"
"Gm17971","ENSMUSG00000101122.1",-0.0295782179,0.977319048,-0.217948878,0.828967198,1,"Geno_at_37"
"Gm43375","ENSMUSG00000106262.1",0.029577919,3.03871065,0.367876673,0.715587527,1,"Geno_at_37"
"Rbm19","ENSMUSG00000029594.12",0.0295718061,5.08680939,0.629152797,0.534083638,1,"Geno_at_37"
"H3c1","ENSMUSG00000069265.2",0.0295714193,1.16475982,0.260198061,0.796515739,1,"Geno_at_37"
"Uqcrb","ENSMUSG00000021520.4",-0.0295641049,5.2551826,-0.609045908,0.547148777,1,"Geno_at_37"
"Zbtb39","ENSMUSG00000044617.8",-0.0295637993,4.73464904,-0.545731973,0.589347087,1,"Geno_at_37"
"Vps9d1","ENSMUSG00000001062.18",-0.0295593843,4.43945939,-0.630052945,0.533502631,1,"Geno_at_37"
"Epop","ENSMUSG00000043439.5",-0.0295547774,4.78642178,-0.51609906,0.609626248,1,"Geno_at_37"
"Cog7","ENSMUSG00000034951.10",-0.0295538375,4.35676267,-0.493842993,0.625068402,1,"Geno_at_37"
"Ddx54","ENSMUSG00000029599.13",0.0295495719,6.75446498,0.990793898,0.329831319,1,"Geno_at_37"
"Gm19680","ENSMUSG00000070960.4",0.0295463294,2.13082375,0.347081994,0.730989789,1,"Geno_at_37"
"Phb","ENSMUSG00000038845.11",-0.0295449462,5.00797509,-0.52251706,0.6052065,1,"Geno_at_37"
"Hnrnpul1","ENSMUSG00000040725.13",-0.0295416006,8.9684156,-1.23655511,0.225991782,1,"Geno_at_37"
"Fgf11","ENSMUSG00000042826.13",0.0295414001,-0.618462781,0.264055884,0.793569956,1,"Geno_at_37"
"Taco1","ENSMUSG00000001983.7",-0.0295324555,3.44637017,-0.435096998,0.666653734,1,"Geno_at_37"
"Zfp386","ENSMUSG00000042063.11",-0.0295321953,5.02870945,-0.607327401,0.548273106,1,"Geno_at_37"
"Kctd20","ENSMUSG00000005936.19",-0.029527297,6.76121911,-1.00532593,0.322902594,1,"Geno_at_37"
"Polr3f","ENSMUSG00000027427.13",0.0295187734,5.66004985,0.746461206,0.461287456,1,"Geno_at_37"
"Rabepk","ENSMUSG00000070953.13",0.0295171205,4.08486745,0.551353626,0.585537125,1,"Geno_at_37"
"B230354K17Rik","ENSMUSG00000097119.2",-0.0295158429,3.8408325,-0.509614119,0.614107356,1,"Geno_at_37"
"Gm19366","ENSMUSG00000108437.1",-0.0295143656,-0.554145825,-0.263239801,0.79419285,1,"Geno_at_37"
"Gm12230","ENSMUSG00000082180.1",-0.029501807,0.278104762,-0.207364939,0.837147453,1,"Geno_at_37"
"Gm45872","ENSMUSG00000110142.1",0.0295002578,-0.565712083,0.240082645,0.81192409,1,"Geno_at_37"
"Pdzd9","ENSMUSG00000030887.4",-0.0294932448,0.153870125,-0.213894795,0.832098322,1,"Geno_at_37"
"Tbl1x","ENSMUSG00000025246.13",0.0294922032,7.55078009,1.06057005,0.297478261,1,"Geno_at_37"
"Npm3-ps1","ENSMUSG00000081669.1",0.029490811,3.97401232,0.527421009,0.60183961,1,"Geno_at_37"
"Rps27a","ENSMUSG00000020460.15",0.0294881458,5.00440887,0.698502178,0.490324907,1,"Geno_at_37"
"Gm12346","ENSMUSG00000083899.2",0.0294878769,8.05574447,0.784140661,0.439199121,1,"Geno_at_37"
"Pigt","ENSMUSG00000017721.15",-0.0294854956,6.27989513,-0.833837829,0.411063068,1,"Geno_at_37"
"Eef1akmt3","ENSMUSG00000080115.3",-0.0294840567,-0.177640691,-0.251289967,0.803329432,1,"Geno_at_37"
"Trim35","ENSMUSG00000022043.19",-0.0294810879,6.69540584,-0.921017789,0.364500515,1,"Geno_at_37"
"Tmem170b","ENSMUSG00000087370.3",-0.0294791982,5.52551022,-0.65917521,0.514888271,1,"Geno_at_37"
"Rela","ENSMUSG00000024927.8",-0.0294778926,7.09472032,-0.53108585,0.600576197,1,"Geno_at_37"
"Fam114a2","ENSMUSG00000020523.14",-0.0294613464,6.1995812,-0.952115105,0.348763018,1,"Geno_at_37"
"Gm34006","ENSMUSG00000111293.1",0.0294588106,-0.239265366,0.288760269,0.774781114,1,"Geno_at_37"
"Rnf121","ENSMUSG00000070426.12",0.0294558724,5.18793337,0.759562322,0.453534208,1,"Geno_at_37"
"Txndc16","ENSMUSG00000021830.14",-0.0294534735,5.05036086,-0.647477681,0.52232225,1,"Geno_at_37"
"Gm16267","ENSMUSG00000084979.1",-0.0294482039,1.64622246,-0.301708482,0.764987701,1,"Geno_at_37"
"5830408C22Rik","ENSMUSG00000110148.1",-0.0294426582,2.23623413,-0.30110566,0.765442786,1,"Geno_at_37"
"Rrp7a","ENSMUSG00000018040.9",0.0294415298,6.41014862,0.940325457,0.354675269,1,"Geno_at_37"
"Gm28370","ENSMUSG00000099478.1",0.0294313141,3.17082886,0.4306749,0.669830305,1,"Geno_at_37"
"Dlk2","ENSMUSG00000047428.14",0.0294297532,-0.373348058,0.208414342,0.836345859,1,"Geno_at_37"
"Gm45246","ENSMUSG00000109645.1",-0.0294242453,1.00160929,-0.306245049,0.761565689,1,"Geno_at_37"
"Pik3c2a","ENSMUSG00000030660.9",0.0294216985,6.43942849,0.625544107,0.536559836,1,"Geno_at_37"
"Ccnl2","ENSMUSG00000029068.16",-0.0294105785,8.09409078,-1.05700915,0.299073458,1,"Geno_at_37"
"C130051F05Rik","ENSMUSG00000114605.1",-0.0294086344,0.774503934,-0.241463014,0.810864203,1,"Geno_at_37"
"Flad1","ENSMUSG00000042642.13",0.0293987913,4.62443609,0.566378585,0.575413703,1,"Geno_at_37"
"Slc45a4","ENSMUSG00000079020.9",-0.0293970382,3.96354035,-0.479198868,0.635324906,1,"Geno_at_37"
"4930431P19Rik","ENSMUSG00000109147.1",-0.0293964053,0.428716788,-0.207569287,0.836989336,1,"Geno_at_37"
"Chst2","ENSMUSG00000033350.7",-0.0293927733,5.45879178,-0.513621138,0.611622485,1,"Geno_at_37"
"Polr1a","ENSMUSG00000049553.11",0.0293866011,6.95570475,0.999228232,0.325797676,1,"Geno_at_37"
"Hypk","ENSMUSG00000027245.11",-0.0293821552,1.9003202,-0.366279845,0.716766063,1,"Geno_at_37"
"Lrp8os3","ENSMUSG00000087200.1",0.0293806129,-0.53631598,0.245733879,0.807587226,1,"Geno_at_37"
"Ift140","ENSMUSG00000024169.16",0.0293741068,5.57952513,0.754312131,0.456631956,1,"Geno_at_37"
"H3f3aos","ENSMUSG00000073485.3",-0.0293658469,0.827703672,-0.237779193,0.813693553,1,"Geno_at_37"
"Gm26812","ENSMUSG00000097812.1",-0.0293522376,-0.24835206,-0.270151367,0.788921847,1,"Geno_at_37"
"Glo1-ps","ENSMUSG00000075391.6",0.0293423965,4.43803632,0.530444839,0.599767984,1,"Geno_at_37"
"Prdm11","ENSMUSG00000075028.12",-0.0293343799,3.48775609,-0.454754756,0.652609387,1,"Geno_at_37"
"Gnl2","ENSMUSG00000028869.13",-0.0293312631,6.93588733,-0.777359385,0.443126685,1,"Geno_at_37"
"Ercc8","ENSMUSG00000021694.18",0.0293275616,3.972823,0.605641892,0.549377011,1,"Geno_at_37"
"Xkr8","ENSMUSG00000037752.4",0.0293261353,1.91975188,0.324457669,0.747877528,1,"Geno_at_37"
"Ggta1","ENSMUSG00000035778.17",0.0293159981,5.96120375,0.724319096,0.474566648,1,"Geno_at_37"
"Uty","ENSMUSG00000068457.14",-0.029315716,4.9194073,-0.50121406,0.619934393,1,"Geno_at_37"
"Zfp764","ENSMUSG00000045757.6",0.029306287,3.83123345,0.497502826,0.622516885,1,"Geno_at_37"
"Lyrm9","ENSMUSG00000072640.11",-0.0292977565,4.18721814,-0.586906491,0.561724635,1,"Geno_at_37"
"Sar1a","ENSMUSG00000020088.10",0.0292965132,7.53413076,0.898985176,0.375928836,1,"Geno_at_37"
"Tmem203","ENSMUSG00000078201.5",0.0292906164,1.5921775,0.262535873,0.79473025,1,"Geno_at_37"
"Epg5","ENSMUSG00000039840.8",0.0292809903,6.09195608,0.739902392,0.465198044,1,"Geno_at_37"
"Slco5a1","ENSMUSG00000025938.16",-0.0292797894,1.87507252,-0.26367232,0.793862703,1,"Geno_at_37"
"Gm42967","ENSMUSG00000104822.1",-0.0292770698,0.452047607,-0.229068799,0.82039366,1,"Geno_at_37"
"Foxred2","ENSMUSG00000016552.13",0.0292679091,4.96840353,0.660329876,0.514157607,1,"Geno_at_37"
"Gm27206","ENSMUSG00000098889.1",0.0292643097,0.673351699,0.210416776,0.834786766,1,"Geno_at_37"
"Tle1","ENSMUSG00000008305.18",-0.0292576171,5.4310352,-0.635922471,0.529722356,1,"Geno_at_37"
"Uqcr10","ENSMUSG00000059534.8",-0.0292555697,6.10248918,-0.702753397,0.487709832,1,"Geno_at_37"
"Rnf139","ENSMUSG00000037075.7",-0.0292538566,5.78671848,-0.853807847,0.400080884,1,"Geno_at_37"
"Ywhaz","ENSMUSG00000022285.17",-0.029251426,9.29568635,-0.919735733,0.365159201,1,"Geno_at_37"
"Man2a2","ENSMUSG00000038886.10",0.0292482911,6.20407125,0.621054559,0.539342405,1,"Geno_at_37"
"Kdm4a","ENSMUSG00000033326.15",-0.0292325893,6.86243219,-1.04028417,0.306646072,1,"Geno_at_37"
"Gm13563","ENSMUSG00000085767.1",0.0292311917,1.0426863,0.249232743,0.804905236,1,"Geno_at_37"
"U2surp","ENSMUSG00000032407.14",0.0292288811,7.89360187,1.064416,0.295762097,1,"Geno_at_37"
"Snw1","ENSMUSG00000021039.9",-0.0292278265,6.559296,-0.871594798,0.390456925,1,"Geno_at_37"
"Slc20a1","ENSMUSG00000027397.14",-0.029225618,7.35234285,-0.691295692,0.494839059,1,"Geno_at_37"
"Ndst3","ENSMUSG00000027977.15",0.0292220278,-0.960072766,0.408188702,0.686078217,1,"Geno_at_37"
"Cpt2","ENSMUSG00000028607.16",0.0292220183,3.73189353,0.501943842,0.619427146,1,"Geno_at_37"
"Gm4824","ENSMUSG00000115593.1",0.0292182862,-0.204881013,0.251167768,0.803423011,1,"Geno_at_37"
"Mrps18c","ENSMUSG00000016833.14",0.0292136282,4.46204708,0.659312373,0.514801446,1,"Geno_at_37"
"Nfkbid","ENSMUSG00000036931.15",-0.0292067346,5.45991741,-0.193797615,0.848735326,1,"Geno_at_37"
"Zc3h13","ENSMUSG00000022000.11",0.0292041187,6.87266339,0.773110179,0.445598453,1,"Geno_at_37"
"Gm37914","ENSMUSG00000103272.1",0.0291975257,-0.013170625,0.234086055,0.816532627,1,"Geno_at_37"
"Ltb","ENSMUSG00000024399.5",0.0291924267,8.26180493,0.633558339,0.532169428,1,"Geno_at_37"
"Rps26","ENSMUSG00000025362.6",-0.0291912937,9.00292907,-1.01348259,0.3190576,1,"Geno_at_37"
"Eif2b4","ENSMUSG00000029145.12",0.0291886506,5.55168012,0.801230387,0.429394834,1,"Geno_at_37"
"Gm37790","ENSMUSG00000102323.1",0.0291683382,1.32807446,0.240700101,0.811449944,1,"Geno_at_37"
"Mrfap1","ENSMUSG00000055302.5",0.0291664538,7.50719033,0.916395276,0.366879108,1,"Geno_at_37"
"Gm30906","ENSMUSG00000112109.1",-0.0291578683,-0.55987918,-0.239721388,0.812201533,1,"Geno_at_37"
"D430042O09Rik","ENSMUSG00000032743.15",-0.0291528489,4.52191796,-0.535501651,0.596311165,1,"Geno_at_37"
"Tmco1","ENSMUSG00000052428.10",-0.0291515042,5.71170814,-0.758823041,0.453969647,1,"Geno_at_37"
"Gm13880","ENSMUSG00000081010.3",-0.0291478897,2.16484861,-0.334072659,0.740684378,1,"Geno_at_37"
"Gm47154","ENSMUSG00000111817.1",0.029132574,-0.32531315,0.238083942,0.813459394,1,"Geno_at_37"
"Srpk2","ENSMUSG00000062604.11",-0.0291297512,5.76812925,-0.577584907,0.567943906,1,"Geno_at_37"
"Fuca2","ENSMUSG00000019810.15",0.02912245,4.47226602,0.561986215,0.57836416,1,"Geno_at_37"
"Slc29a1","ENSMUSG00000023942.15",-0.0291136421,7.83788678,-0.81444349,0.42190697,1,"Geno_at_37"
"Tmem71","ENSMUSG00000036944.6",0.0291102745,4.5334625,0.354135411,0.726436071,1,"Geno_at_37"
"Gm14817","ENSMUSG00000085669.1",0.0291059067,-0.798508607,0.310559073,0.758316086,1,"Geno_at_37"
"Gm6430","ENSMUSG00000044757.7",0.0291004502,3.79484288,0.504959218,0.617333282,1,"Geno_at_37"
"Mbd5","ENSMUSG00000036792.12",-0.0290992131,4.74810257,-0.599537679,0.553384518,1,"Geno_at_37"
"Pacs2","ENSMUSG00000021143.10",-0.0290957789,5.46140913,-0.715613154,0.479847721,1,"Geno_at_37"
"Mir23b","ENSMUSG00000065599.2",-0.0290939015,0.169484255,-0.21366061,0.832279278,1,"Geno_at_37"
"Tmem201","ENSMUSG00000044700.15",-0.0290886991,5.64161908,-0.646713081,0.522810179,1,"Geno_at_37"
"Gm5471","ENSMUSG00000058463.3",-0.0290870921,0.325369528,-0.222399437,0.82553315,1,"Geno_at_37"
"Gm10286","ENSMUSG00000070111.4",0.0290792028,-0.503458115,0.28152316,0.780271496,1,"Geno_at_37"
"Fbxo9","ENSMUSG00000001366.14",-0.029074958,4.38002843,-0.627647374,0.535056074,1,"Geno_at_37"
"Adprhl2","ENSMUSG00000042558.16",-0.0290607563,5.40955303,-0.70288347,0.487629945,1,"Geno_at_37"
"Dlgap5","ENSMUSG00000037544.14",0.0290544332,6.76992698,0.708877045,0.483956909,1,"Geno_at_37"
"Gm37902","ENSMUSG00000103076.1",-0.0290453224,0.915428689,-0.242089342,0.81038341,1,"Geno_at_37"
"Pcgf6","ENSMUSG00000025050.8",0.0290374724,5.77415933,0.810943279,0.423882665,1,"Geno_at_37"
"Tgfbr1","ENSMUSG00000007613.15",0.0290324969,9.00615617,0.469002518,0.644631213,1,"Geno_at_37"
"Cplane1","ENSMUSG00000039801.7",0.0290322205,5.09487176,0.761444688,0.452426607,1,"Geno_at_37"
"Rnf144a","ENSMUSG00000020642.13",-0.0290235233,0.298789088,-0.234801033,0.815982794,1,"Geno_at_37"
"Cars","ENSMUSG00000010755.17",0.0290197929,6.26747506,0.707171621,0.485000433,1,"Geno_at_37"
"Gm6365","ENSMUSG00000051548.4",-0.0290196346,0.626651566,-0.25602618,0.799704766,1,"Geno_at_37"
"Tob1","ENSMUSG00000037573.5",-0.0290191815,4.68420436,-0.490524246,0.627386216,1,"Geno_at_37"
"Dynlrb1","ENSMUSG00000047459.14",-0.0290187501,6.77780739,-0.805287166,0.427087261,1,"Geno_at_37"
"Pdlim1","ENSMUSG00000055044.12",0.0290117858,5.08181749,0.617673631,0.541522297,1,"Geno_at_37"
"Gabra4","ENSMUSG00000029211.11",0.0290088874,-0.992747778,0.433076959,0.668104034,1,"Geno_at_37"
"Gm49975","ENSMUSG00000117350.1",0.0290088874,-0.992747778,0.433076959,0.668104034,1,"Geno_at_37"
"Eral1","ENSMUSG00000020832.14",0.0290042183,4.96387989,0.662678154,0.512673385,1,"Geno_at_37"
"Reep5","ENSMUSG00000005873.6",-0.0290008504,6.85429144,-0.830197712,0.413084995,1,"Geno_at_37"
"S100a10","ENSMUSG00000041959.14",0.0289981641,8.06454388,0.638904197,0.528545255,1,"Geno_at_37"
"Nudt18","ENSMUSG00000045211.5",-0.02899278,3.47814983,-0.462096621,0.647396721,1,"Geno_at_37"
"Gm12444","ENSMUSG00000082194.3",0.0289927172,0.343290912,0.245704233,0.807609961,1,"Geno_at_37"
"Gbp9","ENSMUSG00000029298.15",-0.0289917852,3.68540091,-0.20792661,0.837619098,1,"Geno_at_37"
"Pank3","ENSMUSG00000018846.8",-0.0289913196,6.9482488,-0.402149964,0.692234471,1,"Geno_at_37"
"Ctnnbl1","ENSMUSG00000027649.15",0.0289892433,5.7795747,0.698494247,0.490329794,1,"Geno_at_37"
"Hccs","ENSMUSG00000031352.10",0.0289843181,5.9184157,0.708985574,0.483890544,1,"Geno_at_37"
"Timm21","ENSMUSG00000024645.5",-0.0289834857,4.99695524,-0.60954128,0.546824903,1,"Geno_at_37"
"Adck1","ENSMUSG00000021044.15",-0.0289833171,3.05688292,-0.284056788,0.778483854,1,"Geno_at_37"
"Gm47006","ENSMUSG00000112836.1",0.028978358,-0.536464078,0.224909963,0.823597572,1,"Geno_at_37"
"Sec31a","ENSMUSG00000035325.16",-0.0289749089,7.45770582,-1.09008194,0.28448775,1,"Geno_at_37"
"Gm35986","ENSMUSG00000105837.4",-0.0289748201,-0.673177933,-0.286864193,0.776218427,1,"Geno_at_37"
"Gm11993","ENSMUSG00000101841.1",-0.0289744021,4.4199169,-0.596448019,0.555418653,1,"Geno_at_37"
"Rhoa","ENSMUSG00000007815.13",0.0289673985,8.39432537,1.09034184,0.284375166,1,"Geno_at_37"
"Hk1os","ENSMUSG00000085347.1",0.028964704,0.335875768,0.228166406,0.821088586,1,"Geno_at_37"
"Ube2l6","ENSMUSG00000027078.14",0.028957283,3.67540528,0.233008886,0.818195129,1,"Geno_at_37"
"Ch25h","ENSMUSG00000050370.5",-0.0289570284,-0.870325033,-0.37636791,0.709332611,1,"Geno_at_37"
"2610318N02Rik","ENSMUSG00000049916.12",-0.0289486043,4.08528485,-0.547252758,0.58831522,1,"Geno_at_37"
"Gm49864","ENSMUSG00000117255.1",0.0289453876,0.191029672,0.215551541,0.830818412,1,"Geno_at_37"
"Anapc1","ENSMUSG00000014355.10",0.0289448021,7.96662643,1.01937808,0.316298201,1,"Geno_at_37"
"Ttc38","ENSMUSG00000035944.17",0.0289441453,3.39309004,0.406766774,0.687110914,1,"Geno_at_37"
"Gm49309","ENSMUSG00000115812.1",0.0289419212,-0.340938807,0.194313265,0.847331206,1,"Geno_at_37"
"Gm42578","ENSMUSG00000105860.1",-0.0289416342,-0.131673605,-0.241703204,0.810679815,1,"Geno_at_37"
"Xrcc6","ENSMUSG00000022471.14",0.0289399731,5.7847498,0.698055691,0.490600017,1,"Geno_at_37"
"Zc3h12d","ENSMUSG00000039981.6",-0.0289330067,7.00917778,-0.847790248,0.403370491,1,"Geno_at_37"
"Itprip","ENSMUSG00000117975.1",0.0289273864,5.06494314,0.52095571,0.606280332,1,"Geno_at_37"
"Hspb9","ENSMUSG00000017832.2",-0.0289250088,0.312540137,-0.220184456,0.827241794,1,"Geno_at_37"
"Surf2","ENSMUSG00000014873.15",-0.0289230344,5.22311338,-0.615340092,0.543041089,1,"Geno_at_37"
"Gm9887","ENSMUSG00000052673.2",0.0289228672,0.77428061,0.210176318,0.834972711,1,"Geno_at_37"
"Sirt6","ENSMUSG00000034748.16",-0.028921664,4.88840322,-0.536244523,0.595804145,1,"Geno_at_37"
"Washc4","ENSMUSG00000034560.6",0.0289139547,6.37592596,0.887013941,0.382234831,1,"Geno_at_37"
"Stox2","ENSMUSG00000038143.16",0.0288998477,-0.303467028,0.241350562,0.810950533,1,"Geno_at_37"
"Fuca1","ENSMUSG00000028673.10",-0.0288968736,5.42683122,-0.818640167,0.419545652,1,"Geno_at_37"
"Gm29216","ENSMUSG00000101249.1",0.0288935565,0.218538956,0.276888224,0.783793839,1,"Geno_at_37"
"Stk39","ENSMUSG00000027030.15",0.0288922934,6.97966803,0.861549151,0.395874007,1,"Geno_at_37"
"Olfm1","ENSMUSG00000026833.18",-0.0288851713,0.254646113,-0.23188619,0.818224965,1,"Geno_at_37"
"Clic5","ENSMUSG00000023959.10",-0.0288845775,0.662272027,-0.234506041,0.816209637,1,"Geno_at_37"
"Tmub2","ENSMUSG00000034757.15",-0.0288766654,5.27165591,-0.720548629,0.476849705,1,"Geno_at_37"
"Rims2","ENSMUSG00000037386.16",-0.0288753694,-0.44566165,-0.223291781,0.824845038,1,"Geno_at_37"
"Bend4","ENSMUSG00000092060.4",-0.0288689837,3.35009216,-0.350580959,0.728389964,1,"Geno_at_37"
"Htatip2","ENSMUSG00000039745.8",0.0288681379,4.48297489,0.572406569,0.571376779,1,"Geno_at_37"
"Gm12166","ENSMUSG00000069899.3",0.0288603955,4.37917917,0.500728957,0.620271677,1,"Geno_at_37"
"Gm44941","ENSMUSG00000107509.1",-0.0288601057,0.733772375,-0.264798008,0.793003633,1,"Geno_at_37"
"Leprotl1","ENSMUSG00000031513.8",-0.0288547135,6.90342645,-1.02417163,0.314066741,1,"Geno_at_37"
"Mrpl2","ENSMUSG00000002767.13",0.0288447104,5.48982972,0.710696689,0.482844908,1,"Geno_at_37"
"Rpl5-ps2","ENSMUSG00000082064.3",0.0288323076,0.232470159,0.262186136,0.794997287,1,"Geno_at_37"
"Ufl1","ENSMUSG00000040359.14",-0.0288281943,5.06642719,-0.657550505,0.515917333,1,"Geno_at_37"
"Nipal3","ENSMUSG00000028803.18",0.0288226049,5.77445807,0.689367962,0.495970412,1,"Geno_at_37"
"Trib2","ENSMUSG00000020601.8",0.0288221007,6.38090888,0.57474975,0.570185474,1,"Geno_at_37"
"Rpl22","ENSMUSG00000028936.15",-0.028818905,9.05369107,-1.01168192,0.319903705,1,"Geno_at_37"
"St7","ENSMUSG00000029534.17",-0.0288172236,4.14509533,-0.53759637,0.594882023,1,"Geno_at_37"
"Cstf3","ENSMUSG00000027176.8",-0.0288028719,5.9664582,-0.609120657,0.5470999,1,"Geno_at_37"
"Nhlrc3","ENSMUSG00000042997.13",0.0287951354,5.05139459,0.626562573,0.535757389,1,"Geno_at_37"
"Pmpca","ENSMUSG00000026926.14",0.0287839682,6.73077757,0.973123403,0.338391895,1,"Geno_at_37"
"Rnps1-ps","ENSMUSG00000096403.2",0.0287755235,5.82367355,0.8759081,0.388145591,1,"Geno_at_37"
"Traj36","ENSMUSG00000090494.1",0.0287736209,-0.651076853,0.270974791,0.788294546,1,"Geno_at_37"
"A430010J10Rik","ENSMUSG00000097603.3",-0.0287718554,0.79957543,-0.19513203,0.846625243,1,"Geno_at_37"
"Fbxo38","ENSMUSG00000042211.7",0.0287707179,6.71306816,0.880628077,0.385626399,1,"Geno_at_37"
"Trak1","ENSMUSG00000032536.12",-0.028766535,6.59841751,-0.925558524,0.36217389,1,"Geno_at_37"
"Gm49747","ENSMUSG00000115222.1",-0.0287619479,2.46038979,-0.283939472,0.77843708,1,"Geno_at_37"
"Huwe1","ENSMUSG00000025261.18",0.0287611785,9.43958799,0.990849803,0.329804471,1,"Geno_at_37"
"Gm48860","ENSMUSG00000114883.1",0.0287591484,-0.535057409,0.25520046,0.800336373,1,"Geno_at_37"
"Cenpi","ENSMUSG00000031262.12",0.0287566442,5.19630041,0.744742664,0.462310238,1,"Geno_at_37"
"Tsg101-ps","ENSMUSG00000106988.1",-0.0287544191,4.33326622,-0.532995253,0.598023337,1,"Geno_at_37"
"Fzr1","ENSMUSG00000020235.16",-0.0287489005,6.70723167,-0.863452819,0.39484381,1,"Geno_at_37"
"Zfp341","ENSMUSG00000059842.12",-0.028747344,2.73333336,-0.385660485,0.702510951,1,"Geno_at_37"
"Csnk1g1","ENSMUSG00000032384.16",0.0287471466,6.07333506,0.899638403,0.375586694,1,"Geno_at_37"
"Cdk2","ENSMUSG00000025358.16",0.028745084,7.16515123,0.92284219,0.363564533,1,"Geno_at_37"
"Virma","ENSMUSG00000040720.15",0.0287447819,7.26049431,1.05555907,0.299724778,1,"Geno_at_37"
"Man2c1","ENSMUSG00000032295.15",-0.0287434895,5.74557362,-0.756616723,0.45527065,1,"Geno_at_37"
"Srsf6","ENSMUSG00000016921.14",-0.028741772,9.13223608,-1.00644703,0.322372241,1,"Geno_at_37"
"Ttc8","ENSMUSG00000021013.16",-0.0287305323,1.55459226,-0.19902539,0.843699611,1,"Geno_at_37"
"Tada1","ENSMUSG00000026563.13",-0.0286970617,4.69901929,-0.664408224,0.511581402,1,"Geno_at_37"
"Pbld2","ENSMUSG00000020072.15",-0.0286970007,-0.193540506,-0.198770367,0.843803832,1,"Geno_at_37"
"Mitd1","ENSMUSG00000026088.15",0.0286894421,4.3920164,0.536013521,0.595961785,1,"Geno_at_37"
"Clptm1l","ENSMUSG00000021610.8",-0.0286812188,7.56344035,-0.926871601,0.36150291,1,"Geno_at_37"
"Chchd10","ENSMUSG00000049422.7",-0.0286755535,4.91502472,-0.446570537,0.658684891,1,"Geno_at_37"
"E430014B02Rik","ENSMUSG00000102973.1",0.0286738101,-0.00911264611,0.21683395,0.829828018,1,"Geno_at_37"
"Pebp1","ENSMUSG00000032959.12",-0.0286721968,6.75014462,-0.966544264,0.341617194,1,"Geno_at_37"
"Scap","ENSMUSG00000032485.14",-0.0286697652,6.84746286,-0.841145045,0.407022916,1,"Geno_at_37"
"Acad11","ENSMUSG00000090150.10",-0.0286635464,3.92259166,-0.529851054,0.600174518,1,"Geno_at_37"
"Gm12403","ENSMUSG00000082186.2",0.0286618298,-0.282074599,0.265652515,0.792351692,1,"Geno_at_37"
"Ssu72","ENSMUSG00000029038.9",-0.0286616682,6.10266512,-0.629933538,0.533579684,1,"Geno_at_37"
"Pla2g12a","ENSMUSG00000027999.15",-0.0286588858,5.08747595,-0.387251972,0.702191741,1,"Geno_at_37"
"Adck5","ENSMUSG00000022550.18",-0.0286544468,4.78891074,-0.523527761,0.60451186,1,"Geno_at_37"
"Xpo5","ENSMUSG00000067150.6",-0.02865131,7.19805144,-0.951495415,0.349072131,1,"Geno_at_37"
"Zfp799","ENSMUSG00000095253.4",0.0286431841,3.57402907,0.460511077,0.648520918,1,"Geno_at_37"
"Gm22442","ENSMUSG00000087881.1",-0.02863963,0.222477532,-0.215859939,0.830580213,1,"Geno_at_37"
"Gm47874","ENSMUSG00000112263.1",-0.0286382031,-0.0300001699,-0.208799003,0.836037968,1,"Geno_at_37"
"Gm16224","ENSMUSG00000084986.1",0.0286381743,-0.762433244,0.30569517,0.761980213,1,"Geno_at_37"
"Snx17","ENSMUSG00000029146.14",-0.0286370082,6.10444319,-0.814577297,0.421831556,1,"Geno_at_37"
"Gm31793","ENSMUSG00000112742.1",-0.0286366949,0.166713284,-0.218352478,0.828655638,1,"Geno_at_37"
"Nfkbia","ENSMUSG00000021025.8",-0.0286361501,8.11510776,-0.179017247,0.860142798,1,"Geno_at_37"
"Cnbp","ENSMUSG00000030057.15",-0.0286303364,9.47221674,-0.970251479,0.339797266,1,"Geno_at_37"
"Ccdc85b","ENSMUSG00000095098.2",-0.0286276273,4.09124077,-0.514229604,0.610916478,1,"Geno_at_37"
"5730521K06Rik","ENSMUSG00000116145.1",0.0286255603,0.723874173,0.230543834,0.819258066,1,"Geno_at_37"
"1700051K13Rik","ENSMUSG00000108263.1",0.028620928,-0.784161345,0.266669038,0.791576341,1,"Geno_at_37"
"Clasp1","ENSMUSG00000064302.13",0.0286196552,7.29112358,0.846924679,0.403845064,1,"Geno_at_37"
"Tstd2","ENSMUSG00000035495.15",-0.0286185555,5.46968198,-0.593907871,0.557093877,1,"Geno_at_37"
"Gm16373","ENSMUSG00000043295.6",0.0286032732,-0.592627346,0.324002984,0.748218264,1,"Geno_at_37"
"Tmem64","ENSMUSG00000043252.8",-0.0285987643,6.64903609,-0.467519978,0.644894805,1,"Geno_at_37"
"Gm13140","ENSMUSG00000083027.1",0.0285948986,1.81455774,0.306735705,0.761195871,1,"Geno_at_37"
"C1rl","ENSMUSG00000038527.9",-0.0285748557,-0.598075864,-0.241989268,0.810460225,1,"Geno_at_37"
"Kif3c","ENSMUSG00000020668.10",-0.0285745742,3.93454989,-0.516822061,0.609127601,1,"Geno_at_37"
"Gm47139","ENSMUSG00000113106.1",0.0285696628,-0.515980798,0.272719658,0.786965749,1,"Geno_at_37"
"Yme1l1","ENSMUSG00000026775.9",0.0285690009,7.81582003,0.992600395,0.328964528,1,"Geno_at_37"
"Ifi207","ENSMUSG00000073490.11",0.0285684161,-0.970432287,0.412557937,0.682908854,1,"Geno_at_37"
"Creb3","ENSMUSG00000028466.15",-0.0285617014,4.92680014,-0.641895222,0.525890343,1,"Geno_at_37"
"Stk35","ENSMUSG00000037885.18",0.0285611131,5.81058255,0.58028425,0.566122563,1,"Geno_at_37"
"Gm37370","ENSMUSG00000102503.1",-0.0285593443,0.0974337059,-0.211693188,0.833799885,1,"Geno_at_37"
"Gm10269","ENSMUSG00000091449.3",-0.0285515123,5.06986798,-0.599697763,0.553279228,1,"Geno_at_37"
"Kpna4","ENSMUSG00000027782.10",0.0285501417,7.90781811,0.772239632,0.446105869,1,"Geno_at_37"
"Dhx35","ENSMUSG00000027655.14",0.028544151,4.85574166,0.735836032,0.467632248,1,"Geno_at_37"
"1110035H17Rik","ENSMUSG00000099098.4",-0.0285393175,-0.743506176,-0.307421071,0.760679391,1,"Geno_at_37"
"Snf8","ENSMUSG00000006058.10",0.0285383002,5.78194058,0.895311038,0.377857015,1,"Geno_at_37"
"Adsl","ENSMUSG00000022407.10",-0.0285340739,6.78319932,-0.856059089,0.39885458,1,"Geno_at_37"
"Zfyve16","ENSMUSG00000021706.14",0.0285227142,4.65059623,0.540838261,0.59267346,1,"Geno_at_37"
"Nol12","ENSMUSG00000033099.10",0.0285161205,5.21512331,0.605667967,0.549359925,1,"Geno_at_37"
"Tgds","ENSMUSG00000022130.10",-0.0285115936,4.46252913,-0.587268588,0.561484663,1,"Geno_at_37"
"Gtf2ird1","ENSMUSG00000023079.14",-0.0285036394,6.13981644,-0.799087994,0.430616537,1,"Geno_at_37"
"D630045J12Rik","ENSMUSG00000063455.16",0.0285030663,2.49831576,0.313443629,0.756145748,1,"Geno_at_37"
"Clk3","ENSMUSG00000032316.8",-0.0284947445,6.44484255,-0.761708101,0.45227174,1,"Geno_at_37"
"Myl10","ENSMUSG00000005474.9",-0.028477641,1.51758447,-0.236097641,0.814985917,1,"Geno_at_37"
"Plekha2","ENSMUSG00000031557.16",0.0284762933,6.40743676,0.843226529,0.405876638,1,"Geno_at_37"
"Rab29","ENSMUSG00000026433.13",-0.0284755207,3.59782917,-0.415788081,0.680569536,1,"Geno_at_37"
"H2-T22","ENSMUSG00000056116.18",0.0284551698,6.12620603,0.65255721,0.519087012,1,"Geno_at_37"
"Rab10","ENSMUSG00000020671.9",0.0284492741,7.37274667,1.12938864,0.267819988,1,"Geno_at_37"
"Hnrnpf","ENSMUSG00000042079.13",0.0284435036,8.68644369,1.01109824,0.320178295,1,"Geno_at_37"
"Gm3055","ENSMUSG00000094622.2",0.0284405739,0.796072032,0.229968712,0.819700791,1,"Geno_at_37"
"Pkig","ENSMUSG00000035268.14",0.0284389203,2.98355296,0.342819556,0.734161287,1,"Geno_at_37"
"Peg13","ENSMUSG00000106847.1",0.0284287673,2.1233027,0.349682782,0.729057022,1,"Geno_at_37"
"Phactr4","ENSMUSG00000066043.13",-0.028428278,4.78845505,-0.470361098,0.641550699,1,"Geno_at_37"
"Prkd2","ENSMUSG00000041187.16",-0.0284273174,7.10396102,-0.967089133,0.341349299,1,"Geno_at_37"
"Tma7","ENSMUSG00000091537.2",-0.0284253258,5.73462643,-0.77545255,0.444234873,1,"Geno_at_37"
"H13","ENSMUSG00000019188.16",-0.0284189473,7.48798484,-0.914822552,0.367690694,1,"Geno_at_37"
"Trp53rkb","ENSMUSG00000042854.9",-0.0284179564,2.8084692,-0.371800728,0.712694416,1,"Geno_at_37"
"Pdcd2l","ENSMUSG00000002635.11",0.0284158078,4.2704963,0.630256936,0.53337101,1,"Geno_at_37"
"Irgm1","ENSMUSG00000046879.7",-0.0284141383,7.62936555,-0.263806733,0.795235493,1,"Geno_at_37"
"Cnpy3","ENSMUSG00000023973.13",-0.0284134876,4.83675072,-0.685749443,0.498216926,1,"Geno_at_37"
"Gm37127","ENSMUSG00000104358.1",-0.0284088934,1.57702487,-0.24697905,0.806632488,1,"Geno_at_37"
"Gm10157","ENSMUSG00000066270.3",0.0284062711,4.540805,0.450562775,0.655593701,1,"Geno_at_37"
"Ahcyl1","ENSMUSG00000027893.14",0.0284001701,7.60840289,0.951187266,0.349225909,1,"Geno_at_37"
"Elac1","ENSMUSG00000036941.2",0.0283962999,4.50919326,0.564155104,0.576906332,1,"Geno_at_37"
"Ptpn23","ENSMUSG00000036057.11",-0.0283892401,6.55793859,-0.721618522,0.476201232,1,"Geno_at_37"
"Dclre1c","ENSMUSG00000026648.18",0.0283882472,4.47914924,0.581190746,0.56551952,1,"Geno_at_37"
"Nfix","ENSMUSG00000001911.16",-0.0283839285,5.30420628,-0.540977514,0.592578681,1,"Geno_at_37"
"Gtf3a","ENSMUSG00000016503.18",-0.0283825899,4.47076763,-0.545019669,0.589830693,1,"Geno_at_37"
"Tulp3","ENSMUSG00000001521.12",0.0283811752,4.39874179,0.488553041,0.628764741,1,"Geno_at_37"
"Tmem33","ENSMUSG00000037720.16",0.0283758392,6.71619012,0.949326391,0.350155521,1,"Geno_at_37"
"Uevld","ENSMUSG00000043262.16",0.028362757,4.42463437,0.581176692,0.565528867,1,"Geno_at_37"
"Gm1818","ENSMUSG00000091277.2",-0.0283546386,3.60663129,-0.452857505,0.653959339,1,"Geno_at_37"
"Gm23349","ENSMUSG00000089057.1",0.0283495056,-0.983517203,0.418726096,0.678444585,1,"Geno_at_37"
"Peg10","ENSMUSG00000092035.8",-0.0283488605,-0.891832915,-0.397876544,0.693581438,1,"Geno_at_37"
"2610037D02Rik","ENSMUSG00000097536.2",0.0283472051,1.95245301,0.295237109,0.769877517,1,"Geno_at_37"
"Mamdc4","ENSMUSG00000026941.16",0.0283468097,2.25778163,0.3588229,0.722278999,1,"Geno_at_37"
"Nob1","ENSMUSG00000003848.14",-0.0283460991,6.43909023,-0.710560423,0.48292813,1,"Geno_at_37"
"Acox1","ENSMUSG00000020777.16",-0.0283352674,5.33256292,-0.738369974,0.466114509,1,"Geno_at_37"
"Gm6296","ENSMUSG00000113015.1",-0.0283330047,1.46259258,-0.237285978,0.81407256,1,"Geno_at_37"
"Tmem161a","ENSMUSG00000002342.17",0.0283197695,5.02225487,0.620089251,0.539952433,1,"Geno_at_37"
"Usp21","ENSMUSG00000053483.13",-0.0283018702,5.05120171,-0.745720772,0.461727959,1,"Geno_at_37"
"Gabarap","ENSMUSG00000018567.14",-0.0282950252,7.0962131,-0.785818549,0.438230579,1,"Geno_at_37"
"P4ha1","ENSMUSG00000019916.14",-0.0282912689,7.22462258,-0.291473255,0.774324609,1,"Geno_at_37"
"Bmpr2","ENSMUSG00000067336.6",0.0282877601,7.23650439,0.766406206,0.449514915,1,"Geno_at_37"
"Zmynd19","ENSMUSG00000026974.11",0.0282873582,6.46136042,0.620439439,0.539741978,1,"Geno_at_37"
"4930413G21Rik","ENSMUSG00000108452.1",-0.0282750266,2.17282357,-0.266295813,0.791860992,1,"Geno_at_37"
"Herpud1","ENSMUSG00000031770.16",-0.0282734838,6.03362914,-0.843468417,0.405743561,1,"Geno_at_37"
"Rab4b","ENSMUSG00000053291.15",-0.0282712731,1.7361901,-0.255250114,0.800298388,1,"Geno_at_37"
"Tmf1","ENSMUSG00000030059.15",0.0282667588,6.47719628,0.740954489,0.464569446,1,"Geno_at_37"
"Ticrr","ENSMUSG00000046591.10",0.0282617812,6.68485593,0.684844086,0.498779894,1,"Geno_at_37"
"Plscr4","ENSMUSG00000032377.8",-0.0282587382,0.499114623,-0.226815482,0.822129199,1,"Geno_at_37"
"Tasp1","ENSMUSG00000039033.11",0.0282585055,5.25920234,0.524251127,0.604014933,1,"Geno_at_37"
"Anxa5","ENSMUSG00000027712.13",-0.0282519589,6.90291221,-0.763330307,0.451318704,1,"Geno_at_37"
"Gm6093","ENSMUSG00000112963.1",0.0282471459,0.739615594,0.190291015,0.850382493,1,"Geno_at_37"
"Slc52a2","ENSMUSG00000022560.9",0.028237984,4.43319786,0.530322077,0.599852022,1,"Geno_at_37"
"Gm42436","ENSMUSG00000105517.1",0.0282289341,0.355448607,0.228440374,0.82087759,1,"Geno_at_37"
"Il13","ENSMUSG00000020383.1",0.028228038,0.28615719,0.187476335,0.852568696,1,"Geno_at_37"
"Cass4","ENSMUSG00000074570.14",-0.0282235223,0.026115938,-0.178069573,0.859931268,1,"Geno_at_37"
"Mmachc","ENSMUSG00000028690.4",-0.0282227115,3.58076796,-0.402864864,0.689947887,1,"Geno_at_37"
"Myom1","ENSMUSG00000024049.15",-0.0282202787,0.18397636,-0.251041571,0.803519655,1,"Geno_at_37"
"Sp4","ENSMUSG00000025323.10",0.0282111661,5.24043154,0.574157843,0.570206616,1,"Geno_at_37"
"Pum3","ENSMUSG00000041360.8",0.0282066027,6.83924678,1.00377103,0.323639151,1,"Geno_at_37"
"Gstt1","ENSMUSG00000001663.10",-0.0282061038,1.79869184,-0.200910879,0.842269935,1,"Geno_at_37"
"Top2a","ENSMUSG00000020914.17",0.028206077,10.4855389,0.762011909,0.452744147,1,"Geno_at_37"
"Gm48286","ENSMUSG00000113910.1",0.0281991108,-0.576188244,0.239975196,0.812006608,1,"Geno_at_37"
"Kctd2","ENSMUSG00000016940.18",-0.0281982845,4.83797964,-0.519932889,0.606984271,1,"Geno_at_37"
"Letm1","ENSMUSG00000005299.6",0.0281981486,6.1370236,0.714668321,0.480422883,1,"Geno_at_37"
"Taf4","ENSMUSG00000039117.16",0.028197066,6.59205487,0.828747819,0.413892069,1,"Geno_at_37"
"Nr2c1","ENSMUSG00000005897.14",-0.0281845526,4.13143496,-0.541193745,0.592431524,1,"Geno_at_37"
"Gm26626","ENSMUSG00000097139.3",-0.0281821824,0.405475273,-0.206381964,0.837908144,1,"Geno_at_37"
"Gpr171","ENSMUSG00000050075.8",-0.0281757735,4.88393474,-0.372187801,0.713139958,1,"Geno_at_37"
"Ermp1","ENSMUSG00000046324.12",0.0281690279,5.58500359,0.704161711,0.486845277,1,"Geno_at_37"
"Capza2","ENSMUSG00000015733.13",0.0281684482,8.08604342,0.757003226,0.455042581,1,"Geno_at_37"
"Pm20d2","ENSMUSG00000054659.13",-0.02816146,-0.69285943,-0.278550121,0.782530332,1,"Geno_at_37"
"Tstd3","ENSMUSG00000028251.5",0.0281612863,2.26818889,0.341670512,0.735017061,1,"Geno_at_37"
"Gm45877","ENSMUSG00000110486.1",0.0281575916,-0.627223399,0.2887182,0.774812996,1,"Geno_at_37"
"Por","ENSMUSG00000005514.14",-0.0281566253,5.64059777,-0.789521681,0.436097562,1,"Geno_at_37"
"Rps10","ENSMUSG00000052146.16",-0.0281519052,3.47694631,-0.325796938,0.746897059,1,"Geno_at_37"
"Spry2","ENSMUSG00000022114.5",0.0281454808,1.20876038,0.220541677,0.826966174,1,"Geno_at_37"
"Trav13d-1","ENSMUSG00000076778.3",-0.0281446793,-0.364864859,-0.220412918,0.827065518,1,"Geno_at_37"
"Ttc32","ENSMUSG00000066637.2",-0.0281330508,2.78107393,-0.361586974,0.720233725,1,"Geno_at_37"
"Dctpp1","ENSMUSG00000042462.4",0.0281287861,5.20379767,0.538634213,0.594174554,1,"Geno_at_37"
"Eif4a3","ENSMUSG00000025580.15",0.0281235518,7.33786358,0.703249774,0.48740501,1,"Geno_at_37"
"Trbj2-4","ENSMUSG00000076495.1",-0.0281231418,1.03361269,-0.245572688,0.807710842,1,"Geno_at_37"
"C230037L18Rik","ENSMUSG00000084915.2",0.028122424,0.702690548,0.262286002,0.794921033,1,"Geno_at_37"
"Cdc26","ENSMUSG00000066149.11",0.0281191076,5.47014371,0.731143272,0.470450631,1,"Geno_at_37"
"Rccd1","ENSMUSG00000038930.11",0.0281162363,3.99774887,0.402756484,0.690026753,1,"Geno_at_37"
"B3galt6","ENSMUSG00000050796.4",0.0281121468,2.95316298,0.347808948,0.730449374,1,"Geno_at_37"
"Ptpn14","ENSMUSG00000026604.17",-0.0281119579,-0.2209936,-0.253442331,0.801681652,1,"Geno_at_37"
"Gm44430","ENSMUSG00000107698.1",-0.0281073428,-0.689231576,-0.271021145,0.788259237,1,"Geno_at_37"
"Faim","ENSMUSG00000032463.10",0.0281007014,5.11497717,0.674061166,0.505512182,1,"Geno_at_37"
"Tubg1","ENSMUSG00000035198.9",-0.0280966939,5.74499905,-0.756570144,0.45529814,1,"Geno_at_37"
"Zfp74","ENSMUSG00000059975.15",-0.028095665,3.5103047,-0.420590024,0.677097869,1,"Geno_at_37"
"Gm10033","ENSMUSG00000110444.2",-0.0280934524,3.47363692,-0.39865927,0.693010798,1,"Geno_at_37"
"Zscan10","ENSMUSG00000023902.18",0.0280922723,-0.849360349,0.354310684,0.725622292,1,"Geno_at_37"
"Zmym6","ENSMUSG00000042408.13",-0.0280903724,4.48385246,-0.594995201,0.556376468,1,"Geno_at_37"
"Iqank1","ENSMUSG00000102018.8",-0.0280902342,-0.263941825,-0.233927786,0.816654352,1,"Geno_at_37"
"Trav7-4","ENSMUSG00000094766.3",0.0280872951,1.86556957,0.316079071,0.75416461,1,"Geno_at_37"
"Copg1","ENSMUSG00000030058.17",-0.0280870646,7.37908634,-1.00161586,0.324661966,1,"Geno_at_37"
"Slc11a2","ENSMUSG00000023030.16",-0.0280840494,5.84104423,-0.439565763,0.664419261,1,"Geno_at_37"
"Sms","ENSMUSG00000071708.11",0.028080518,5.77313923,0.614744277,0.543429235,1,"Geno_at_37"
"Ehbp1l1","ENSMUSG00000024937.15",0.0280745466,5.78994415,0.723723722,0.474926733,1,"Geno_at_37"
"Gm15621","ENSMUSG00000082402.1",-0.0280634009,-0.746963887,-0.293144147,0.771461045,1,"Geno_at_37"
"Tlr4","ENSMUSG00000039005.13",-0.0280624155,-0.678430066,-0.272829542,0.786882089,1,"Geno_at_37"
"Gfod1","ENSMUSG00000051335.6",0.0280618789,5.57396336,0.30705271,0.762367675,1,"Geno_at_37"
"Fam129c","ENSMUSG00000043243.15",-0.0280560468,2.68420292,-0.32929899,0.744252715,1,"Geno_at_37"
"Cpsf2","ENSMUSG00000041781.9",0.028051633,6.870252,0.899598043,0.375607828,1,"Geno_at_37"
"Rpl31-ps8","ENSMUSG00000067870.5",0.0280478258,8.05242955,0.6848855,0.498960261,1,"Geno_at_37"
"Mgat2","ENSMUSG00000043998.10",-0.0280458419,6.10585498,-0.834983766,0.41042783,1,"Geno_at_37"
"A930004D18Rik","ENSMUSG00000054057.2",0.0280455777,-0.376550409,0.24759108,0.806163325,1,"Geno_at_37"
"Snx3","ENSMUSG00000019804.12",-0.0280451992,7.42027178,-0.821340237,0.418030749,1,"Geno_at_37"
"Gm6863","ENSMUSG00000043483.4",-0.028043057,8.42764292,-1.08928604,0.284832713,1,"Geno_at_37"
"Psmg4","ENSMUSG00000071451.10",-0.0280430536,4.2708615,-0.469043593,0.642481108,1,"Geno_at_37"
"Mettl21a","ENSMUSG00000025956.10",0.0280423424,3.33783326,0.402717434,0.69005517,1,"Geno_at_37"
"Ss18","ENSMUSG00000037013.17",-0.0280309964,8.42588032,-0.85050107,0.401886477,1,"Geno_at_37"
"Ly9","ENSMUSG00000004707.14",0.0280241571,6.2882074,0.633125639,0.531521872,1,"Geno_at_37"
"Swi5","ENSMUSG00000044627.11",-0.0280147121,6.81811834,-0.963219374,0.343255003,1,"Geno_at_37"
"Bax","ENSMUSG00000003873.11",0.0280123269,6.14793601,0.733645146,0.468946827,1,"Geno_at_37"
"4933433G19Rik","ENSMUSG00000114362.1",-0.0280085376,0.990540942,-0.215014894,0.831232944,1,"Geno_at_37"
"Slc48a1","ENSMUSG00000081534.3",-0.0280004682,5.6231217,-0.722873738,0.475441081,1,"Geno_at_37"
"Utp6","ENSMUSG00000035575.11",0.0279968704,6.85018262,0.904056673,0.373277839,1,"Geno_at_37"
"Gm47827","ENSMUSG00000114438.1",-0.0279967543,1.27507957,-0.21597025,0.830495015,1,"Geno_at_37"
"Lrrc32","ENSMUSG00000090958.2",-0.0279961789,7.29723456,-0.428975135,0.672728827,1,"Geno_at_37"
"Mars1","ENSMUSG00000040354.14",0.0279934917,7.29608784,0.849527784,0.402418897,1,"Geno_at_37"
"Ntan1","ENSMUSG00000022681.15",-0.0279919476,5.26888761,-0.730523714,0.470823461,1,"Geno_at_37"
"Arglu1","ENSMUSG00000040459.11",-0.027990062,7.70399891,-1.08702595,0.285813912,1,"Geno_at_37"
"Gm23645","ENSMUSG00000065162.1",-0.0279898219,-0.427759188,-0.277537181,0.783300379,1,"Geno_at_37"
"Tsc22d3","ENSMUSG00000031431.13",-0.0279856218,5.46786606,-0.59219703,0.558223632,1,"Geno_at_37"
"Limd2","ENSMUSG00000040699.13",-0.0279779198,8.32921072,-0.950604976,0.349516618,1,"Geno_at_37"
"Grhpr","ENSMUSG00000035637.14",-0.0279746056,5.38326613,-0.596507093,0.555379724,1,"Geno_at_37"
"Kansl2","ENSMUSG00000022992.17",-0.0279696919,5.01756814,-0.617526244,0.541618158,1,"Geno_at_37"
"Slc25a24","ENSMUSG00000040322.10",-0.0279485953,4.22210711,-0.459582824,0.649179468,1,"Geno_at_37"
"Mief2","ENSMUSG00000018599.5",0.0279440212,3.0842363,0.384593391,0.703293037,1,"Geno_at_37"
"Ecd","ENSMUSG00000021810.3",-0.0279361198,6.27405857,-0.765105642,0.450277075,1,"Geno_at_37"
"Mpzl1","ENSMUSG00000026566.15",-0.0279259453,4.76378656,-0.323427451,0.749589087,1,"Geno_at_37"
"Serf2","ENSMUSG00000074884.12",0.0279132863,4.80035005,0.608398807,0.547572,1,"Geno_at_37"
"Eapp","ENSMUSG00000054302.15",-0.0279080097,5.34385588,-0.806622947,0.426329108,1,"Geno_at_37"
"Tbc1d1","ENSMUSG00000029174.18",0.0279051129,7.3539254,0.862781993,0.395206642,1,"Geno_at_37"
"Gm5530","ENSMUSG00000087008.4",0.0279042093,3.33236462,0.379893658,0.706741444,1,"Geno_at_37"
"Wapl","ENSMUSG00000041408.18",0.027903095,8.02309082,1.06086009,0.297348597,1,"Geno_at_37"
"Riox2","ENSMUSG00000022724.15",0.0279021502,6.28404804,0.846400705,0.404132519,1,"Geno_at_37"
"Pstk","ENSMUSG00000063179.13",0.0278954378,3.70099986,0.451169936,0.655161097,1,"Geno_at_37"
"Gm41757","ENSMUSG00000118163.1",-0.0278944538,-0.640954496,-0.262449038,0.794796549,1,"Geno_at_37"
"Dis3l","ENSMUSG00000032396.17",0.0278815026,5.09353293,0.777445914,0.443076437,1,"Geno_at_37"
"Bend3","ENSMUSG00000038214.15",-0.0278802732,5.03807539,-0.504832048,0.617421523,1,"Geno_at_37"
"Pnpla8","ENSMUSG00000036257.15",-0.0278777218,5.59010903,-0.669161048,0.508588107,1,"Geno_at_37"
"Pgs1","ENSMUSG00000017715.11",-0.0278733029,6.39117559,-0.98541739,0.332420261,1,"Geno_at_37"
"Slc39a6","ENSMUSG00000024270.11",-0.0278732692,6.98323959,-0.559134883,0.580938245,1,"Geno_at_37"
"Nudc","ENSMUSG00000028851.6",0.0278731517,6.8563172,0.598809607,0.554149092,1,"Geno_at_37"
"Lrrc75a","ENSMUSG00000046417.14",0.0278675616,2.52783301,0.363959641,0.718479749,1,"Geno_at_37"
"Pak1ip1","ENSMUSG00000038683.16",-0.0278660006,6.64401348,-0.667011452,0.509940711,1,"Geno_at_37"
"Txndc15","ENSMUSG00000021497.10",-0.0278659902,4.9073505,-0.557937826,0.581090164,1,"Geno_at_37"
"Arel1","ENSMUSG00000042350.13",-0.027862588,6.32165015,-0.709321367,0.483685245,1,"Geno_at_37"
"Ptprj","ENSMUSG00000025314.16",-0.027858465,8.15605372,-0.825130377,0.415909971,1,"Geno_at_37"
"Rabl6","ENSMUSG00000015087.14",-0.0278513902,6.77006998,-0.9401716,0.354752863,1,"Geno_at_37"
"Zscan20","ENSMUSG00000061894.15",-0.0278448237,3.37106852,-0.40226826,0.690382067,1,"Geno_at_37"
"Hsh2d","ENSMUSG00000062007.13",0.027842144,2.53941331,0.287072963,0.77606013,1,"Geno_at_37"
"Ube2d3","ENSMUSG00000078578.9",-0.0278421302,8.84015273,-0.861080726,0.396127763,1,"Geno_at_37"
"Gcat","ENSMUSG00000006378.15",-0.0278395384,2.78945843,-0.378454808,0.707798464,1,"Geno_at_37"
"Ezr","ENSMUSG00000052397.8",-0.0278392487,8.80363604,-0.949666904,0.349985292,1,"Geno_at_37"
"Adrb2","ENSMUSG00000045730.4",-0.027836412,1.13665287,-0.18674992,0.853161823,1,"Geno_at_37"
"Mfng","ENSMUSG00000018169.12",-0.0278226346,5.82777149,-0.727007264,0.472942796,1,"Geno_at_37"
"Gm21769","ENSMUSG00000110458.1",-0.0278091655,1.2778072,-0.278649635,0.782454693,1,"Geno_at_37"
"Htra2","ENSMUSG00000068329.12",-0.0277974729,5.0543735,-0.508459982,0.614906464,1,"Geno_at_37"
"Tbx6","ENSMUSG00000030699.16",0.0277973615,2.02325026,0.298346195,0.767527054,1,"Geno_at_37"
"Gm17823","ENSMUSG00000112239.1",0.0277928831,-0.088293376,0.264173177,0.793480441,1,"Geno_at_37"
"AW209491","ENSMUSG00000039182.6",0.0277914606,3.89140377,0.451231899,0.655116955,1,"Geno_at_37"
"Gm30881","ENSMUSG00000116927.1",0.0277840517,-0.612643246,0.272600715,0.787056309,1,"Geno_at_37"
"Cnot1","ENSMUSG00000036550.16",0.0277726466,8.7440917,1.08667522,0.285966392,1,"Geno_at_37"
"Pex11b","ENSMUSG00000028102.15",-0.0277658779,3.87168671,-0.438238655,0.664400764,1,"Geno_at_37"
"Gm37981","ENSMUSG00000103137.1",0.0277592257,-0.469140712,0.242102143,0.810373585,1,"Geno_at_37"
"Tnfrsf22","ENSMUSG00000010751.15",0.0277576591,4.64445828,0.577084219,0.568253961,1,"Geno_at_37"
"Pgp","ENSMUSG00000043445.7",0.0277552925,5.53678195,0.646895899,0.522693492,1,"Geno_at_37"
"Rheb","ENSMUSG00000028945.9",-0.0277521158,6.71180923,-0.635331831,0.53010211,1,"Geno_at_37"
"Aldoa","ENSMUSG00000030695.16",-0.0277516447,10.3752257,-0.350497119,0.730416759,1,"Geno_at_37"
"Tnfaip1","ENSMUSG00000017615.12",-0.0277494898,5.75416893,-0.831576809,0.412318238,1,"Geno_at_37"
"Thbd","ENSMUSG00000074743.4",0.0277422851,-0.933762965,0.364529158,0.718058969,1,"Geno_at_37"
"Rnaseh2b","ENSMUSG00000021932.13",-0.0277418453,5.96401348,-0.699843079,0.489499217,1,"Geno_at_37"
"H1f0","ENSMUSG00000096210.2",-0.0277416646,6.8768203,-0.537916985,0.595417715,1,"Geno_at_37"
"Gm2451","ENSMUSG00000106574.1",0.0277416606,0.042736579,0.25532693,0.800239625,1,"Geno_at_37"
"Ndufv1","ENSMUSG00000037916.14",0.0277308475,6.51669697,0.837790591,0.40887449,1,"Geno_at_37"
"Acaca","ENSMUSG00000020532.18",0.0277300645,6.44714901,0.703203896,0.487433179,1,"Geno_at_37"
"Morn3","ENSMUSG00000029477.14",0.0277232046,-0.128813254,0.235265983,0.815625288,1,"Geno_at_37"
"Tbc1d2b","ENSMUSG00000037410.13",-0.0277231662,4.95511908,-0.412239941,0.683550937,1,"Geno_at_37"
"Acbd3","ENSMUSG00000026499.5",0.0277163443,5.94458203,0.603097849,0.551045383,1,"Geno_at_37"
"Fjx1","ENSMUSG00000075012.4",-0.0277162481,0.414210427,-0.18887036,0.851485786,1,"Geno_at_37"
"Sdha","ENSMUSG00000021577.14",0.0277098173,8.00067678,1.00052973,0.325178259,1,"Geno_at_37"
"Ap5s1","ENSMUSG00000068264.11",0.0277018418,3.34262702,0.328063018,0.745177554,1,"Geno_at_37"
"Naa60","ENSMUSG00000005982.14",-0.0276964802,5.72096581,-0.751087461,0.458540777,1,"Geno_at_37"
"Prpf19","ENSMUSG00000024735.13",-0.0276912403,7.48496024,-1.00810393,0.321589513,1,"Geno_at_37"
"Gm49282","ENSMUSG00000115750.1",0.0276891688,0.726454749,0.190525791,0.850200194,1,"Geno_at_37"
"BC031181","ENSMUSG00000036299.5",-0.0276884551,5.4291424,-0.7063475,0.48550516,1,"Geno_at_37"
"Zfp330","ENSMUSG00000031711.7",0.0276866618,6.00329265,0.81342446,0.422481576,1,"Geno_at_37"
"Xpo4","ENSMUSG00000021952.16",0.0276864955,7.10337309,0.906643194,0.371930498,1,"Geno_at_37"
"Mis12","ENSMUSG00000040599.13",0.0276858374,5.96082437,0.753724603,0.456979389,1,"Geno_at_37"
"Pcdh1","ENSMUSG00000051375.15",-0.0276853094,0.153633749,-0.19336813,0.847993837,1,"Geno_at_37"
"Mkln1","ENSMUSG00000025609.15",-0.0276815234,7.11151785,-0.915542873,0.367318835,1,"Geno_at_37"
"Hes7","ENSMUSG00000023781.2",0.0276763105,-0.958417073,0.405665443,0.687911195,1,"Geno_at_37"
"Eif4h","ENSMUSG00000040731.13",-0.027673409,8.91992158,-1.03373909,0.309645574,1,"Geno_at_37"
"Lpcat1","ENSMUSG00000021608.15",-0.0276664866,5.9312015,-0.68900855,0.496193294,1,"Geno_at_37"
"Gm16675","ENSMUSG00000097534.3",-0.027663706,1.96838126,-0.297667262,0.768040135,1,"Geno_at_37"
"4933406J09Rik","ENSMUSG00000107666.1",-0.0276620049,-0.98941598,-0.410880373,0.684125037,1,"Geno_at_37"
"Tab1","ENSMUSG00000022414.8",-0.0276619641,4.68450844,-0.503418967,0.618402419,1,"Geno_at_37"
"Adora2b","ENSMUSG00000018500.2",-0.0276548264,3.51938169,-0.236462503,0.81535652,1,"Geno_at_37"
"Zfp938","ENSMUSG00000062931.15",-0.0276380982,3.16545986,-0.321054292,0.750429236,1,"Geno_at_37"
"Sigmar1","ENSMUSG00000036078.16",-0.0276307363,5.62954385,-0.661099575,0.513670863,1,"Geno_at_37"
"Gm49004","ENSMUSG00000115823.1",-0.0276281635,-0.289152867,-0.213838276,0.832141994,1,"Geno_at_37"
"Gng4","ENSMUSG00000021303.14",0.027626243,-0.89586416,0.352229445,0.72716623,1,"Geno_at_37"
"Ncln","ENSMUSG00000020238.14",-0.0276258181,6.55610319,-0.769420617,0.447751361,1,"Geno_at_37"
"Kazald1","ENSMUSG00000025213.11",0.0276193393,0.788927252,0.202529912,0.840890641,1,"Geno_at_37"
"Camkk1","ENSMUSG00000020785.17",0.0276109953,3.5342141,0.449598391,0.656281078,1,"Geno_at_37"
"Csde1","ENSMUSG00000068823.10",0.0276046201,8.65144334,1.05510786,0.299927643,1,"Geno_at_37"
"Trmu","ENSMUSG00000022386.12",0.0276045177,3.99103442,0.535373868,0.5963984,1,"Geno_at_37"
"Dcaf12","ENSMUSG00000028436.8",-0.0276034279,6.80512624,-0.882303843,0.384734525,1,"Geno_at_37"
"Tph1","ENSMUSG00000040046.14",0.0275823228,3.52463052,0.134335068,0.894773682,1,"Geno_at_37"
"Szt2","ENSMUSG00000033253.18",0.0275809588,6.52581527,0.674418465,0.505288299,1,"Geno_at_37"
"A630001G21Rik","ENSMUSG00000052760.16",-0.0275774304,5.53542125,-0.641411246,0.526200298,1,"Geno_at_37"
"Rtel1","ENSMUSG00000038685.18",0.0275765855,6.23171027,0.76209265,0.452045712,1,"Geno_at_37"
"Rnf220","ENSMUSG00000028677.19",-0.027576058,6.85359509,-0.912998925,0.368633227,1,"Geno_at_37"
"Pmpcb","ENSMUSG00000029017.13",-0.0275725425,6.14012846,-0.793411093,0.433864036,1,"Geno_at_37"
"Rnaseh1","ENSMUSG00000020630.9",0.0275515034,4.93467326,0.665589278,0.510836681,1,"Geno_at_37"
"Plp2","ENSMUSG00000031146.6",-0.027549597,7.56653591,-0.702784171,0.487690931,1,"Geno_at_37"
"Slc25a40","ENSMUSG00000054099.11",-0.0275314785,4.62220738,-0.597305598,0.554853665,1,"Geno_at_37"
"AU020206","ENSMUSG00000097415.2",-0.0275075739,8.79912986,-0.901751652,0.374481219,1,"Geno_at_37"
"Cd40lg","ENSMUSG00000031132.1",-0.0275072966,4.6994609,-0.127945676,0.899765242,1,"Geno_at_37"
"Map3k6","ENSMUSG00000028862.6",-0.0275042053,0.421555925,-0.246712542,0.806836809,1,"Geno_at_37"
"Tmem102","ENSMUSG00000089876.3",-0.0275033834,-0.917936408,-0.339187262,0.736867693,1,"Geno_at_37"
"Pam","ENSMUSG00000026335.16",0.027501084,2.41690026,0.324139935,0.748115629,1,"Geno_at_37"
"Thoc5","ENSMUSG00000034274.11",0.0275006141,5.77679528,0.862060914,0.395596891,1,"Geno_at_37"
"Klf10","ENSMUSG00000037465.10",0.0274858185,6.04690049,0.205931165,0.839400425,1,"Geno_at_37"
"Fbxo46","ENSMUSG00000050428.7",0.0274779679,4.3663852,0.531416539,0.599102993,1,"Geno_at_37"
"Dzip3","ENSMUSG00000064061.13",0.0274774752,5.32721004,0.48458282,0.631685369,1,"Geno_at_37"
"Tdrd5","ENSMUSG00000060985.15",0.0274770741,-0.72107815,0.275947308,0.784509466,1,"Geno_at_37"
"Rps19-ps4","ENSMUSG00000096699.1",-0.0274759066,0.023684394,-0.20566763,0.838461042,1,"Geno_at_37"
"E2f8","ENSMUSG00000046179.17",0.0274664272,6.58866679,0.479868793,0.635887189,1,"Geno_at_37"
"Gm49016","ENSMUSG00000115090.1",-0.0274604337,-0.632214125,-0.241131018,0.811119086,1,"Geno_at_37"
"Rps18","ENSMUSG00000008668.15",-0.0274494037,9.03067751,-0.821893449,0.417720781,1,"Geno_at_37"
"Ifi203","ENSMUSG00000039997.16",0.0274487096,7.17787893,0.400207689,0.693551555,1,"Geno_at_37"
"Ganab","ENSMUSG00000071650.6",-0.0274485729,8.29345164,-1.09509994,0.282319669,1,"Geno_at_37"
"Ydjc","ENSMUSG00000041774.16",-0.0274398197,4.73196625,-0.54881798,0.587254119,1,"Geno_at_37"
"Ywhaq-ps1","ENSMUSG00000108405.1",0.0274361703,-0.398743753,0.205669895,0.838459288,1,"Geno_at_37"
"AW554918","ENSMUSG00000033632.16",0.0274308738,3.31996436,0.42984311,0.67042851,1,"Geno_at_37"
"Abitram","ENSMUSG00000038827.11",-0.0274298546,5.46025203,-0.691494814,0.494652638,1,"Geno_at_37"
"Cul4b","ENSMUSG00000031095.15",-0.0274287822,6.67829092,-0.878020745,0.387016709,1,"Geno_at_37"
"Chp1","ENSMUSG00000014077.13",-0.0274229201,6.62830622,-0.7386273,0.465960541,1,"Geno_at_37"
"Spn","ENSMUSG00000051457.7",0.0274183931,8.76581941,0.862084468,0.39558414,1,"Geno_at_37"
"Pgam5","ENSMUSG00000029500.16",-0.0274155478,5.95034637,-0.807329701,0.425928309,1,"Geno_at_37"
"Mthfsd","ENSMUSG00000031816.15",-0.027414539,4.51773979,-0.559032363,0.580352529,1,"Geno_at_37"
"Stim2","ENSMUSG00000039156.19",-0.0274128644,6.94600516,-0.822851814,0.417184142,1,"Geno_at_37"
"Tle4","ENSMUSG00000024642.17",-0.0274086924,5.46084413,-0.649980613,0.52072673,1,"Geno_at_37"
"Cycs","ENSMUSG00000063694.5",0.0274079392,3.01458325,0.357763908,0.723063154,1,"Geno_at_37"
"Mrpl37","ENSMUSG00000028622.11",0.0274063635,6.0057347,0.856253298,0.398748902,1,"Geno_at_37"
"Dcaf11","ENSMUSG00000022214.15",-0.0274035026,6.05136324,-0.850048251,0.402134129,1,"Geno_at_37"
"Tvp23a","ENSMUSG00000050908.12",0.0273999016,1.21084506,0.242652974,0.80995081,1,"Geno_at_37"
"Prdx5","ENSMUSG00000024953.17",-0.0273944102,5.676488,-0.594407306,0.556764296,1,"Geno_at_37"
"Kars","ENSMUSG00000031948.14",0.0273852521,7.95583269,0.866082261,0.393423656,1,"Geno_at_37"
"Gm48671","ENSMUSG00000111086.1",-0.0273753177,-0.542726996,-0.265043413,0.792816388,1,"Geno_at_37"
"Npas1","ENSMUSG00000001988.9",-0.0273748171,0.357208072,-0.239028894,0.812733434,1,"Geno_at_37"
"Mrpl13","ENSMUSG00000022370.13",-0.0273743415,6.09543261,-0.750341329,0.458983114,1,"Geno_at_37"
"Chrm4","ENSMUSG00000040495.4",-0.0273662186,1.2598502,-0.265995379,0.792090149,1,"Geno_at_37"
"Frmd8","ENSMUSG00000024816.12",-0.0273658877,7.48085256,-0.846231392,0.404225432,1,"Geno_at_37"
"Snord49b","ENSMUSG00000064437.1",-0.0273641674,0.383839275,-0.212543716,0.833142438,1,"Geno_at_37"
"Ireb2","ENSMUSG00000032293.8",0.0273626875,7.17570787,0.935407873,0.357160887,1,"Geno_at_37"
"Tns2","ENSMUSG00000037003.16",0.0273613257,2.16773571,0.29037554,0.773557304,1,"Geno_at_37"
"Gm4204","ENSMUSG00000079139.4",0.0273545329,8.57861682,0.942009717,0.353826598,1,"Geno_at_37"
"Rprd1a","ENSMUSG00000040446.4",0.0273514888,5.03089339,0.587673062,0.561216667,1,"Geno_at_37"
"Taf2","ENSMUSG00000037343.8",0.0273483117,6.439589,0.814454261,0.421900899,1,"Geno_at_37"
"D2hgdh","ENSMUSG00000073609.9",-0.0273454359,3.62723426,-0.412879951,0.682675502,1,"Geno_at_37"
"Inpp5e","ENSMUSG00000026925.16",0.0273434279,4.71036509,0.613008515,0.54456083,1,"Geno_at_37"
"Plekhb2","ENSMUSG00000026123.11",-0.0273417391,6.48723213,-0.707680141,0.484689143,1,"Geno_at_37"
"Atp5md","ENSMUSG00000071528.4",-0.0273382239,4.89826474,-0.543028118,0.591183843,1,"Geno_at_37"
"Ptpn2","ENSMUSG00000024539.17",0.0273320468,6.30636228,0.734439543,0.468469923,1,"Geno_at_37"
"Gm6457","ENSMUSG00000053740.8",0.0273219686,4.80306171,0.540197295,0.593109809,1,"Geno_at_37"
"Cpsf6","ENSMUSG00000055531.12",-0.0273188406,8.01618564,-0.911617162,0.369348437,1,"Geno_at_37"
"Pwwp2a","ENSMUSG00000044950.7",0.0273170158,5.70273114,0.760099913,0.45321772,1,"Geno_at_37"
"Nek7","ENSMUSG00000026393.10",-0.0273086223,7.86411797,-0.730977298,0.470550492,1,"Geno_at_37"
"Ppp2r2a","ENSMUSG00000022052.9",-0.0273062192,7.04869008,-0.795407689,0.43272018,1,"Geno_at_37"
"Xylt1","ENSMUSG00000030657.11",-0.0273020628,5.59690945,-0.375174151,0.711331661,1,"Geno_at_37"
"Tmem147os","ENSMUSG00000097320.8",0.0273002779,0.994915499,0.196434693,0.845614832,1,"Geno_at_37"
"Gm2349","ENSMUSG00000116583.1",0.0272939084,-0.969483908,0.377148701,0.708758481,1,"Geno_at_37"
"Loxl1","ENSMUSG00000032334.10",0.0272939084,-0.972317506,0.404643867,0.688653851,1,"Geno_at_37"
"Sun1","ENSMUSG00000036817.14",0.0272920128,6.75095601,0.712913486,0.481492177,1,"Geno_at_37"
"Fibp","ENSMUSG00000024911.7",-0.0272862054,4.65827098,-0.571166455,0.572206121,1,"Geno_at_37"
"Gcdh","ENSMUSG00000003809.14",0.0272636656,3.81155388,0.435382315,0.666448995,1,"Geno_at_37"
"Pgrmc2","ENSMUSG00000049940.7",-0.0272549937,5.69131194,-0.667354853,0.509724498,1,"Geno_at_37"
"Gm14320","ENSMUSG00000085914.1",0.0272524582,-0.671930423,0.250812805,0.803694857,1,"Geno_at_37"
"Repin1","ENSMUSG00000052751.16",0.0272503014,4.37779843,0.469889764,0.641883482,1,"Geno_at_37"
"Fkbp15","ENSMUSG00000066151.12",-0.0272461719,6.25089762,-0.807885357,0.425613358,1,"Geno_at_37"
"Ipcef1","ENSMUSG00000064065.15",-0.0272419896,7.58022337,-0.606675358,0.549120172,1,"Geno_at_37"
"Siglecg","ENSMUSG00000030468.12",0.0272335641,-0.983229359,0.401915122,0.690639115,1,"Geno_at_37"
"Gm50009","ENSMUSG00000117653.1",-0.0272320304,0.32459753,-0.195046625,0.846691497,1,"Geno_at_37"
"Rprd2","ENSMUSG00000028106.13",-0.0272262818,6.99290109,-0.925416463,0.362246532,1,"Geno_at_37"
"Fam133b","ENSMUSG00000058503.11",-0.0272255303,5.97888737,-0.520583825,0.606826481,1,"Geno_at_37"
"Gm9278","ENSMUSG00000108438.1",-0.0272127336,-0.311479893,-0.306909592,0.761064822,1,"Geno_at_37"
"Cfl1","ENSMUSG00000056201.8",-0.0272077967,9.71387259,-0.914722054,0.367742595,1,"Geno_at_37"
"Gm17849","ENSMUSG00000112642.1",-0.0271942622,-0.621397741,-0.280738055,0.780867809,1,"Geno_at_37"
"Tomm20","ENSMUSG00000093904.2",-0.0271887181,6.38920327,-0.879908771,0.386009635,1,"Geno_at_37"
"Cd74","ENSMUSG00000024610.15",-0.02718582,6.64935749,-0.213201841,0.833820848,1,"Geno_at_37"
"Ube2q1","ENSMUSG00000042572.12",-0.0271831415,6.93786559,-0.843326272,0.40582176,1,"Geno_at_37"
"Dpy19l4","ENSMUSG00000045205.16",-0.0271828346,6.58580299,-0.716296127,0.479432211,1,"Geno_at_37"
"Scarb2","ENSMUSG00000029426.8",-0.0271688685,6.17794825,-0.746313638,0.461375229,1,"Geno_at_37"
"Ppp1cb","ENSMUSG00000014956.15",0.0271586885,8.29052,0.943412105,0.353120988,1,"Geno_at_37"
"Olfr920","ENSMUSG00000061039.5",-0.0271565203,0.0403208721,-0.234229894,0.816422004,1,"Geno_at_37"
"H2-D1","ENSMUSG00000073411.12",0.0271525148,9.57363406,0.403058799,0.691866591,1,"Geno_at_37"
"Arhgap15","ENSMUSG00000049744.15",-0.0271457409,6.55523568,-0.704552572,0.486605484,1,"Geno_at_37"
"Arl6ip5","ENSMUSG00000035199.6",-0.0271453712,6.74305091,-0.745757492,0.461706108,1,"Geno_at_37"
"Trrap","ENSMUSG00000045482.16",0.0271401381,7.99153265,0.956235705,0.346712236,1,"Geno_at_37"
"Faf2","ENSMUSG00000025873.16",0.0271346604,6.57132587,0.937533695,0.356084967,1,"Geno_at_37"
"Csnk2a1","ENSMUSG00000074698.10",0.0271283239,7.28231768,0.816550574,0.420720368,1,"Geno_at_37"
"Emc10","ENSMUSG00000008140.18",-0.027127662,6.20726364,-0.680580785,0.501435672,1,"Geno_at_37"
"Cdkl4","ENSMUSG00000033966.8",0.0271275185,0.21389398,0.22119009,0.826465938,1,"Geno_at_37"
"Per3","ENSMUSG00000028957.12",-0.0271243112,3.32326555,-0.404221822,0.688960757,1,"Geno_at_37"
"Oser1","ENSMUSG00000035399.12",-0.0271232706,4.29024934,-0.583992965,0.56365741,1,"Geno_at_37"
"Rps27-ps1","ENSMUSG00000081429.1",-0.0271080868,-0.6886231,-0.218607634,0.828458684,1,"Geno_at_37"
"Gm16577","ENSMUSG00000090070.1",-0.0270959291,0.0573667629,-0.201044254,0.842041575,1,"Geno_at_37"
"Ost4","ENSMUSG00000038803.7",0.0270923867,5.16491964,0.749048081,0.459750399,1,"Geno_at_37"
"Trmt10c","ENSMUSG00000044763.8",0.0270902258,4.9672992,0.611524944,0.545528989,1,"Geno_at_37"
"4933421A08Rik","ENSMUSG00000086443.1",0.0270846799,0.820402154,0.188995526,0.851388569,1,"Geno_at_37"
"Gm49595","ENSMUSG00000116823.1",-0.0270799337,-0.167193586,-0.229073547,0.820390004,1,"Geno_at_37"
"Hltf","ENSMUSG00000002428.12",0.0270793762,6.25095271,0.90944747,0.370473312,1,"Geno_at_37"
"Zfp689","ENSMUSG00000048921.11",0.0270775136,2.4596711,0.371010828,0.713276443,1,"Geno_at_37"
"Rps13","ENSMUSG00000090862.3",-0.0270745236,3.74652831,-0.428861021,0.67113509,1,"Geno_at_37"
"Mlh3","ENSMUSG00000021245.15",0.0270739548,4.64868602,0.55720241,0.581586038,1,"Geno_at_37"
"Dmrt2","ENSMUSG00000048138.10",0.0270706796,-0.93355336,0.361676495,0.720167519,1,"Geno_at_37"
"Nt5e","ENSMUSG00000032420.8",-0.027066116,9.62041436,-0.644617886,0.525119661,1,"Geno_at_37"
"Gins4","ENSMUSG00000031546.6",-0.0270645876,5.86194579,-0.764419606,0.450679418,1,"Geno_at_37"
"St8sia4","ENSMUSG00000040710.10",-0.0270633593,7.03778189,-0.382641187,0.706370095,1,"Geno_at_37"
"Cisd1","ENSMUSG00000037710.8",-0.027050697,4.78489549,-0.520588849,0.606532774,1,"Geno_at_37"
"Gm6807","ENSMUSG00000057605.4",0.0270376545,2.96138074,0.337603853,0.738048561,1,"Geno_at_37"
"Bhlhb9","ENSMUSG00000072964.14",-0.0270371313,5.17251798,-0.513399001,0.611490138,1,"Geno_at_37"
"Palld","ENSMUSG00000058056.16",0.0270344099,0.188491369,0.201906806,0.841373316,1,"Geno_at_37"
"Lysmd4","ENSMUSG00000043831.12",0.0270236607,3.27871964,0.413445602,0.682265674,1,"Geno_at_37"
"Gm16794","ENSMUSG00000097777.7",-0.0270091444,0.906008579,-0.220596749,0.826923685,1,"Geno_at_37"
"Tra2a","ENSMUSG00000029817.11",0.0269861365,7.63706363,0.930962246,0.359417855,1,"Geno_at_37"
"Mmab","ENSMUSG00000029575.17",-0.0269819242,4.25748755,-0.528819618,0.600881001,1,"Geno_at_37"
"Mtmr9","ENSMUSG00000035078.6",0.0269784045,5.5049523,0.643102108,0.525117839,1,"Geno_at_37"
"Icam2","ENSMUSG00000001029.15",-0.0269781472,4.57557592,-0.504894242,0.617378367,1,"Geno_at_37"
"Ash2l","ENSMUSG00000031575.18",-0.0269777165,6.67035755,-0.83062654,0.412846478,1,"Geno_at_37"
"Ptgfrn","ENSMUSG00000027864.9",-0.0269759378,7.42846172,-0.670446503,0.507780198,1,"Geno_at_37"
"P2rx4","ENSMUSG00000029470.15",-0.0269722563,4.31196565,-0.50792727,0.615275469,1,"Geno_at_37"
"Nap1l4","ENSMUSG00000059119.9",0.0269646424,7.62112111,1.08944363,0.284764382,1,"Geno_at_37"
"Ccdc159","ENSMUSG00000006241.16",-0.0269578858,0.523764724,-0.2039462,0.839793782,1,"Geno_at_37"
"Slc25a53","ENSMUSG00000044348.14",0.0269575723,2.82814659,0.314517312,0.755338425,1,"Geno_at_37"
"Slc16a13","ENSMUSG00000044367.7",-0.0269463548,2.80791471,-0.316279266,0.754014187,1,"Geno_at_37"
"Nlgn2","ENSMUSG00000051790.15",-0.0269442945,4.94606477,-0.371771419,0.713339658,1,"Geno_at_37"
"Atp8b2","ENSMUSG00000060671.12",0.0269418996,7.96065116,0.851748345,0.401204827,1,"Geno_at_37"
"Tmem237","ENSMUSG00000038079.14",0.0269327794,3.77061515,0.426814674,0.672608349,1,"Geno_at_37"
"Sh3glb1","ENSMUSG00000037062.13",-0.026930509,7.18923589,-0.731007157,0.470532526,1,"Geno_at_37"
"Tdrkh","ENSMUSG00000041912.12",0.0269273903,4.97303009,0.524091068,0.604124871,1,"Geno_at_37"
"Mtmr2","ENSMUSG00000031918.16",0.0269215338,6.13864833,0.717338475,0.478798462,1,"Geno_at_37"
"Micos10","ENSMUSG00000050608.11",-0.0269044124,6.50123045,-0.752207529,0.457877228,1,"Geno_at_37"
"2700081O15Rik","ENSMUSG00000053080.10",0.0269007745,4.94122981,0.290443943,0.774603798,1,"Geno_at_37"
"Akt1","ENSMUSG00000001729.14",-0.026897553,7.82953002,-0.86664721,0.393118954,1,"Geno_at_37"
"Gtpbp4","ENSMUSG00000021149.8",0.0268957537,7.47153133,0.674054983,0.505516056,1,"Geno_at_37"
"Csk","ENSMUSG00000032312.7",-0.0268939174,8.14508712,-0.892283538,0.379450645,1,"Geno_at_37"
"Arhgap39","ENSMUSG00000033697.16",0.0268937819,4.99434404,0.47847712,0.635832337,1,"Geno_at_37"
"Kif2c","ENSMUSG00000028678.13",0.026890487,6.65151944,0.638020524,0.528374583,1,"Geno_at_37"
"Crnde","ENSMUSG00000031736.11",0.0268603631,0.00292920403,0.215063444,0.83119544,1,"Geno_at_37"
"Ppp6r1","ENSMUSG00000052296.7",-0.026854726,8.25184268,-0.848825815,0.402803173,1,"Geno_at_37"
"Esf1","ENSMUSG00000045624.15",-0.0268540656,6.39126212,-0.716449666,0.479338829,1,"Geno_at_37"
"Rpl34-ps1","ENSMUSG00000068396.9",-0.0268510995,7.73001019,-0.664677912,0.511413671,1,"Geno_at_37"
"Cd5","ENSMUSG00000024669.8",-0.0268504572,8.34298106,-0.744690926,0.462341051,1,"Geno_at_37"
"Ptprg","ENSMUSG00000021745.14",-0.0268452049,-0.580378165,-0.240404298,0.811677083,1,"Geno_at_37"
"Gm17907","ENSMUSG00000092526.1",0.026844258,0.0651256714,0.206479804,0.837832421,1,"Geno_at_37"
"Wdr41","ENSMUSG00000042015.17",-0.0268399398,4.15839569,-0.550320712,0.586236259,1,"Geno_at_37"
"Esd","ENSMUSG00000021996.16",-0.0268321841,6.33415232,-0.438720811,0.665133583,1,"Geno_at_37"
"Fn3krp","ENSMUSG00000039253.7",0.0268292772,3.13709742,0.331152798,0.742866295,1,"Geno_at_37"
"Zc3hav1","ENSMUSG00000029826.14",0.0268270612,8.31626412,0.922074645,0.363958118,1,"Geno_at_37"
"Cdc73","ENSMUSG00000026361.9",0.0268242719,6.80711123,0.735467678,0.467853118,1,"Geno_at_37"
"Polr2b","ENSMUSG00000029250.5",-0.0268147945,7.53497241,-0.948806195,0.350415683,1,"Geno_at_37"
"Numa1","ENSMUSG00000066306.13",0.0268133365,8.33241703,0.772392636,0.446016663,1,"Geno_at_37"
"Gm43788","ENSMUSG00000107286.1",0.0268078591,-0.407473949,0.241322582,0.810972014,1,"Geno_at_37"
"Rpl37rt","ENSMUSG00000072692.7",-0.0268062863,8.48743832,-0.750829494,0.458693682,1,"Geno_at_37"
"Rem2","ENSMUSG00000022176.11",0.0268015674,1.35096516,0.250473527,0.803954713,1,"Geno_at_37"
"Plaat3","ENSMUSG00000060675.13",-0.026793481,6.56559996,-0.744192648,0.462637859,1,"Geno_at_37"
"Dennd1a","ENSMUSG00000035392.17",-0.0267928217,5.11337872,-0.641450435,0.526175196,1,"Geno_at_37"
"Ncaph","ENSMUSG00000034906.15",-0.0267908199,6.84881817,-0.789211527,0.43627597,1,"Geno_at_37"
"Zfp706","ENSMUSG00000062397.8",-0.0267874527,7.6398877,-0.870309393,0.391147422,1,"Geno_at_37"
"Rpgr","ENSMUSG00000031174.17",-0.0267851235,3.04400055,-0.385308936,0.70276857,1,"Geno_at_37"
"Topbp1","ENSMUSG00000032555.10",0.0267849475,8.68523573,0.879086708,0.386447917,1,"Geno_at_37"
"Cox5b","ENSMUSG00000061518.11",-0.0267782172,6.03186119,-0.61166748,0.545435933,1,"Geno_at_37"
"Runx3","ENSMUSG00000070691.10",-0.0267763925,4.64367116,-0.24906539,0.806100831,1,"Geno_at_37"
"Septin8","ENSMUSG00000018398.18",0.0267697946,4.46368455,0.508641303,0.614780888,1,"Geno_at_37"
"Trim65","ENSMUSG00000054517.9",0.026768468,3.74260556,0.352010556,0.727328678,1,"Geno_at_37"
"Gm11739","ENSMUSG00000086826.1",-0.0267514584,1.21741702,-0.25946586,0.797075184,1,"Geno_at_37"
"Gtf2f2","ENSMUSG00000067995.4",-0.0267479623,5.84311886,-0.809202754,0.42486722,1,"Geno_at_37"
"Alg3","ENSMUSG00000033809.15",-0.0267448599,4.4431339,-0.50196451,0.619412784,1,"Geno_at_37"
"Pim3","ENSMUSG00000035828.11",0.026740791,5.77039384,0.200024517,0.843936746,1,"Geno_at_37"
"Rad23a","ENSMUSG00000003813.15",0.0267336474,5.99215102,0.692471882,0.494047917,1,"Geno_at_37"
"Ints9","ENSMUSG00000021975.9",-0.0267322986,5.65828389,-0.77185663,0.446329219,1,"Geno_at_37"
"Tkt","ENSMUSG00000021957.7",-0.0267235521,8.91128124,-0.98930154,0.330548551,1,"Geno_at_37"
"Kcnb1","ENSMUSG00000050556.9",0.0267148323,0.709196578,0.254312639,0.801015635,1,"Geno_at_37"
"1110012L19Rik","ENSMUSG00000045237.5",0.0267138444,3.09454356,0.402426055,0.690267221,1,"Geno_at_37"
"Gm23344","ENSMUSG00000065752.1",-0.0267063685,-0.646007873,-0.280483182,0.781061423,1,"Geno_at_37"
"Reck","ENSMUSG00000028476.13",0.0267022886,4.15231418,0.39524706,0.695499778,1,"Geno_at_37"
"D130043K22Rik","ENSMUSG00000006711.15",0.0266977225,-0.139448186,0.158942968,0.874943523,1,"Geno_at_37"
"Anapc10","ENSMUSG00000036977.8",-0.0266975907,3.57438015,-0.375741318,0.709793482,1,"Geno_at_37"
"Rras2","ENSMUSG00000055723.6",0.0266823179,6.44471081,0.745745237,0.461713401,1,"Geno_at_37"
"Rps7-ps2","ENSMUSG00000112105.1",-0.02668162,0.521989788,-0.207432988,0.837094798,1,"Geno_at_37"
"Fanci","ENSMUSG00000039187.16",0.0266748767,5.44680069,0.555620893,0.582653122,1,"Geno_at_37"
"Scrn2","ENSMUSG00000020877.11",-0.0266721563,2.81041758,-0.341730753,0.734972186,1,"Geno_at_37"
"Timeless","ENSMUSG00000039994.15",0.0266688625,7.17147706,0.669383169,0.508448453,1,"Geno_at_37"
"Fis1","ENSMUSG00000019054.13",-0.0266671417,6.15572445,-0.717388259,0.478768205,1,"Geno_at_37"
"Ndufs4","ENSMUSG00000021764.8",-0.026654258,5.52891065,-0.731954147,0.469962931,1,"Geno_at_37"
"Chd9","ENSMUSG00000056608.14",0.0266393993,5.7633625,0.553993954,0.583751856,1,"Geno_at_37"
"Glyr1","ENSMUSG00000022536.14",0.0266306263,7.73822217,1.0761319,0.29057715,1,"Geno_at_37"
"Gm43268","ENSMUSG00000107182.1",-0.0266283356,0.447289964,-0.203587774,0.840071337,1,"Geno_at_37"
"Hcn3","ENSMUSG00000028051.10",0.0266254087,1.79575831,0.243528352,0.809279058,1,"Geno_at_37"
"Zfp597","ENSMUSG00000039789.7",0.0266253791,4.39183098,0.579797592,0.566446443,1,"Geno_at_37"
"Usp5","ENSMUSG00000038429.10",0.0266214584,7.14899166,0.915946721,0.36711046,1,"Geno_at_37"
"Ndufb1-ps","ENSMUSG00000113902.1",-0.0266167008,5.77811695,-0.659583129,0.514630079,1,"Geno_at_37"
"Pgrmc1","ENSMUSG00000006373.10",-0.0266118115,6.21550672,-0.764277696,0.450762671,1,"Geno_at_37"
"Lin54","ENSMUSG00000035310.15",0.02660168,5.82985535,0.724177573,0.474652228,1,"Geno_at_37"
"Ccz1","ENSMUSG00000029617.10",-0.0265924791,6.32038626,-0.730591743,0.470782515,1,"Geno_at_37"
"Gm23722","ENSMUSG00000064936.1",0.0265902786,0.406078895,0.172955057,0.863866135,1,"Geno_at_37"
"Naa38","ENSMUSG00000059278.9",0.0265879277,4.05642037,0.459869987,0.64897571,1,"Geno_at_37"
"Dhrs13","ENSMUSG00000020834.17",-0.0265815356,4.32081275,-0.476373195,0.637312542,1,"Geno_at_37"
"Tmem17","ENSMUSG00000049904.7",0.0265800863,1.3870599,0.228050549,0.821177817,1,"Geno_at_37"
"Gm10517","ENSMUSG00000073482.2",0.0265768649,-0.433428842,0.206661257,0.837691992,1,"Geno_at_37"
"Mark2","ENSMUSG00000024969.15",-0.026574563,7.14694424,-0.849924608,0.402201768,1,"Geno_at_37"
"1110032A03Rik","ENSMUSG00000037971.10",-0.026570788,3.02580977,-0.319788,0.751379383,1,"Geno_at_37"
"Cdkn1b","ENSMUSG00000003031.14",-0.0265691469,7.06207616,-0.67950875,0.502104722,1,"Geno_at_37"
"Moxd2","ENSMUSG00000029885.3",0.0265643004,-0.884336672,0.323820171,0.748355276,1,"Geno_at_37"
"Wnk2","ENSMUSG00000037989.15",0.0265500554,0.867344369,0.246850666,0.806730913,1,"Geno_at_37"
"Tmem63b","ENSMUSG00000036026.15",0.0265423126,4.7668744,0.489399412,0.628172681,1,"Geno_at_37"
"Gclm","ENSMUSG00000028124.15",0.0265394715,5.65193503,0.570897079,0.572386349,1,"Geno_at_37"
"Snhg5","ENSMUSG00000097195.10",0.0265372323,6.42167692,0.462784019,0.647823265,1,"Geno_at_37"
"Ecm1","ENSMUSG00000028108.15",-0.0265325054,5.75170283,-0.3287963,0.745946636,1,"Geno_at_37"
"Etfb","ENSMUSG00000004610.4",-0.0265290276,2.54928459,-0.301078115,0.765463582,1,"Geno_at_37"
"Cbx6","ENSMUSG00000089715.12",0.0265233858,6.97502687,0.665032251,0.511187844,1,"Geno_at_37"
"Trafd1","ENSMUSG00000042726.14",-0.0265217368,5.64792457,-0.605697287,0.549340713,1,"Geno_at_37"
"Timm8a1","ENSMUSG00000048007.4",0.0265199372,3.9837738,0.413864449,0.681962272,1,"Geno_at_37"
"Vezf1","ENSMUSG00000018377.10",-0.0265198129,6.11339287,-0.612886007,0.544640743,1,"Geno_at_37"
"Gm1966","ENSMUSG00000073902.5",0.0264983929,6.22079005,0.436989423,0.666270832,1,"Geno_at_37"
"Phf7","ENSMUSG00000021902.7",-0.0264961457,3.80460361,-0.416870418,0.679786412,1,"Geno_at_37"
"Ikbkg","ENSMUSG00000004221.16",0.0264948705,5.94166449,0.765951935,0.449781041,1,"Geno_at_37"
"Selenow","ENSMUSG00000041571.9",-0.0264920903,6.77884489,-0.828033122,0.414290262,1,"Geno_at_37"
"Alg1","ENSMUSG00000039427.14",-0.0264821745,4.09769285,-0.481457924,0.633737824,1,"Geno_at_37"
"Dhx15","ENSMUSG00000029169.11",0.0264776789,8.7913506,1.00995636,0.32071596,1,"Geno_at_37"
"Clcf1","ENSMUSG00000040663.9",0.0264724897,5.56594535,0.362326947,0.720763758,1,"Geno_at_37"
"Fus","ENSMUSG00000030795.18",-0.0264663062,9.05786451,-0.432332143,0.670558845,1,"Geno_at_37"
"Hexim2","ENSMUSG00000043372.12",-0.0264659508,2.32225887,-0.285439961,0.777298592,1,"Geno_at_37"
"Mustn1","ENSMUSG00000042485.7",-0.0264585297,0.684837918,-0.215191181,0.831096766,1,"Geno_at_37"
"Wdr76","ENSMUSG00000027242.14",0.0264528178,6.74882185,0.849575751,0.402392647,1,"Geno_at_37"
"Fam98a","ENSMUSG00000002017.10",0.0264472112,6.55052462,0.813734769,0.422306549,1,"Geno_at_37"
"9530022L04Rik","ENSMUSG00000102369.1",0.026441862,-0.420007502,0.2241454,0.82418692,1,"Geno_at_37"
"Sh2d2a","ENSMUSG00000028071.12",-0.0264392928,7.91636001,-0.643898502,0.524751421,1,"Geno_at_37"
"Tnks2","ENSMUSG00000024811.11",0.0264371727,8.52798452,0.860335149,0.396531872,1,"Geno_at_37"
"Mrps16","ENSMUSG00000049960.4",-0.0264365067,5.21731631,-0.709283857,0.483708175,1,"Geno_at_37"
"Polr2g","ENSMUSG00000071662.4",-0.0264321936,5.57873129,-0.629804177,0.533663166,1,"Geno_at_37"
"Hes1","ENSMUSG00000022528.8",0.0264319247,-0.835657343,0.328857208,0.744583243,1,"Geno_at_37"
"Rrp9","ENSMUSG00000041506.15",-0.0264220319,5.94928426,-0.598174941,0.554281229,1,"Geno_at_37"
"Otulinl","ENSMUSG00000056069.10",-0.0264216618,5.31608158,-0.599222262,0.553592003,1,"Geno_at_37"
"Lats1","ENSMUSG00000040021.13",-0.0264205297,6.44488235,-0.608527755,0.547487651,1,"Geno_at_37"
"Ppp1ca","ENSMUSG00000040385.7",0.0263982968,8.52297274,0.948406249,0.350615793,1,"Geno_at_37"
"Rnpc3","ENSMUSG00000027981.14",0.0263950969,4.6674516,0.65621711,0.516762721,1,"Geno_at_37"
"Gsk3b","ENSMUSG00000022812.14",0.0263939116,6.78685787,0.74717112,0.460865343,1,"Geno_at_37"
"Mrpl19","ENSMUSG00000030045.10",0.0263928757,5.44092703,0.725689407,0.473738477,1,"Geno_at_37"
"Zfp512b","ENSMUSG00000000823.16",-0.0263848813,5.60289663,-0.600401194,0.552816694,1,"Geno_at_37"
"Dera","ENSMUSG00000030225.11",0.0263839464,5.45740071,0.605397206,0.549537362,1,"Geno_at_37"
"Stx4a","ENSMUSG00000030805.14",-0.0263811309,6.12470268,-0.718763314,0.477932935,1,"Geno_at_37"
"Ddx52","ENSMUSG00000020677.7",-0.026380985,6.44563004,-0.838637494,0.408406524,1,"Geno_at_37"
"Cbx2","ENSMUSG00000025577.7",0.0263806555,5.24735954,0.602485945,0.551447058,1,"Geno_at_37"
"Cubn","ENSMUSG00000026726.10",-0.0263720774,2.0171244,-0.220154944,0.827264566,1,"Geno_at_37"
"Gm7807","ENSMUSG00000110637.1",-0.0263693297,-0.534274019,-0.245908707,0.807453158,1,"Geno_at_37"
"Exoc3","ENSMUSG00000034152.6",0.0263690496,6.29505339,0.785861472,0.438205819,1,"Geno_at_37"
"Gm23772","ENSMUSG00000077621.1",0.026366013,-0.604362739,0.23204485,0.818102879,1,"Geno_at_37"
"Tasor2","ENSMUSG00000033799.10",0.0263659021,7.07749866,0.71876834,0.477929883,1,"Geno_at_37"
"Rpl21-ps15","ENSMUSG00000083596.4",-0.0263586946,0.0352029978,-0.200820085,0.842215269,1,"Geno_at_37"
"Gm38319","ENSMUSG00000102982.1",-0.0263501795,0.701830225,-0.207795887,0.836814008,1,"Geno_at_37"
"Psma7","ENSMUSG00000027566.15",-0.0263440206,7.61258866,-0.534679802,0.597726296,1,"Geno_at_37"
"9130213A22Rik","ENSMUSG00000097386.1",-0.0263422161,-0.965791576,-0.374867462,0.710436406,1,"Geno_at_37"
"Gm4761","ENSMUSG00000096086.1",-0.0263422161,-0.961385751,-0.377426603,0.708554176,1,"Geno_at_37"
"Cbr4","ENSMUSG00000031641.14",0.0263346222,3.83302679,0.441418574,0.662123597,1,"Geno_at_37"
"Foxo1","ENSMUSG00000044167.6",-0.0263323632,7.91688325,-0.832028957,0.412067044,1,"Geno_at_37"
"Sirt4","ENSMUSG00000029524.16",0.0263296846,2.55069461,0.306603969,0.761295158,1,"Geno_at_37"
"Gm27014","ENSMUSG00000098026.2",0.0263240953,-0.535617558,0.217829712,0.829059195,1,"Geno_at_37"
"Gabarapl1","ENSMUSG00000030161.8",0.0263117552,6.02822536,0.704194687,0.486825043,1,"Geno_at_37"
"Tubb2a","ENSMUSG00000058672.7",-0.0263037,4.06055211,-0.421052275,0.676764054,1,"Geno_at_37"
"Plxnb2","ENSMUSG00000036606.17",0.0263020901,3.51967943,0.280545489,0.781219133,1,"Geno_at_37"
"Mbd4","ENSMUSG00000030322.12",-0.0262970239,4.60613988,-0.460317252,0.648658404,1,"Geno_at_37"
"P4htm","ENSMUSG00000006675.10",-0.0262950948,1.43532066,-0.269505217,0.789414197,1,"Geno_at_37"
"Rbpj","ENSMUSG00000039191.12",0.0262897398,8.99051656,0.655797989,0.517447333,1,"Geno_at_37"
"Appbp2","ENSMUSG00000018481.9",0.0262870126,6.54665548,0.686990864,0.497445564,1,"Geno_at_37"
"Nup188","ENSMUSG00000052533.14",0.0262771314,6.92570958,0.867369735,0.392729482,1,"Geno_at_37"
"Gimap1","ENSMUSG00000090019.5",0.0262758585,5.86403334,0.362144931,0.721038688,1,"Geno_at_37"
"Fan1","ENSMUSG00000033458.17",0.0262745739,2.91768663,0.231252505,0.818953372,1,"Geno_at_37"
"Gm11222","ENSMUSG00000085627.2",-0.0262735236,0.69970997,-0.219631519,0.827668466,1,"Geno_at_37"
"Nfyb","ENSMUSG00000020248.18",0.0262633747,6.27971493,0.537078743,0.595441131,1,"Geno_at_37"
"Gatad1","ENSMUSG00000007415.15",0.0262403229,5.96938407,0.723602235,0.475000229,1,"Geno_at_37"
"Nfe2l1","ENSMUSG00000038615.17",-0.026238512,7.04455258,-0.673947255,0.505583569,1,"Geno_at_37"
"Glb1l","ENSMUSG00000026200.13",0.0262296785,2.87440142,0.321270343,0.750267164,1,"Geno_at_37"
"Tanc1","ENSMUSG00000035168.16",0.0262237337,3.77132791,0.41133928,0.683792258,1,"Geno_at_37"
"Gramd4","ENSMUSG00000035900.18",-0.0262218101,7.07119995,-0.782967152,0.439877284,1,"Geno_at_37"
"Pigs","ENSMUSG00000041958.10",-0.0262165152,6.00582938,-0.775771493,0.444049398,1,"Geno_at_37"
"Jak1","ENSMUSG00000028530.14",0.026213826,8.39649764,1.02795355,0.312313907,1,"Geno_at_37"
"Gm25321","ENSMUSG00000084507.1",0.026212387,0.00417994129,0.22346216,0.82471367,1,"Geno_at_37"
"Ubxn11","ENSMUSG00000012126.16",0.0262113978,4.59055454,0.539090661,0.593863535,1,"Geno_at_37"
"Gm35550","ENSMUSG00000117229.1",-0.0262061391,-0.376715309,-0.257816059,0.798336131,1,"Geno_at_37"
"Gm11657","ENSMUSG00000086078.1",0.0262038464,-0.683103762,0.270846283,0.788392436,1,"Geno_at_37"
"Zcchc24","ENSMUSG00000055538.7",-0.0261972553,1.69902558,-0.272800373,0.786904296,1,"Geno_at_37"
"Gm28941","ENSMUSG00000101450.1",-0.0261962092,0.688162589,-0.179192862,0.859009439,1,"Geno_at_37"
"Gm22933","ENSMUSG00000093256.1",0.0261949831,-0.496868811,0.214294296,0.831789647,1,"Geno_at_37"
"Ercc5","ENSMUSG00000026048.16",-0.0261908592,4.6732837,-0.541053265,0.592527126,1,"Geno_at_37"
"Pde4dip","ENSMUSG00000038170.15",0.0261833564,4.68839276,0.55303587,0.58439936,1,"Geno_at_37"
"Slc38a1","ENSMUSG00000023169.15",0.0261809037,8.37111645,0.891016127,0.38011908,1,"Geno_at_37"
"A530064D06Rik","ENSMUSG00000043939.15",-0.0261726974,-0.976608402,-0.386381918,0.701982393,1,"Geno_at_37"
"Leo1","ENSMUSG00000042487.6",0.0261699256,6.05525228,0.721071795,0.476532546,1,"Geno_at_37"
"Ccr7","ENSMUSG00000037944.8",0.0261667507,8.01714824,0.658187511,0.515547864,1,"Geno_at_37"
"Tacc3","ENSMUSG00000037313.16",-0.0261557641,7.34982133,-0.778967557,0.442193363,1,"Geno_at_37"
"Sart3","ENSMUSG00000018974.7",0.0261511609,6.99530302,0.860497209,0.396444012,1,"Geno_at_37"
"Gm42783","ENSMUSG00000104795.1",-0.0261509051,1.49594275,-0.237898676,0.813601744,1,"Geno_at_37"
"Cep192","ENSMUSG00000024542.9",0.0261464892,7.60809144,0.894394841,0.378338829,1,"Geno_at_37"
"Klhl28","ENSMUSG00000020948.9",-0.0261462321,5.28876241,-0.502185425,0.619259272,1,"Geno_at_37"
"Adcy3","ENSMUSG00000020654.15",0.0261450893,4.9190994,0.55771636,0.581239472,1,"Geno_at_37"
"Eloa","ENSMUSG00000028668.5",-0.0261371688,6.63058697,-0.822095159,0.417607798,1,"Geno_at_37"
"Ttc7b","ENSMUSG00000033530.8",0.0261340394,4.6881166,0.617028248,0.541942123,1,"Geno_at_37"
"Cerk","ENSMUSG00000035891.16",-0.0261223377,6.88707215,-0.593115479,0.557669819,1,"Geno_at_37"
"Spindoc","ENSMUSG00000024970.5",0.0261195667,3.75746856,0.453183874,0.653727033,1,"Geno_at_37"
"Fbxo3","ENSMUSG00000027180.12",-0.0261156031,6.59252142,-0.831579611,0.412316682,1,"Geno_at_37"
"Edn3","ENSMUSG00000027524.9",-0.0261106758,-0.987259801,-0.389995028,0.699337527,1,"Geno_at_37"
"Ccdc12","ENSMUSG00000019659.8",0.0261080772,4.929627,0.532611526,0.598285676,1,"Geno_at_37"
"Pcp2","ENSMUSG00000004630.18",0.026104314,-0.651026883,0.228041771,0.821184578,1,"Geno_at_37"
"Abcb6","ENSMUSG00000026198.15",0.0261032165,0.365966435,0.190756388,0.850021147,1,"Geno_at_37"
"Tob2","ENSMUSG00000048546.8",-0.0261019009,6.95512004,-0.604393167,0.550203926,1,"Geno_at_37"
"Gm12764","ENSMUSG00000086184.1",0.0261011639,-0.688035686,0.264621677,0.793138183,1,"Geno_at_37"
"Gm11613","ENSMUSG00000085586.1",-0.0260965153,0.620786407,-0.210452236,0.834759345,1,"Geno_at_37"
"Spag7","ENSMUSG00000018287.12",0.0260953176,5.54274168,0.653469967,0.518506817,1,"Geno_at_37"
"Gm7115","ENSMUSG00000104082.2",0.0260953169,0.574952985,0.182107028,0.856742405,1,"Geno_at_37"
"Gmeb2","ENSMUSG00000038705.13",-0.0260947927,5.94766888,-0.645348928,0.523681323,1,"Geno_at_37"
"Il2rg","ENSMUSG00000031304.18",-0.0260931884,7.65552052,-0.857553936,0.398041619,1,"Geno_at_37"
"Cbarp","ENSMUSG00000035640.18",-0.0260849199,4.21031987,-0.362096593,0.719893989,1,"Geno_at_37"
"Gm47694","ENSMUSG00000114584.1",0.0260739902,2.22446764,0.226724481,0.822199308,1,"Geno_at_37"
"Gm43203","ENSMUSG00000104897.1",-0.0260687427,1.77957892,-0.252533462,0.80237734,1,"Geno_at_37"
"Wdr7","ENSMUSG00000040560.10",-0.0260648245,4.61660563,-0.516323736,0.609471271,1,"Geno_at_37"
"Brip1os","ENSMUSG00000085208.3",0.026058491,6.57945471,0.788290674,0.436805927,1,"Geno_at_37"
"Gm8730","ENSMUSG00000063696.7",-0.0260536377,7.91179936,-0.76105909,0.452653365,1,"Geno_at_37"
"Ciao1","ENSMUSG00000003662.10",0.0260512508,5.6194539,0.666306838,0.51038451,1,"Geno_at_37"
"Snx25","ENSMUSG00000038291.16",0.0260507445,5.75996618,0.523760883,0.604351692,1,"Geno_at_37"
"Traf3ip2","ENSMUSG00000019842.6",-0.026049771,4.43394317,-0.581980814,0.564994195,1,"Geno_at_37"
"Stard9","ENSMUSG00000033705.17",0.0260485202,2.45996946,0.287184234,0.775975765,1,"Geno_at_37"
"Poli","ENSMUSG00000038425.18",-0.0260453974,4.7525848,-0.519631964,0.607191451,1,"Geno_at_37"
"Gm12734","ENSMUSG00000081451.1",0.0260383854,3.79896685,0.416211951,0.680262803,1,"Geno_at_37"
"Gm8399","ENSMUSG00000043889.6",-0.0260350275,4.92121332,-0.58011509,0.566235132,1,"Geno_at_37"
"Zbtb37","ENSMUSG00000043467.19",0.026034046,4.96335508,0.571944301,0.571685856,1,"Geno_at_37"
"Gm15706","ENSMUSG00000086013.1",-0.0260328767,1.79895295,-0.221766289,0.826021475,1,"Geno_at_37"
"Plk4","ENSMUSG00000025758.10",0.0260259545,6.70703438,0.561622324,0.578809236,1,"Geno_at_37"
"Gm2011","ENSMUSG00000107741.2",-0.0260249239,1.59455191,-0.244321266,0.808670715,1,"Geno_at_37"
"Zfp943","ENSMUSG00000053347.15",-0.0260218414,4.30854317,-0.504816063,0.617432615,1,"Geno_at_37"
"Fam162a","ENSMUSG00000003955.8",-0.0260117636,6.89525005,-0.537142977,0.595636023,1,"Geno_at_37"
"Fcer1g","ENSMUSG00000058715.11",-0.026008793,0.134609183,-0.186305243,0.853478652,1,"Geno_at_37"
"Ddit4","ENSMUSG00000020108.4",-0.0260019983,6.82856347,-0.310075517,0.760231807,1,"Geno_at_37"
"Ccni","ENSMUSG00000063015.12",-0.0259909301,7.98649827,-0.801365612,0.429317793,1,"Geno_at_37"
"Ect2","ENSMUSG00000027699.19",-0.0259903744,6.4570076,-0.672054441,0.506770606,1,"Geno_at_37"
"Adpgk","ENSMUSG00000025236.11",-0.0259833674,8.20404216,-0.692826572,0.493828498,1,"Geno_at_37"
"Ier3ip1","ENSMUSG00000090000.2",-0.0259816928,4.72341936,-0.602437212,0.551479054,1,"Geno_at_37"
"Fam160a2","ENSMUSG00000044465.19",0.0259789899,5.57562721,0.598571022,0.554020522,1,"Geno_at_37"
"Ube2e2","ENSMUSG00000058317.12",0.0259586341,3.13271206,0.313964278,0.755754227,1,"Geno_at_37"
"Cluap1","ENSMUSG00000014232.14",-0.0259566936,4.22690334,-0.577614493,0.56790049,1,"Geno_at_37"
"Tmem184b","ENSMUSG00000009035.15",-0.0259561215,6.40933323,-0.773811122,0.445190145,1,"Geno_at_37"
"Kank3","ENSMUSG00000042099.16",-0.0259280476,2.49489012,-0.354405676,0.725551851,1,"Geno_at_37"
"Dctn3","ENSMUSG00000028447.11",0.0259248308,5.72123783,0.713990331,0.480835849,1,"Geno_at_37"
"Fbxo25","ENSMUSG00000038365.8",-0.0259017282,4.85275391,-0.57162061,0.571902329,1,"Geno_at_37"
"Atp6ap2","ENSMUSG00000031007.2",-0.0259000458,6.2102985,-0.741442588,0.46427799,1,"Geno_at_37"
"Lbhd2","ENSMUSG00000087075.2",-0.02589559,-0.84559697,-0.306785491,0.761158349,1,"Geno_at_37"
"Taf10","ENSMUSG00000043866.11",-0.0258953005,5.64198754,-0.719046434,0.477761059,1,"Geno_at_37"
"Mesd","ENSMUSG00000038503.15",0.0258936544,5.24571129,0.599576517,0.553358973,1,"Geno_at_37"
"Dbnl","ENSMUSG00000020476.14",0.0258915213,7.20722207,0.734748659,0.468284426,1,"Geno_at_37"
"Mdh2","ENSMUSG00000019179.10",-0.0258909755,7.77299617,-0.773216835,0.44553631,1,"Geno_at_37"
"Rrp1b","ENSMUSG00000058392.13",-0.0258764071,7.26541963,-0.737235307,0.466793777,1,"Geno_at_37"
"Vps37a","ENSMUSG00000031600.11",0.0258736829,6.223786,0.841783709,0.406670987,1,"Geno_at_37"
"Dcps","ENSMUSG00000032040.15",0.0258732498,5.77579468,0.675077441,0.504875532,1,"Geno_at_37"
"Gdi1","ENSMUSG00000015291.10",-0.0258728628,7.18573089,-0.828339473,0.41411955,1,"Geno_at_37"
"Nop16","ENSMUSG00000025869.11",0.0258722884,6.22316001,0.886650813,0.382427173,1,"Geno_at_37"
"Gm6394","ENSMUSG00000104623.1",0.0258686743,2.95000901,0.285521925,0.777236416,1,"Geno_at_37"
"Gm12173","ENSMUSG00000080970.1",0.0258599781,2.50140156,0.235232852,0.81566476,1,"Geno_at_37"
"Ddx1","ENSMUSG00000037149.10",0.0258580419,7.92379418,0.861400066,0.395954758,1,"Geno_at_37"
"Cdadc1","ENSMUSG00000021982.14",0.0258504394,5.46591754,0.695314446,0.492290985,1,"Geno_at_37"
"Acsl6","ENSMUSG00000020333.17",-0.0258465203,6.69275219,-0.803080575,0.428341468,1,"Geno_at_37"
"Akap13","ENSMUSG00000066406.16",0.0258417065,9.09489145,0.791732822,0.434826943,1,"Geno_at_37"
"Gm7984","ENSMUSG00000049891.4",0.0258380979,4.66954362,0.595223314,0.556226021,1,"Geno_at_37"
"Gm15687","ENSMUSG00000086643.1",0.0258254004,-0.621424626,0.232154478,0.818018525,1,"Geno_at_37"
"Tatdn2","ENSMUSG00000056952.13",-0.0258239842,6.64528129,-0.688026053,0.496802856,1,"Geno_at_37"
"Gen1","ENSMUSG00000051235.10",-0.0258209057,5.86287288,-0.526852443,0.602229513,1,"Geno_at_37"
"Kctd5","ENSMUSG00000016946.6",0.0258200444,5.28173334,0.649407617,0.52109176,1,"Geno_at_37"
"Gm11945","ENSMUSG00000081059.3",0.0258170386,-0.547872911,0.286615357,0.776407116,1,"Geno_at_37"
"Ano6","ENSMUSG00000064210.7",0.0258148439,5.36418703,0.628671619,0.534394355,1,"Geno_at_37"
"Myo5c","ENSMUSG00000033590.8",-0.0258144563,-0.387076907,-0.216145062,0.830360006,1,"Geno_at_37"
"Gtf2h1","ENSMUSG00000006599.13",-0.0258114186,6.44613871,-0.766020473,0.449740883,1,"Geno_at_37"
"Timm10","ENSMUSG00000027076.10",-0.0258036513,4.167676,-0.50759002,0.615509132,1,"Geno_at_37"
"Mgrn1","ENSMUSG00000022517.17",-0.0258027909,5.32866261,-0.726614181,0.473180046,1,"Geno_at_37"
"Ankrd12","ENSMUSG00000034647.15",-0.0257908498,7.19599125,-0.645982668,0.523276522,1,"Geno_at_37"
"Gm13136","ENSMUSG00000081179.1",0.0257876385,3.04935848,0.301659346,0.765024792,1,"Geno_at_37"
"Mcrip2","ENSMUSG00000025732.6",-0.0257826078,1.82673397,-0.282399059,0.779606382,1,"Geno_at_37"
"Csrp1","ENSMUSG00000026421.14",0.0257783296,7.24047596,0.729661624,0.471342525,1,"Geno_at_37"
"Gm50254","ENSMUSG00000118007.1",-0.0257562682,0.732678968,-0.196027542,0.845930609,1,"Geno_at_37"
"Dph3","ENSMUSG00000021905.14",-0.0257479071,4.5847256,-0.528371429,0.601188112,1,"Geno_at_37"
"Gm11975","ENSMUSG00000084231.1",-0.0257465674,-0.510825986,-0.191457409,0.849476891,1,"Geno_at_37"
"Aire","ENSMUSG00000000731.15",0.0257431465,-0.513778252,0.217990123,0.828935358,1,"Geno_at_37"
"Hnrnpa1","ENSMUSG00000046434.16",0.0257336505,8.7229049,0.74923264,0.459640854,1,"Geno_at_37"
"Ring1","ENSMUSG00000024325.8",-0.0257298564,4.40491818,-0.382186949,0.705057956,1,"Geno_at_37"
"Gm50432","ENSMUSG00000118052.1",-0.0257261352,-0.0218386823,-0.215500682,0.830857696,1,"Geno_at_37"
"Gm13349","ENSMUSG00000082520.2",-0.0257237055,-0.361136057,-0.217237349,0.829516535,1,"Geno_at_37"
"Dusp22","ENSMUSG00000069255.13",0.0257160276,4.72513484,0.525276514,0.603310858,1,"Geno_at_37"
"Cmas","ENSMUSG00000030282.14",-0.0257152823,5.83577239,-0.647757045,0.522144036,1,"Geno_at_37"
"Cers5","ENSMUSG00000023021.15",-0.0257042044,6.62750225,-0.807830561,0.425644411,1,"Geno_at_37"
"Wdr60","ENSMUSG00000042050.8",-0.0257010873,3.85778804,-0.394062361,0.696364746,1,"Geno_at_37"
"Abtb1","ENSMUSG00000030083.11",-0.0257005487,5.37563673,-0.532216032,0.598556118,1,"Geno_at_37"
"Snhg6","ENSMUSG00000098234.7",-0.0256959163,5.32688239,-0.672195088,0.50668235,1,"Geno_at_37"
"Cdon","ENSMUSG00000038119.15",0.0256952788,5.29373669,0.582168997,0.564869107,1,"Geno_at_37"
"Rpl36al","ENSMUSG00000049751.6",0.0256929144,0.750270426,0.21409494,0.831943676,1,"Geno_at_37"
"Gm9797","ENSMUSG00000045455.8",0.0256917667,3.2115495,0.379337976,0.707149594,1,"Geno_at_37"
"Gm10689","ENSMUSG00000074412.4",-0.0256863807,-0.0758979691,-0.246492384,0.807005605,1,"Geno_at_37"
"Mir7669","ENSMUSG00000098397.1",0.0256838166,-0.386776477,0.204816478,0.839119947,1,"Geno_at_37"
"Sacm1l","ENSMUSG00000025240.10",0.0256792607,5.85239759,0.698346542,0.490420795,1,"Geno_at_37"
"U2af1l4","ENSMUSG00000078765.11",-0.0256747107,-0.417944662,-0.2453462,0.807884542,1,"Geno_at_37"
"Mapk7","ENSMUSG00000001034.17",0.0256705614,4.48295093,0.470233954,0.641640461,1,"Geno_at_37"
"Ofd1","ENSMUSG00000040586.8",-0.025666163,4.93162505,-0.436650275,0.665539438,1,"Geno_at_37"
"Kiz","ENSMUSG00000074749.10",-0.0256650582,3.84812209,-0.404668607,0.688635862,1,"Geno_at_37"
"Mir6905","ENSMUSG00000099181.1",0.0256426528,-0.615671688,0.272444115,0.787175544,1,"Geno_at_37"
"Gm24391","ENSMUSG00000088763.1",-0.0256407543,-0.337931207,-0.250187484,0.804173814,1,"Geno_at_37"
"Gm45807","ENSMUSG00000108991.1",-0.0256405625,-0.571439683,-0.229753546,0.81986644,1,"Geno_at_37"
"Usp33","ENSMUSG00000025437.15",0.0256338823,5.86813919,0.649362682,0.521120391,1,"Geno_at_37"
"Aspm","ENSMUSG00000033952.14",0.0256322389,7.33735626,0.733271405,0.469171294,1,"Geno_at_37"
"Atp6v1f","ENSMUSG00000004285.12",-0.0256295292,6.12754724,-0.753921532,0.456862918,1,"Geno_at_37"
"Mrpl27-ps","ENSMUSG00000071867.5",0.0256229066,2.29675785,0.308870121,0.759587783,1,"Geno_at_37"
"Tex2","ENSMUSG00000040548.16",-0.0256149438,6.33434196,-0.653062726,0.518765637,1,"Geno_at_37"
"Slc25a11","ENSMUSG00000014606.14",-0.0256092705,5.70013956,-0.589282907,0.560150666,1,"Geno_at_37"
"Igsf10","ENSMUSG00000036334.12",-0.0256084964,-0.986746346,-0.379464272,0.707056821,1,"Geno_at_37"
"Naa16","ENSMUSG00000022020.15",0.0256002826,6.12317319,0.680318664,0.501599214,1,"Geno_at_37"
"Ppp1r32","ENSMUSG00000035179.4",-0.0255937613,-0.103733023,-0.204048786,0.839714345,1,"Geno_at_37"
"Gm5976","ENSMUSG00000097833.1",-0.0255931364,-0.46113958,-0.200697775,0.842310042,1,"Geno_at_37"
"Ubr5","ENSMUSG00000037487.7",0.025592531,8.53321165,0.940115547,0.354781134,1,"Geno_at_37"
"Gm34777","ENSMUSG00000111923.1",-0.0255881198,-0.852253618,-0.291283518,0.772869633,1,"Geno_at_37"
"Gm9843","ENSMUSG00000050299.8",-0.0255843876,8.88713014,-0.611532684,0.546108708,1,"Geno_at_37"
"Pepd","ENSMUSG00000063931.14",0.025581957,4.74683593,0.402179836,0.690516503,1,"Geno_at_37"
"Prkcg","ENSMUSG00000078816.9",-0.0255814073,0.713936745,-0.184630498,0.854780311,1,"Geno_at_37"
"Agap3","ENSMUSG00000023353.14",0.0255752257,6.42427273,0.720062,0.477144825,1,"Geno_at_37"
"Amd2","ENSMUSG00000063953.3",0.0255711169,3.6644289,0.351232474,0.727906233,1,"Geno_at_37"
"Mob4","ENSMUSG00000025979.13",-0.0255679699,5.61887842,-0.581699844,0.565180987,1,"Geno_at_37"
"Pip4k2b","ENSMUSG00000018547.8",-0.0255654677,6.59175495,-0.542318906,0.591875741,1,"Geno_at_37"
"Cops8","ENSMUSG00000034432.11",-0.0255601057,6.30986216,-0.823554687,0.416790839,1,"Geno_at_37"
"Mturn","ENSMUSG00000038065.13",-0.0255574174,4.31900812,-0.367663319,0.71576932,1,"Geno_at_37"
"Rbmx","ENSMUSG00000031134.16",-0.0255456704,6.2357189,-0.636849489,0.52912662,1,"Geno_at_37"
"Eif2b1","ENSMUSG00000029388.14",0.0255414181,5.89318711,0.786869504,0.437624585,1,"Geno_at_37"
"Sntb2","ENSMUSG00000041308.6",-0.025535948,4.14438235,-0.442238604,0.661536897,1,"Geno_at_37"
"Dnajc27","ENSMUSG00000020657.16",-0.0255339879,4.66485955,-0.44774104,0.657605788,1,"Geno_at_37"
"Npm3","ENSMUSG00000056209.7",0.0255338179,5.74014947,0.649223487,0.521209089,1,"Geno_at_37"
"Acta2","ENSMUSG00000035783.9",-0.0255326479,-0.398246604,-0.210001723,0.83510773,1,"Geno_at_37"
"Nsun7","ENSMUSG00000029206.13",-0.0255322209,-0.962938134,-0.379702663,0.70688172,1,"Geno_at_37"
"Dido1","ENSMUSG00000038914.15",0.0255306244,7.12324565,0.802735401,0.428537866,1,"Geno_at_37"
"1700003M07Rik","ENSMUSG00000085389.7",-0.0255284057,-0.958254275,-0.341179901,0.735382559,1,"Geno_at_37"
"Nsf","ENSMUSG00000034187.18",-0.0255258497,6.31563325,-0.806346787,0.426485781,1,"Geno_at_37"
"Nphp3","ENSMUSG00000032558.19",-0.0255256067,3.39169901,-0.282151107,0.779862899,1,"Geno_at_37"
"Elp4","ENSMUSG00000027167.11",-0.025517548,3.89777335,-0.401979515,0.690592241,1,"Geno_at_37"
"Rabif","ENSMUSG00000042229.9",-0.025513581,5.27386459,-0.615661267,0.542831919,1,"Geno_at_37"
"Wdr62","ENSMUSG00000037020.16",-0.0255130135,5.34801005,-0.558801552,0.58050804,1,"Geno_at_37"
"Manea","ENSMUSG00000040520.7",-0.0255121349,4.25728297,-0.50974733,0.614015153,1,"Geno_at_37"
"Prpf3","ENSMUSG00000015748.13",-0.0255098433,6.25157472,-0.816846871,0.420553674,1,"Geno_at_37"
"Lrrc29","ENSMUSG00000041679.9",0.0255078585,2.19314255,0.360878384,0.720757845,1,"Geno_at_37"
"Cebpzos","ENSMUSG00000062691.10",-0.0254977856,2.10944995,-0.29254451,0.771914914,1,"Geno_at_37"
"Lpxn","ENSMUSG00000024696.9",-0.0254961502,5.74825831,-0.545709946,0.589362038,1,"Geno_at_37"
"Gm9970","ENSMUSG00000055424.4",-0.0254947256,-0.542047686,-0.271005245,0.788271348,1,"Geno_at_37"
"2310001H17Rik","ENSMUSG00000097354.7",0.0254944477,3.24196269,0.404189833,0.688984022,1,"Geno_at_37"
"Crk","ENSMUSG00000017776.15",-0.0254911801,6.57207174,-0.712360607,0.481829351,1,"Geno_at_37"
"Nol7","ENSMUSG00000063200.4",0.0254861424,6.70003464,0.773780381,0.445208048,1,"Geno_at_37"
"Rps26-ps1","ENSMUSG00000059775.5",-0.025479678,7.43138506,-0.785627527,0.438340779,1,"Geno_at_37"
"Gm49888","ENSMUSG00000117297.1",0.0254762308,1.80656343,0.195573098,0.84630758,1,"Geno_at_37"
"Amot","ENSMUSG00000041688.16",0.0254759802,4.73749836,0.172059962,0.865492696,1,"Geno_at_37"
"Mcm4","ENSMUSG00000022673.5",0.0254707661,8.57909507,0.729148395,0.471651698,1,"Geno_at_37"
"Olfr266","ENSMUSG00000043529.4",-0.025466216,-0.935717178,-0.353423253,0.726280477,1,"Geno_at_37"
"Gm43260","ENSMUSG00000105933.1",-0.0254619881,-0.573993279,-0.210333399,0.834851239,1,"Geno_at_37"
"Pnn","ENSMUSG00000020994.5",0.025461927,8.09798352,0.766709825,0.449337098,1,"Geno_at_37"
"Gm19667","ENSMUSG00000099373.1",-0.0254610785,-0.556788459,-0.212174528,0.8334278,1,"Geno_at_37"
"Lsp1","ENSMUSG00000018819.10",0.0254561926,7.81697825,0.796821801,0.431911142,1,"Geno_at_37"
"Capn5","ENSMUSG00000035547.14",0.0254525453,3.08598583,0.227807289,0.82165633,1,"Geno_at_37"
"Gpatch1","ENSMUSG00000063808.14",-0.0254523598,4.34637077,-0.546817762,0.588610279,1,"Geno_at_37"
"9630010A21Rik","ENSMUSG00000103867.1",-0.0254485348,-0.689920589,-0.284296032,0.778166497,1,"Geno_at_37"
"4930458D05Rik","ENSMUSG00000087611.1",-0.0254443557,-0.70433196,-0.21637882,0.830179478,1,"Geno_at_37"
"Gadd45a","ENSMUSG00000036390.8",0.025443643,2.96103499,0.291091914,0.773014732,1,"Geno_at_37"
"Tmem181a","ENSMUSG00000038141.11",-0.0254400613,4.12314414,-0.489338354,0.628215384,1,"Geno_at_37"
"Mrpl14","ENSMUSG00000023939.7",0.0254378315,4.22456385,0.292623755,0.77235355,1,"Geno_at_37"
"Invs","ENSMUSG00000028344.12",-0.0254342204,3.64631185,-0.407707481,0.686427642,1,"Geno_at_37"
"Gm13552","ENSMUSG00000081157.1",0.025433769,2.57993339,0.324679148,0.747711572,1,"Geno_at_37"
"Sco1","ENSMUSG00000069844.12",0.0254288881,3.97255234,0.396079197,0.69489247,1,"Geno_at_37"
"Auh","ENSMUSG00000021460.17",0.0254278713,4.62174193,0.511107998,0.613073729,1,"Geno_at_37"
"Gm16171","ENSMUSG00000081372.1",0.0254264482,-0.624839401,0.238954544,0.812790548,1,"Geno_at_37"
"Kifc1","ENSMUSG00000079553.11",-0.0254222464,6.73994979,-0.752334128,0.457802264,1,"Geno_at_37"
"Osmr","ENSMUSG00000022146.12",-0.0254167729,-0.943121662,-0.351556055,0.727666025,1,"Geno_at_37"
"Osbpl7","ENSMUSG00000038534.19",-0.0254127446,4.83270373,-0.422198147,0.675936848,1,"Geno_at_37"
"Pofut1","ENSMUSG00000046020.13",0.0254123603,6.77868412,0.689476187,0.49590331,1,"Geno_at_37"
"Zbtb25","ENSMUSG00000056459.14",-0.0254095433,4.31300551,-0.525771814,0.602970902,1,"Geno_at_37"
"Zfp36l1","ENSMUSG00000021127.7",-0.0254043577,7.73914572,-0.427026707,0.67392949,1,"Geno_at_37"
"Cisd3","ENSMUSG00000078695.8",-0.0254023564,3.94057595,-0.442210396,0.661557075,1,"Geno_at_37"
"Cyb561d1","ENSMUSG00000048796.7",-0.0254020194,4.92390937,-0.597449967,0.554758581,1,"Geno_at_37"
"Haus1","ENSMUSG00000041840.8",0.0253948292,4.97954763,0.595687495,0.555919946,1,"Geno_at_37"
"Irgm2","ENSMUSG00000069874.7",0.0253852606,6.76456041,0.448101081,0.658339416,1,"Geno_at_37"
"Shb","ENSMUSG00000044813.15",0.0253744106,1.47337781,0.230037826,0.819647585,1,"Geno_at_37"
"Rrp36","ENSMUSG00000023971.9",0.0253715039,4.70672431,0.630624254,0.53313405,1,"Geno_at_37"
"Trim23","ENSMUSG00000021712.15",0.0253691369,5.00349897,0.494967567,0.62428388,1,"Geno_at_37"
"Ppp1r7","ENSMUSG00000026275.13",0.025362333,6.40551358,0.849813641,0.402262477,1,"Geno_at_37"
"3110040N11Rik","ENSMUSG00000025102.14",-0.0253613175,3.95452137,-0.514857989,0.610482648,1,"Geno_at_37"
"Lactb","ENSMUSG00000032370.8",-0.0253475292,3.48197795,-0.390516036,0.698956455,1,"Geno_at_37"
"Dym","ENSMUSG00000035765.10",-0.025334835,4.4965038,-0.512993108,0.611770562,1,"Geno_at_37"
"Camta1","ENSMUSG00000014592.21",0.0253346875,3.89338062,0.473622667,0.639249959,1,"Geno_at_37"
"Syna","ENSMUSG00000085957.4",-0.0253335338,-0.654627328,-0.237207165,0.814133128,1,"Geno_at_37"
"Rad9a","ENSMUSG00000024824.7",0.0253239664,5.47052023,0.651199196,0.519950888,1,"Geno_at_37"
"Bmi1","ENSMUSG00000026739.13",-0.0253183893,6.49243042,-0.6119638,0.545242504,1,"Geno_at_37"
"Coq8b","ENSMUSG00000003762.13",-0.025313545,3.59208357,-0.382604382,0.704751685,1,"Geno_at_37"
"Pfdn6","ENSMUSG00000024309.15",0.0253122434,5.79171354,0.634804331,0.53044139,1,"Geno_at_37"
"Cux1","ENSMUSG00000029705.17",-0.0253121714,7.95019365,-0.389992427,0.700988107,1,"Geno_at_37"
"Pno1","ENSMUSG00000020116.7",0.0253075424,6.06076543,0.639400469,0.52748912,1,"Geno_at_37"
"Arhgap1","ENSMUSG00000027247.16",-0.0253074969,6.97948609,-0.905638919,0.372453257,1,"Geno_at_37"
"Iqcb1","ENSMUSG00000022837.14",0.0253045772,5.02530933,0.504850228,0.617408908,1,"Geno_at_37"
"Ak3","ENSMUSG00000024782.7",-0.0253035454,5.18189698,-0.535540503,0.596284643,1,"Geno_at_37"
"Psmd6","ENSMUSG00000021737.4",-0.0253006289,6.93663555,-0.829569153,0.413434758,1,"Geno_at_37"
"Gm6980","ENSMUSG00000111357.1",0.0253004135,-0.975612872,0.376836004,0.708988392,1,"Geno_at_37"
"Thra","ENSMUSG00000058756.13",-0.0252945758,3.48919517,-0.381273146,0.705728591,1,"Geno_at_37"
"Unk","ENSMUSG00000020770.13",-0.0252907572,5.52953751,-0.700122265,0.489327401,1,"Geno_at_37"
"Gjc2","ENSMUSG00000043448.13",0.0252756463,-0.971916618,0.358795284,0.722299444,1,"Geno_at_37"
"Med15","ENSMUSG00000012114.17",-0.0252728157,6.70338691,-0.793470883,0.433829755,1,"Geno_at_37"
"Frem2","ENSMUSG00000037016.11",-0.0252681048,-0.975614611,-0.365131868,0.717613763,1,"Geno_at_37"
"Gm33936","ENSMUSG00000115715.1",-0.0252681048,-0.980158887,-0.376510415,0.709227812,1,"Geno_at_37"
"Mrs2","ENSMUSG00000021339.4",0.0252675942,5.77243967,0.715780114,0.479746127,1,"Geno_at_37"
"Gm49201","ENSMUSG00000115124.1",0.0252547287,0.824792848,0.217333647,0.829442183,1,"Geno_at_37"
"Gm12709","ENSMUSG00000085181.1",0.025249639,-0.727695444,0.226725942,0.822198183,1,"Geno_at_37"
"Rad51ap1","ENSMUSG00000030346.16",0.0252432471,6.49679954,0.616924671,0.542009517,1,"Geno_at_37"
"Ggct","ENSMUSG00000002797.9",-0.0252423077,3.18060416,-0.27631782,0.784227645,1,"Geno_at_37"
"Gm13231","ENSMUSG00000081885.1",-0.0252394948,1.42210128,-0.228014793,0.821205356,1,"Geno_at_37"
"Yod1","ENSMUSG00000046404.5",-0.0252326061,4.64177987,-0.520137254,0.60684359,1,"Geno_at_37"
"Dnajc24","ENSMUSG00000027166.14",-0.0252312801,3.59834508,-0.400426945,0.691722764,1,"Geno_at_37"
"Polr2l","ENSMUSG00000038489.8",-0.0252273036,3.47377441,-0.364791895,0.71786488,1,"Geno_at_37"
"Mpnd","ENSMUSG00000003199.16",0.0252270117,5.43936956,0.650962987,0.520101228,1,"Geno_at_37"
"Loxl3","ENSMUSG00000000693.10",0.0252204392,0.128829773,0.182506441,0.856431784,1,"Geno_at_37"
"Gm36298","ENSMUSG00000114172.1",-0.0252111374,0.294086621,-0.149947596,0.881893624,1,"Geno_at_37"
"Gm43635","ENSMUSG00000107013.1",0.0252093999,-0.42387395,0.226691307,0.822224867,1,"Geno_at_37"
"Slc30a7","ENSMUSG00000054414.4",-0.0252093119,5.94684992,-0.634428686,0.53068307,1,"Geno_at_37"
"Cers4","ENSMUSG00000008206.16",-0.0252053284,4.33268944,-0.467890626,0.643295806,1,"Geno_at_37"
"Tm7sf3","ENSMUSG00000040234.16",-0.025199948,4.06831224,-0.368199665,0.715349229,1,"Geno_at_37"
"Gm43195","ENSMUSG00000106497.1",0.0251948052,-0.492342186,0.168642942,0.86732998,1,"Geno_at_37"
"Cr1l","ENSMUSG00000016481.15",-0.0251943004,5.71593612,-0.736923732,0.466980403,1,"Geno_at_37"
"Smyd5","ENSMUSG00000033706.13",-0.0251922032,6.47046223,-0.665137767,0.511121314,1,"Geno_at_37"
"Casp9","ENSMUSG00000028914.13",-0.025191427,3.34952032,-0.337820427,0.737887007,1,"Geno_at_37"
"Slc27a6","ENSMUSG00000024600.8",0.0251892508,1.49907352,0.154762246,0.878272058,1,"Geno_at_37"
"mt-Tc","ENSMUSG00000064349.1",0.0251796393,1.37280025,0.223595473,0.824610885,1,"Geno_at_37"
"Ddx17","ENSMUSG00000055065.7",0.0251780565,9.43828567,0.865873992,0.393536023,1,"Geno_at_37"
"Dubr","ENSMUSG00000022639.14",-0.0251739482,4.01178401,-0.327813993,0.745429837,1,"Geno_at_37"
"Ttc1","ENSMUSG00000041278.10",-0.025171238,5.20470127,-0.654643387,0.51776145,1,"Geno_at_37"
"Dap3","ENSMUSG00000068921.14",-0.0251641315,6.61660119,-0.809764286,0.424549427,1,"Geno_at_37"
"Ltv1","ENSMUSG00000019814.5",-0.0251574087,6.27695889,-0.681406647,0.500920596,1,"Geno_at_37"
"Adgrl1","ENSMUSG00000013033.16",0.0251542393,6.81382654,0.685482952,0.498382598,1,"Geno_at_37"
"Wdr46","ENSMUSG00000024312.10",0.02515144,5.92532865,0.533846043,0.597441882,1,"Geno_at_37"
"Sbk3","ENSMUSG00000085272.7",-0.0251486976,0.474434334,-0.209221128,0.83571145,1,"Geno_at_37"
"Rps2","ENSMUSG00000044533.15",0.0251464757,10.3577099,0.91366321,0.368289712,1,"Geno_at_37"
"Mink1","ENSMUSG00000020827.18",0.025146163,6.88428805,0.702441237,0.487901584,1,"Geno_at_37"
"Slc31a2","ENSMUSG00000066152.11",-0.0251390497,3.93635395,-0.436216046,0.665850869,1,"Geno_at_37"
"Tbc1d23","ENSMUSG00000022749.8",-0.0251385364,5.22773511,-0.530933303,0.599433656,1,"Geno_at_37"
"Haus4","ENSMUSG00000022177.9",0.025137346,5.70788364,0.659880551,0.514441869,1,"Geno_at_37"
"Ranbp10","ENSMUSG00000037415.7",-0.0251267268,6.0492611,-0.66892257,0.508738069,1,"Geno_at_37"
"Lamtor5","ENSMUSG00000087260.5",-0.0251265336,5.1883719,-0.525229287,0.603343277,1,"Geno_at_37"
"Rpl13a","ENSMUSG00000074129.14",0.0251197495,6.83549601,0.776525805,0.443610929,1,"Geno_at_37"
"Akr1c18","ENSMUSG00000021214.14",0.0251147078,6.73445544,0.242087599,0.811704986,1,"Geno_at_37"
"Ilkap","ENSMUSG00000026309.14",0.0251078306,6.42596344,0.77380114,0.445195959,1,"Geno_at_37"
"Son","ENSMUSG00000022961.18",0.0251050538,9.63587138,1.03736226,0.307982628,1,"Geno_at_37"
"Lonp1","ENSMUSG00000041168.10",0.0251045702,7.36951765,0.665640318,0.510804511,1,"Geno_at_37"
"Pde1b","ENSMUSG00000022489.6",-0.0251013353,4.3741631,-0.498056178,0.622131519,1,"Geno_at_37"
"Tmem191c","ENSMUSG00000055692.21",0.0250979187,1.50719957,0.209638334,0.835388766,1,"Geno_at_37"
"Spata21","ENSMUSG00000045004.3",-0.0250883868,-0.594174738,-0.243698973,0.809148143,1,"Geno_at_37"
"Gm49167","ENSMUSG00000112203.1",-0.0250851837,0.567527705,-0.187483473,0.85256315,1,"Geno_at_37"
"Gm6478","ENSMUSG00000074868.2",-0.0250832345,0.274198617,-0.193522559,0.847873997,1,"Geno_at_37"
"Gpr68","ENSMUSG00000047415.12",0.0250787273,7.34473313,0.67882926,0.502529044,1,"Geno_at_37"
"Cyfip2","ENSMUSG00000020340.16",-0.0250753982,8.5458985,-0.901260051,0.374738195,1,"Geno_at_37"
"Gm36738","ENSMUSG00000116097.1",0.0250689848,-0.0564698587,0.180486498,0.858002921,1,"Geno_at_37"
"Mutyh","ENSMUSG00000028687.17",-0.0250671932,3.65263701,-0.416071817,0.680364204,1,"Geno_at_37"
"Ccndbp1","ENSMUSG00000023572.16",-0.0250650647,5.63933417,-0.662256463,0.51293974,1,"Geno_at_37"
"Ap3s2","ENSMUSG00000063801.7",-0.0250640943,5.9138355,-0.661003421,0.513731655,1,"Geno_at_37"
"Uba7","ENSMUSG00000032596.14",-0.025063626,5.65016818,-0.470802205,0.641372993,1,"Geno_at_37"
"Smarca5","ENSMUSG00000031715.14",0.025052886,7.89345784,0.921035901,0.364491215,1,"Geno_at_37"
"Nfe2l2","ENSMUSG00000015839.6",0.0250462312,5.03130666,0.589457942,0.560034825,1,"Geno_at_37"
"Gm8116","ENSMUSG00000059422.5",0.0250347265,4.3396246,0.524208692,0.604044079,1,"Geno_at_37"
"Gm9774","ENSMUSG00000042165.8",-0.0250292182,5.55673208,-0.557220147,0.581574076,1,"Geno_at_37"
"Golgb1","ENSMUSG00000034243.17",0.0250266452,7.03203142,0.783651178,0.439481914,1,"Geno_at_37"
"Stt3b","ENSMUSG00000032437.10",0.0250240948,8.20219656,0.926065853,0.361914549,1,"Geno_at_37"
"Gm16161","ENSMUSG00000090194.1",0.0250212165,0.651215718,0.198358116,0.844123414,1,"Geno_at_37"
"Sod1","ENSMUSG00000022982.10",-0.0250210491,7.08892757,-0.742652472,0.463555998,1,"Geno_at_37"
"Zmiz2","ENSMUSG00000041164.15",-0.0250178464,7.93315018,-0.735763711,0.467675608,1,"Geno_at_37"
"Dhrs7b","ENSMUSG00000042569.13",-0.0250178217,4.70929186,-0.473988948,0.638991807,1,"Geno_at_37"
"Mlx","ENSMUSG00000017801.15",-0.0250161033,4.88643104,-0.564032247,0.576988863,1,"Geno_at_37"
"Gm25772","ENSMUSG00000089199.1",0.0250147478,-0.0172405163,0.12833925,0.899014221,1,"Geno_at_37"
"Pcf11","ENSMUSG00000041328.16",-0.0250134814,6.91637865,-0.561381816,0.578878572,1,"Geno_at_37"
"4930517E14Rik","ENSMUSG00000111246.1",0.0250107507,-0.495124043,0.259071787,0.797376325,1,"Geno_at_37"
"Prdx3","ENSMUSG00000024997.7",-0.0250089942,6.19534532,-0.685525866,0.498355917,1,"Geno_at_37"
"Hnrnpul2","ENSMUSG00000071659.4",0.0249872826,8.52320575,0.580922415,0.566259533,1,"Geno_at_37"
"Svop","ENSMUSG00000042078.14",0.0249784923,-0.876614436,0.308221327,0.760076475,1,"Geno_at_37"
"Actr1b","ENSMUSG00000037351.9",-0.0249774271,7.27309119,-0.915690346,0.367242734,1,"Geno_at_37"
"Gm13369","ENSMUSG00000083796.3",0.0249737768,-0.367858064,0.203326539,0.840273645,1,"Geno_at_37"
"Kidins220","ENSMUSG00000036333.11",-0.0249669906,7.24885761,-0.657838534,0.515734818,1,"Geno_at_37"
"Gm27616","ENSMUSG00000098259.1",0.0249615615,1.07870428,0.230154385,0.819557855,1,"Geno_at_37"
"Ppip5k1","ENSMUSG00000033526.16",0.0249604407,5.05669746,0.537629166,0.594859661,1,"Geno_at_37"
"Dennd3","ENSMUSG00000036661.14",0.0249601116,3.26302567,0.345493596,0.732171086,1,"Geno_at_37"
"Diaph2","ENSMUSG00000034480.18",0.0249597478,6.81358759,0.681818326,0.500663949,1,"Geno_at_37"
"Gm18029","ENSMUSG00000112779.1",0.0249488334,-0.457389772,0.20327769,0.840311476,1,"Geno_at_37"
"Slc33a1","ENSMUSG00000027822.16",-0.0249485061,4.85703257,-0.543359436,0.590958626,1,"Geno_at_37"
"Gm14121","ENSMUSG00000083325.3",0.0249422208,3.22515955,0.404138584,0.689021294,1,"Geno_at_37"
"Gm4202","ENSMUSG00000091421.3",0.0249417847,7.72505381,0.694504003,0.492791544,1,"Geno_at_37"
"Cnp","ENSMUSG00000006782.16",-0.0249259482,7.22353476,-0.892343251,0.379419171,1,"Geno_at_37"
"Dnajb1","ENSMUSG00000005483.10",0.024921137,6.25782494,0.615295237,0.543070305,1,"Geno_at_37"
"Ccdc88c","ENSMUSG00000021182.16",-0.0249152211,7.49335016,-0.618523196,0.540969908,1,"Geno_at_37"
"S1pr4","ENSMUSG00000044199.6",-0.0249149105,5.55624795,-0.583643153,0.563889694,1,"Geno_at_37"
"Cptp","ENSMUSG00000029073.9",-0.0249127553,3.3453182,-0.376243507,0.709424104,1,"Geno_at_37"
"Tigd5","ENSMUSG00000103906.1",-0.0249103961,1.02440747,-0.205448508,0.83863066,1,"Geno_at_37"
"Coq9","ENSMUSG00000031782.15",-0.0249098035,4.88245741,-0.600518259,0.552739738,1,"Geno_at_37"
"Sccpdh","ENSMUSG00000038936.13",-0.0249041384,2.55126864,-0.247312474,0.806376886,1,"Geno_at_37"
"Togaram1","ENSMUSG00000035614.11",0.0248970268,6.2962555,0.715310566,0.480031877,1,"Geno_at_37"
"Slain2","ENSMUSG00000036087.18",0.0248937611,6.44145252,0.716120219,0.479539211,1,"Geno_at_37"
"Tnrc6a","ENSMUSG00000052707.8",0.0248929841,7.74399562,0.901841205,0.374434419,1,"Geno_at_37"
"Gm14276","ENSMUSG00000082163.2",-0.0248920148,3.02521996,-0.380308108,0.706437087,1,"Geno_at_37"
"Bckdk","ENSMUSG00000030802.14",-0.0248868153,5.68015891,-0.550994075,0.585780443,1,"Geno_at_37"
"Ube4bos3","ENSMUSG00000085286.1",-0.024877745,0.958478954,-0.189147253,0.851270725,1,"Geno_at_37"
"Bcat2","ENSMUSG00000030826.19",-0.0248686267,5.11830276,-0.579231448,0.566823342,1,"Geno_at_37"
"Wwp2","ENSMUSG00000031930.11",-0.0248632531,6.69141599,-0.85754086,0.398048725,1,"Geno_at_37"
"Tmem251","ENSMUSG00000046675.7",-0.0248544519,4.43074803,-0.576212376,0.568835356,1,"Geno_at_37"
"Mrps22","ENSMUSG00000032459.9",-0.0248512485,4.94593805,-0.654775253,0.517677723,1,"Geno_at_37"
"1110059G10Rik","ENSMUSG00000032551.7",-0.0248497872,4.33541437,-0.480817011,0.634187913,1,"Geno_at_37"
"Styx","ENSMUSG00000053205.9",0.0248493184,4.56093778,0.475376085,0.638014586,1,"Geno_at_37"
"Glis2","ENSMUSG00000014303.13",0.0248481114,3.27083284,0.303268144,0.763810673,1,"Geno_at_37"
"Prrc2b","ENSMUSG00000039262.16",0.024843894,8.36057,0.743839133,0.462848504,1,"Geno_at_37"
"Spg21","ENSMUSG00000032388.7",-0.0248385227,5.84421355,-0.685516876,0.498361507,1,"Geno_at_37"
"Ift88","ENSMUSG00000040040.16",0.0248315389,3.62647107,0.426048772,0.673160097,1,"Geno_at_37"
"Fam117b","ENSMUSG00000041040.12",0.0248269025,5.95089851,0.632175011,0.532134259,1,"Geno_at_37"
"Ago1","ENSMUSG00000041530.17",-0.0248161153,6.71632692,-0.616075041,0.542562504,1,"Geno_at_37"
"Fam53b","ENSMUSG00000030956.15",0.0248158572,7.35136493,0.708557367,0.484152417,1,"Geno_at_37"
"Thada","ENSMUSG00000024251.10",-0.0247869109,6.70217287,-0.589773715,0.55982587,1,"Geno_at_37"
"Ogdh","ENSMUSG00000020456.17",0.0247827191,7.21884924,0.761339665,0.452488361,1,"Geno_at_37"
"Gm5431","ENSMUSG00000058163.14",-0.0247769969,-0.000318462657,-0.175414276,0.861950753,1,"Geno_at_37"
"Trit1","ENSMUSG00000028653.16",0.0247725847,4.2423204,0.555200687,0.582936806,1,"Geno_at_37"
"B3gnt5","ENSMUSG00000022686.14",0.0247614952,5.26969187,0.363042218,0.719797344,1,"Geno_at_37"
"Ablim2","ENSMUSG00000029095.17",0.0247600899,-0.340315774,0.217807247,0.829076538,1,"Geno_at_37"
"Bard1","ENSMUSG00000026196.7",0.0247578928,5.76588045,0.468533492,0.643018806,1,"Geno_at_37"
"Zmat3","ENSMUSG00000027663.12",-0.0247503376,5.75577532,-0.445154235,0.659774578,1,"Geno_at_37"
"Hnrnpa2b1","ENSMUSG00000004980.16",0.0247484901,10.9713956,0.923291955,0.363334031,1,"Geno_at_37"
"Slc25a15","ENSMUSG00000031482.9",0.0247483784,6.14129047,0.720354478,0.476967437,1,"Geno_at_37"
"Gm49839","ENSMUSG00000117294.1",-0.0247465907,-0.169402559,-0.220432387,0.827050497,1,"Geno_at_37"
"Gm41396","ENSMUSG00000116223.1",0.0247426956,-0.292758166,0.187802407,0.85231537,1,"Geno_at_37"
"Sdhaf2","ENSMUSG00000024668.8",0.0247413543,5.66370872,0.698663724,0.49022539,1,"Geno_at_37"
"Sp2","ENSMUSG00000018678.13",0.0247398593,5.52750092,0.63750736,0.528704066,1,"Geno_at_37"
"Gm8515","ENSMUSG00000103206.1",0.0247372852,2.48860969,0.321143844,0.750362057,1,"Geno_at_37"
"Eif2s2","ENSMUSG00000074656.12",-0.0247337876,7.21436702,-0.71785474,0.478484749,1,"Geno_at_37"
"Sparc","ENSMUSG00000018593.13",0.0247269194,-0.0567552883,0.20348322,0.840152306,1,"Geno_at_37"
"Gm16225","ENSMUSG00000086884.1",0.0247210148,-0.874058989,0.305948915,0.76178892,1,"Geno_at_37"
"Cbfa2t2-ps1","ENSMUSG00000087034.4",-0.0247182238,1.31050554,-0.220747575,0.826807321,1,"Geno_at_37"
"Chrnb2","ENSMUSG00000027950.7",0.0247146721,2.35426137,0.321162771,0.750347858,1,"Geno_at_37"
"Hoxb4","ENSMUSG00000038692.8",-0.0246994073,0.702888485,-0.235428267,0.815500516,1,"Geno_at_37"
"Lpl","ENSMUSG00000015568.16",-0.0246981464,-0.787249584,-0.290566209,0.773412883,1,"Geno_at_37"
"Gm38111","ENSMUSG00000102939.1",-0.0246863881,-0.616440611,-0.218277851,0.828713245,1,"Geno_at_37"
"Scarf1","ENSMUSG00000038188.17",0.024685185,0.782221665,0.186217324,0.853546975,1,"Geno_at_37"
"Dnajb6","ENSMUSG00000029131.14",-0.0246844359,5.71462876,-0.623371725,0.537823063,1,"Geno_at_37"
"Tedc1","ENSMUSG00000037466.13",-0.0246762437,5.66381042,-0.569934721,0.573030454,1,"Geno_at_37"
"Atp6v1b2","ENSMUSG00000006273.14",0.0246685314,6.69171161,0.725124251,0.474079938,1,"Geno_at_37"
"Fance","ENSMUSG00000007570.16",0.0246631684,4.23407192,0.437778576,0.6647305,1,"Geno_at_37"
"Nedd4l","ENSMUSG00000024589.18",0.0246592786,3.9667144,0.342898164,0.734102755,1,"Geno_at_37"
"Arhgef10l","ENSMUSG00000040964.16",-0.0246571952,-0.723259016,-0.201480172,0.841703834,1,"Geno_at_37"
"Gm10044","ENSMUSG00000072723.12",-0.0246559548,-0.327938478,-0.212653563,0.833057536,1,"Geno_at_37"
"Gm14176","ENSMUSG00000062846.7",0.0246509147,6.03437369,0.59164653,0.558587403,1,"Geno_at_37"
"Map3k11","ENSMUSG00000004054.9",-0.0246503126,6.21326141,-0.660374138,0.51412961,1,"Geno_at_37"
"Stard3nl","ENSMUSG00000003062.13",0.0246496148,4.9331979,0.587770165,0.561152339,1,"Geno_at_37"
"Celf5","ENSMUSG00000034818.17",0.0246486674,-0.170441064,0.198131412,0.84429917,1,"Geno_at_37"
"Clstn3","ENSMUSG00000008153.12",-0.0246372861,-0.718684026,-0.251045467,0.803516672,1,"Geno_at_37"
"Kcnj2","ENSMUSG00000041695.2",0.0246340905,-0.938201372,0.319291369,0.751752133,1,"Geno_at_37"
"Sav1","ENSMUSG00000021067.8",0.0246335078,6.20453795,0.617131084,0.541875216,1,"Geno_at_37"
"Miga1","ENSMUSG00000054942.13",0.0246312152,5.54774469,0.731535111,0.470214923,1,"Geno_at_37"
"Clk1","ENSMUSG00000026034.17",-0.0246308924,7.65378763,-0.616658143,0.542182957,1,"Geno_at_37"
"Usp39","ENSMUSG00000056305.4",0.0246300834,6.51912767,0.855072102,0.399391922,1,"Geno_at_37"
"Hlcs","ENSMUSG00000040820.16",-0.0246209336,3.89953351,-0.436204839,0.665858908,1,"Geno_at_37"
"Cln5","ENSMUSG00000022125.7",-0.0246194318,4.78041129,-0.578250173,0.567476904,1,"Geno_at_37"
"Mdfic","ENSMUSG00000041390.18",-0.0246158632,7.27913542,-0.599790344,0.553218342,1,"Geno_at_37"
"E2f2","ENSMUSG00000018983.9",-0.0246120586,7.38475787,-0.616933589,0.542003714,1,"Geno_at_37"
"Cd69","ENSMUSG00000030156.5",0.0246068694,6.73053588,0.127050961,0.900462971,1,"Geno_at_37"
"Dscam","ENSMUSG00000050272.10",-0.0245911976,-0.91035718,-0.310521405,0.758344441,1,"Geno_at_37"
"Gm32699","ENSMUSG00000113528.1",0.0245852399,-0.569383775,0.242594089,0.809996002,1,"Geno_at_37"
"Mynn","ENSMUSG00000037730.13",-0.0245812207,5.19432488,-0.597937846,0.554437318,1,"Geno_at_37"
"Mipep","ENSMUSG00000021993.10",0.0245774288,4.29327812,0.47396386,0.639009488,1,"Geno_at_37"
"Gucd1","ENSMUSG00000033416.15",0.0245739387,4.86244083,0.545995712,0.589168074,1,"Geno_at_37"
"Slain1","ENSMUSG00000055717.13",-0.0245723484,5.09054916,-0.540351573,0.593004767,1,"Geno_at_37"
"Wdr61","ENSMUSG00000061559.15",0.0245584549,5.95253012,0.670866866,0.507516154,1,"Geno_at_37"
"Snd1","ENSMUSG00000001424.14",-0.0245534841,7.8628476,-0.771335632,0.44663315,1,"Geno_at_37"
"Gm14634","ENSMUSG00000085891.7",0.0245481786,-0.296356623,0.196821436,0.845314905,1,"Geno_at_37"
"Taf12","ENSMUSG00000028899.11",-0.0245474839,5.40104892,-0.590971446,0.559033666,1,"Geno_at_37"
"Rps6ka4","ENSMUSG00000024952.13",-0.0245392245,4.55036864,-0.496273132,0.623373658,1,"Geno_at_37"
"Sap130","ENSMUSG00000024260.14",-0.0245348734,6.36324312,-0.849877369,0.402227611,1,"Geno_at_37"
"Slu7","ENSMUSG00000020409.10",-0.0245309279,6.54521538,-0.726843411,0.473041683,1,"Geno_at_37"
"Lrig1","ENSMUSG00000030029.14",-0.0245285459,8.25833135,-0.742829441,0.463450448,1,"Geno_at_37"
"Txndc11","ENSMUSG00000022498.16",-0.0245209922,5.30489008,-0.620626118,0.539603859,1,"Geno_at_37"
"Ece1","ENSMUSG00000057530.14",0.0245148972,6.0406568,0.633226463,0.531456944,1,"Geno_at_37"
"Sesn3","ENSMUSG00000032009.8",-0.0245103599,7.14050605,-0.603824874,0.550568336,1,"Geno_at_37"
"Gm13630","ENSMUSG00000085386.1",0.0245086189,-0.987650863,0.358145248,0.722780746,1,"Geno_at_37"
"Gm47615","ENSMUSG00000112759.1",-0.024507572,-0.490020088,-0.208737061,0.836085883,1,"Geno_at_37"
"Mtpap","ENSMUSG00000024234.7",-0.0245075022,5.614099,-0.686218331,0.497925502,1,"Geno_at_37"
"Utp14b","ENSMUSG00000079470.8",0.0244907472,6.98424116,0.268684048,0.79145906,1,"Geno_at_37"
"Gm47705","ENSMUSG00000114033.1",0.024481034,-0.197659144,0.226577637,0.822312444,1,"Geno_at_37"
"Gm35065","ENSMUSG00000105784.1",-0.0244650317,-0.41794793,-0.239628746,0.812272686,1,"Geno_at_37"
"Cotl1","ENSMUSG00000031827.13",-0.0244632383,8.42627514,-0.546765424,0.589330829,1,"Geno_at_37"
"Gm34397","ENSMUSG00000111258.1",0.0244595661,-0.635898282,0.266799969,0.791476489,1,"Geno_at_37"
"Traj23","ENSMUSG00000076906.1",0.0244585115,-0.0852091067,0.183693896,0.855508445,1,"Geno_at_37"
"Tmem38b","ENSMUSG00000028420.13",-0.0244566968,5.18988909,-0.577386556,0.568052415,1,"Geno_at_37"
"Gm28187","ENSMUSG00000099375.1",-0.0244467924,2.7417813,-0.258608532,0.797730373,1,"Geno_at_37"
"E130309D02Rik","ENSMUSG00000039244.10",-0.0244446941,5.46096888,-0.580946047,0.565682273,1,"Geno_at_37"
"Zhx2","ENSMUSG00000071757.10",-0.0244370502,4.89926527,-0.353176046,0.726851217,1,"Geno_at_37"
"Cdc40","ENSMUSG00000038446.8",0.0244361152,6.26179728,0.79623519,0.43224664,1,"Geno_at_37"
"Gm44175","ENSMUSG00000108132.1",0.0244356709,-0.111530489,0.174437243,0.862711622,1,"Geno_at_37"
"Hapln4","ENSMUSG00000007594.10",0.0244239757,-0.852307815,0.271964956,0.78754041,1,"Geno_at_37"
"Pstpip1","ENSMUSG00000032322.14",-0.0244238354,5.96941676,-0.619798413,0.540141317,1,"Geno_at_37"
"Slc25a1","ENSMUSG00000003528.15",0.0244176819,6.11111932,0.573580362,0.570592343,1,"Geno_at_37"
"Gm49961","ENSMUSG00000117317.1",0.0244155042,-0.666730177,0.251944672,0.802828114,1,"Geno_at_37"
"Nlgn3","ENSMUSG00000031302.16",-0.0244150621,0.128613719,-0.188708799,0.851611275,1,"Geno_at_37"
"Fgfr3","ENSMUSG00000054252.18",-0.0244120679,0.119513356,-0.186553472,0.853285757,1,"Geno_at_37"
"Gm12184","ENSMUSG00000078154.3",-0.0244049075,4.54702154,-0.482079583,0.633301393,1,"Geno_at_37"
"Gm12191","ENSMUSG00000083061.1",-0.0243995241,7.82573835,-0.663675017,0.512044031,1,"Geno_at_37"
"Cstf2","ENSMUSG00000031256.11",0.0243976654,6.94762707,0.845751667,0.404488763,1,"Geno_at_37"
"Esr1","ENSMUSG00000019768.16",-0.0243941658,1.72135879,-0.24021156,0.81182509,1,"Geno_at_37"
"Ccnc","ENSMUSG00000028252.20",0.0243918341,5.57002395,0.609901753,0.546589289,1,"Geno_at_37"
"Setd1a","ENSMUSG00000042308.14",0.0243877915,5.88764935,0.58827784,0.560816077,1,"Geno_at_37"
"Cmtm6","ENSMUSG00000032434.9",-0.0243866518,8.40749331,-0.901810333,0.374450553,1,"Geno_at_37"
"Mrto4-ps1","ENSMUSG00000113749.1",-0.0243834085,3.19964962,-0.25122985,0.803470805,1,"Geno_at_37"
"Gm37170","ENSMUSG00000103170.1",0.0243799593,-0.448980709,0.199490517,0.843245628,1,"Geno_at_37"
"Rps27","ENSMUSG00000090733.6",-0.0243789403,2.14965978,-0.259631017,0.796948985,1,"Geno_at_37"
"Dag1","ENSMUSG00000039952.15",0.0243772913,5.48325976,0.597251028,0.554889608,1,"Geno_at_37"
"Gzmf","ENSMUSG00000015441.4",-0.0243733674,-0.962403724,-0.346740248,0.73124389,1,"Geno_at_37"
"Mtmr7","ENSMUSG00000039431.16",-0.0243706544,4.5954833,-0.411767998,0.683481428,1,"Geno_at_37"
"Coro1a","ENSMUSG00000030707.15",-0.0243633351,9.43742712,-0.963623315,0.343055744,1,"Geno_at_37"
"Utp3","ENSMUSG00000070697.4",-0.0243629488,6.81562427,-0.690740772,0.495119609,1,"Geno_at_37"
"Slamf7","ENSMUSG00000038179.13",-0.0243534173,3.05126349,-0.168112251,0.868226596,1,"Geno_at_37"
"Gm47043","ENSMUSG00000111369.1",0.0243495159,-0.891067684,0.309870626,0.758834369,1,"Geno_at_37"
"Prpf6","ENSMUSG00000002455.14",-0.024348112,6.84983725,-0.700210181,0.489273303,1,"Geno_at_37"
"Smim15","ENSMUSG00000071180.5",-0.0243469992,5.93712807,-0.694888163,0.492554237,1,"Geno_at_37"
"Ppp2r1a","ENSMUSG00000007564.15",-0.024344793,7.97942785,-0.84642587,0.40411871,1,"Geno_at_37"
"Gm15544","ENSMUSG00000081664.1",-0.0243440744,-0.59535442,-0.235609402,0.815361255,1,"Geno_at_37"
"Timm10b","ENSMUSG00000089847.8",-0.0243440352,2.65578967,-0.321067419,0.750419388,1,"Geno_at_37"
"4930594C11Rik","ENSMUSG00000103948.1",0.0243396114,-0.524215578,0.233981271,0.816613216,1,"Geno_at_37"
"Tacr2","ENSMUSG00000020081.5",0.0243370866,-0.987001293,0.361266333,0.720470876,1,"Geno_at_37"
"Zfp873","ENSMUSG00000061371.7",-0.0243341171,2.93343022,-0.324138897,0.748116407,1,"Geno_at_37"
"Rbm47","ENSMUSG00000070780.11",-0.024332548,-0.908017422,-0.303108296,0.763931279,1,"Geno_at_37"
"Rab3a","ENSMUSG00000031840.12",-0.0243240988,1.5510707,-0.179946698,0.858428629,1,"Geno_at_37"
"Gm2808","ENSMUSG00000116560.1",-0.024323885,-0.918334592,-0.298055417,0.767746787,1,"Geno_at_37"
"Rps25-ps1","ENSMUSG00000067344.7",-0.0243201598,6.50468895,-0.68801115,0.496812106,1,"Geno_at_37"
"Nenf","ENSMUSG00000037499.9",-0.0243200119,3.6777611,-0.416521017,0.680039182,1,"Geno_at_37"
"Vps72","ENSMUSG00000008958.14",0.0243149725,5.51232561,0.560629196,0.579277211,1,"Geno_at_37"
"Clcn7","ENSMUSG00000036636.10",0.0243147314,5.37212105,0.50776564,0.615387448,1,"Geno_at_37"
"Sorbs3","ENSMUSG00000022091.6",-0.0243123497,0.4994841,-0.216180869,0.830332352,1,"Geno_at_37"
"Tctn3","ENSMUSG00000025008.15",0.0243049227,3.65017406,0.432253558,0.668695575,1,"Geno_at_37"
"Itpripl1","ENSMUSG00000074825.4",0.0242957105,5.87844586,0.402991724,0.690534006,1,"Geno_at_37"
"Gpd2","ENSMUSG00000026827.12",0.0242902794,6.06990358,0.325355204,0.748441455,1,"Geno_at_37"
"Ptprv","ENSMUSG00000097993.7",0.0242887646,4.87091982,0.473270337,0.63949832,1,"Geno_at_37"
"Pop5","ENSMUSG00000060152.14",-0.0242846138,5.8213726,-0.712515153,0.481735087,1,"Geno_at_37"
"Zdhhc20","ENSMUSG00000021969.8",-0.0242843372,7.9755018,-0.586284383,0.56232708,1,"Geno_at_37"
"Rragb","ENSMUSG00000041658.12",-0.0242808056,2.32627129,-0.24558512,0.807701308,1,"Geno_at_37"
"Mrpl11","ENSMUSG00000024902.5",-0.024277328,5.22329304,-0.519959549,0.606965918,1,"Geno_at_37"
"Atn1","ENSMUSG00000004263.15",-0.0242725772,2.70951736,-0.29986677,0.766378319,1,"Geno_at_37"
"4632418H02Rik","ENSMUSG00000111605.1",0.0242707667,0.139066106,0.188030074,0.852138504,1,"Geno_at_37"
"Zfp213","ENSMUSG00000071256.4",0.024264248,3.58199312,0.386693133,0.701754427,1,"Geno_at_37"
"Wrap53","ENSMUSG00000041346.11",0.0242608744,4.42819004,0.515843596,0.609802485,1,"Geno_at_37"
"9330182L06Rik","ENSMUSG00000056004.16",0.0242540418,-0.241142286,0.20218588,0.84115713,1,"Geno_at_37"
"Sec23b","ENSMUSG00000027429.16",0.0242521686,6.53332164,0.661312701,0.513536129,1,"Geno_at_37"
"Cacnb4","ENSMUSG00000017412.15",-0.0242513677,0.186003402,-0.181120502,0.85750972,1,"Geno_at_37"
"Matr3","ENSMUSG00000037236.16",-0.0242493377,7.89127298,-0.746479013,0.461276865,1,"Geno_at_37"
"Gm5152","ENSMUSG00000069355.12",-0.0242347996,-0.637557284,-0.215729882,0.830680664,1,"Geno_at_37"
"Gm49124","ENSMUSG00000115553.1",0.0242340519,-0.531951329,0.219647531,0.827656109,1,"Geno_at_37"
"Sec13","ENSMUSG00000030298.10",-0.0242255679,6.77101601,-0.85720773,0.398229807,1,"Geno_at_37"
"Calm2","ENSMUSG00000036438.14",-0.0242201197,8.02961508,-0.882266685,0.384754287,1,"Geno_at_37"
"Ndufs7","ENSMUSG00000020153.14",-0.0242199718,5.36247914,-0.630618981,0.533137451,1,"Geno_at_37"
"Atp6ap1","ENSMUSG00000019087.13",-0.0242149045,6.39919248,-0.691942326,0.494375615,1,"Geno_at_37"
"Fbxo6","ENSMUSG00000055401.14",0.0242138138,4.17432732,0.522879508,0.604957352,1,"Geno_at_37"
"Gm13080","ENSMUSG00000044377.3",0.0242112718,0.211850868,0.19977671,0.843023816,1,"Geno_at_37"
"C1galt1","ENSMUSG00000042460.5",0.0242081714,5.92379629,0.678874563,0.502500747,1,"Geno_at_37"
"Tnfaip2","ENSMUSG00000021281.15",0.0242045245,-0.742104972,0.267306878,0.79108994,1,"Geno_at_37"
"Smpdl3a","ENSMUSG00000019872.13",0.0241970172,4.58041119,0.390299506,0.699114818,1,"Geno_at_37"
"Rora","ENSMUSG00000032238.17",0.024196716,5.52154527,0.340190205,0.73701235,1,"Geno_at_37"
"Nusap1","ENSMUSG00000027306.15",-0.0241933775,7.7093515,-0.789363339,0.436188639,1,"Geno_at_37"
"Fchsd1","ENSMUSG00000038524.13",-0.0241902069,3.36962397,-0.376278285,0.709398525,1,"Geno_at_37"
"Snap29","ENSMUSG00000022765.10",-0.024190054,5.36991012,-0.587194618,0.561533681,1,"Geno_at_37"
"Gm41409","ENSMUSG00000115961.1",-0.0241861247,0.0883163688,-0.152980384,0.879480146,1,"Geno_at_37"
"Ppp5c","ENSMUSG00000003099.11",-0.0241827068,6.86844313,-0.70693292,0.485146593,1,"Geno_at_37"
"Gm15739","ENSMUSG00000080957.1",0.0241796589,-0.546709517,0.24548524,0.807777907,1,"Geno_at_37"
"Gask1a","ENSMUSG00000038233.10",0.0241796077,1.13589919,0.17790963,0.860008099,1,"Geno_at_37"
"Dicer1","ENSMUSG00000041415.10",0.0241585283,7.30840535,0.882010379,0.384890616,1,"Geno_at_37"
"Etv3","ENSMUSG00000003382.18",0.0241579294,5.92317328,0.662572518,0.512740101,1,"Geno_at_37"
"Filip1l","ENSMUSG00000043336.14",-0.0241502003,2.56680297,-0.224043444,0.824272729,1,"Geno_at_37"
"Tubd1","ENSMUSG00000020513.15",-0.0241478458,2.65102679,-0.307512496,0.760610504,1,"Geno_at_37"
"Nova2","ENSMUSG00000030411.16",-0.0241388154,-0.424286614,-0.188296818,0.851931291,1,"Geno_at_37"
"Srp72","ENSMUSG00000036323.14",-0.0241281695,7.98323246,-0.975624766,0.337171059,1,"Geno_at_37"
"Rpl7a-ps10","ENSMUSG00000101502.1",-0.0241244319,0.563367778,-0.199860256,0.842959067,1,"Geno_at_37"
"Srek1","ENSMUSG00000032621.8",-0.0241197666,7.18565097,-0.84470282,0.405064871,1,"Geno_at_37"
"Fam129b","ENSMUSG00000026796.16",-0.0241177976,7.83602957,-0.685176979,0.498572854,1,"Geno_at_37"
"Fbxo34","ENSMUSG00000037536.14",-0.0240935368,5.10664833,-0.562635207,0.577927747,1,"Geno_at_37"
"Tcof1","ENSMUSG00000024613.16",-0.0240925599,7.61605835,-0.62276934,0.538213503,1,"Geno_at_37"
"Dnajc5b","ENSMUSG00000027606.12",0.0240885717,-0.891011383,0.304303231,0.763029841,1,"Geno_at_37"
"Platr23","ENSMUSG00000097229.1",-0.024085569,-0.862981512,-0.297099111,0.768469578,1,"Geno_at_37"
"Cnot3","ENSMUSG00000035632.16",0.0240846685,6.89915028,0.887614334,0.381916951,1,"Geno_at_37"
"Gm48272","ENSMUSG00000111004.1",-0.024080896,-0.00292566863,-0.170982658,0.865402963,1,"Geno_at_37"
"9130604C24Rik","ENSMUSG00000105851.1",-0.0240723461,-0.164190368,-0.208868362,0.835984316,1,"Geno_at_37"
"Gm6640","ENSMUSG00000083681.1",0.0240667949,-0.0126580457,0.184257361,0.855070379,1,"Geno_at_37"
"Tpp2","ENSMUSG00000041763.14",0.0240663474,7.94768171,0.869728366,0.391459795,1,"Geno_at_37"
"Optc","ENSMUSG00000010311.15",-0.0240621638,-0.903896796,-0.281782626,0.780074453,1,"Geno_at_37"
"Rpa2","ENSMUSG00000028884.14",0.0240605008,6.94843712,0.633497994,0.531282106,1,"Geno_at_37"
"Dolk","ENSMUSG00000075419.4",0.0240562721,3.25995259,0.359879659,0.721496804,1,"Geno_at_37"
"Gpr89","ENSMUSG00000028096.13",0.0240454747,5.11851547,0.605585892,0.549413708,1,"Geno_at_37"
"Khdrbs1","ENSMUSG00000028790.13",-0.0240318383,8.58721253,-0.917421876,0.366349976,1,"Geno_at_37"
"Axdnd1","ENSMUSG00000026601.14",-0.0240291369,-0.205782026,-0.146900876,0.884327136,1,"Geno_at_37"
"Vti1a","ENSMUSG00000024983.10",-0.0240211218,5.04283359,-0.59490447,0.556436313,1,"Geno_at_37"
"Endod1","ENSMUSG00000037419.9",-0.0240166136,7.46076481,-0.682873414,0.500006526,1,"Geno_at_37"
"Ttll11","ENSMUSG00000026885.13",-0.0240126651,0.70809622,-0.179831702,0.858512356,1,"Geno_at_37"
"Hhex","ENSMUSG00000024986.12",-0.024012544,-0.752039225,-0.245666093,0.80763921,1,"Geno_at_37"
"Ddx23","ENSMUSG00000003360.15",0.0240110502,7.41777263,0.775497604,0.44420867,1,"Geno_at_37"
"Degs1","ENSMUSG00000038633.5",-0.0240087023,6.58220679,-0.712722287,0.481608764,1,"Geno_at_37"
"Stag2","ENSMUSG00000025862.14",0.0240018133,7.9438905,0.861258082,0.396031673,1,"Geno_at_37"
"Gm7664","ENSMUSG00000113428.1",0.0240009044,1.72741458,0.187844065,0.852283007,1,"Geno_at_37"
"Zfp869","ENSMUSG00000054648.8",0.0239893168,5.9789929,0.704795124,0.486456712,1,"Geno_at_37"
"Rgs13","ENSMUSG00000051079.8",0.0239891742,-0.959251105,0.340719809,0.735725378,1,"Geno_at_37"
"Uimc1","ENSMUSG00000025878.16",-0.0239830792,6.32315406,-0.629188379,0.534060665,1,"Geno_at_37"
"Rrp15","ENSMUSG00000001305.5",0.0239823636,5.44191492,0.581539077,0.565287881,1,"Geno_at_37"
"2900097C17Rik","ENSMUSG00000102869.2",0.0239813252,7.76220251,0.828044519,0.41428391,1,"Geno_at_37"
"Gm37909","ENSMUSG00000104316.1",0.0239731555,-0.293244193,0.20661362,0.837728858,1,"Geno_at_37"
"Il1rap","ENSMUSG00000022514.14",0.0239714713,3.82390523,0.384551045,0.703324079,1,"Geno_at_37"
"Arhgef40","ENSMUSG00000004562.16",0.0239662717,3.70352545,0.338486619,0.737390135,1,"Geno_at_37"
"Aen","ENSMUSG00000030609.18",0.0239654515,5.92381851,0.625811726,0.53624309,1,"Geno_at_37"
"Smim27","ENSMUSG00000028407.4",-0.0239616483,0.166156565,-0.18061108,0.857906002,1,"Geno_at_37"
"Gm43177","ENSMUSG00000104847.1",0.0239248416,-0.309515103,0.203406901,0.84021141,1,"Geno_at_37"
"Gm15591","ENSMUSG00000086237.1",0.0239186196,0.242553148,0.186757536,0.853127189,1,"Geno_at_37"
"Ccdc107","ENSMUSG00000028461.12",0.0239106137,4.25941671,0.420024064,0.677506669,1,"Geno_at_37"
"Rcor1","ENSMUSG00000037896.17",0.0239058569,6.89247356,0.727852133,0.472433097,1,"Geno_at_37"
"Ppp6r2","ENSMUSG00000036561.9",-0.0239046855,4.68726452,-0.532998417,0.598021175,1,"Geno_at_37"
"Gm5552","ENSMUSG00000106558.1",0.0238956651,2.54542364,0.276179021,0.784333215,1,"Geno_at_37"
"Mrpl16","ENSMUSG00000024683.6",0.0238954867,5.03696671,0.547657781,0.588040556,1,"Geno_at_37"
"Tmem50b","ENSMUSG00000022964.14",-0.0238834493,4.70990059,-0.485054245,0.63121491,1,"Geno_at_37"
"Psmd7","ENSMUSG00000039067.5",0.0238815596,7.56496296,0.889402581,0.380971168,1,"Geno_at_37"
"Btf3","ENSMUSG00000021660.14",-0.0238687839,7.53458513,-0.857334962,0.39816064,1,"Geno_at_37"
"Ppm1m","ENSMUSG00000020253.15",0.0238679654,5.75409963,0.569971624,0.573005748,1,"Geno_at_37"
"Mmp10","ENSMUSG00000047562.3",-0.0238663154,-0.966729987,-0.299499106,0.766656026,1,"Geno_at_37"
"Tmem59","ENSMUSG00000028618.11",-0.0238514088,7.03968997,-0.674603818,0.50517218,1,"Geno_at_37"
"Eif3a","ENSMUSG00000024991.8",0.0238454325,9.80421315,0.876574488,0.387789282,1,"Geno_at_37"
"Gm44901","ENSMUSG00000108954.1",0.0238400464,0.487046383,0.160577713,0.873518867,1,"Geno_at_37"
"Slc30a3","ENSMUSG00000029151.14",-0.0238355127,-0.00559575416,-0.190249607,0.850414647,1,"Geno_at_37"
"Scarf2","ENSMUSG00000012017.4",-0.0238268031,-0.903528653,-0.300862279,0.765626544,1,"Geno_at_37"
"Smu1","ENSMUSG00000028409.11",-0.0238226155,7.03745942,-0.753171526,0.457306592,1,"Geno_at_37"
"Hsf2bp","ENSMUSG00000002076.12",-0.0238215669,0.422911377,-0.165165319,0.869938734,1,"Geno_at_37"
"Agpat1","ENSMUSG00000034254.17",-0.0238206004,5.76103873,-0.508976184,0.614548994,1,"Geno_at_37"
"Eef1akmt2","ENSMUSG00000030960.16",-0.0238109753,4.52448747,-0.472004831,0.64039074,1,"Geno_at_37"
"Ddx56","ENSMUSG00000004393.10",-0.0238076166,6.15514112,-0.615432469,0.542980923,1,"Geno_at_37"
"Phf11c","ENSMUSG00000091144.2",-0.0238039935,3.39155665,-0.31547124,0.754621384,1,"Geno_at_37"
"Nlrc5","ENSMUSG00000074151.13",0.0237953259,7.46831083,0.300422954,0.767458091,1,"Geno_at_37"
"Dhx9","ENSMUSG00000042699.11",0.0237928673,9.02278015,0.822490383,0.417386476,1,"Geno_at_37"
"Rps29","ENSMUSG00000034892.8",-0.0237864362,2.99440069,-0.317705091,0.752943131,1,"Geno_at_37"
"Lancl2","ENSMUSG00000062190.12",0.0237845578,4.92856891,0.50601909,0.616598087,1,"Geno_at_37"
"1700101I11Rik","ENSMUSG00000097675.2",0.0237664923,-0.536247849,0.206286554,0.837981987,1,"Geno_at_37"
"Gm49691","ENSMUSG00000116771.1",-0.0237625846,-0.648837247,-0.214481735,0.831644831,1,"Geno_at_37"
"Gm19427","ENSMUSG00000099310.1",-0.0237624786,-0.659517394,-0.211101236,0.834257529,1,"Geno_at_37"
"Ap1g2","ENSMUSG00000040701.16",0.0237514549,5.94690908,0.671413193,0.5071731,1,"Geno_at_37"
"Praf2","ENSMUSG00000031149.7",0.0237435081,3.27740386,0.322170237,0.749592229,1,"Geno_at_37"
"Trim16","ENSMUSG00000047821.16",-0.0237393586,4.74390397,-0.317763271,0.75336682,1,"Geno_at_37"
"Spast","ENSMUSG00000024068.8",0.0237339504,5.99133914,0.70505851,0.486295191,1,"Geno_at_37"
"Slc25a23","ENSMUSG00000046329.14",-0.0237331712,4.76199944,-0.551480095,0.585451552,1,"Geno_at_37"
"Art2b","ENSMUSG00000030651.5",0.0237274173,4.01182488,0.353869899,0.725949185,1,"Geno_at_37"
"Galk2","ENSMUSG00000027207.15",0.0237173529,5.03682084,0.55631018,0.582187927,1,"Geno_at_37"
"Gm5611","ENSMUSG00000090602.3",0.0237057052,6.89181993,0.573739654,0.570485931,1,"Geno_at_37"
"Ube2d-ps","ENSMUSG00000083844.8",-0.0237054158,3.14214438,-0.388771907,0.700232447,1,"Geno_at_37"
"Gtf3c4","ENSMUSG00000035666.14",0.0237010083,6.25373742,0.594005203,0.55702964,1,"Geno_at_37"
"Arl6ip1","ENSMUSG00000030654.9",-0.0236985257,8.59638524,-0.889583088,0.380875783,1,"Geno_at_37"
"Ttc14","ENSMUSG00000027677.17",0.0236908976,7.14724751,0.629015458,0.534172314,1,"Geno_at_37"
"Gm6170","ENSMUSG00000100078.1",0.0236812517,6.27230529,0.571167361,0.572205515,1,"Geno_at_37"
"Gm47956","ENSMUSG00000112000.1",-0.0236793323,-0.323798908,-0.183453398,0.855695434,1,"Geno_at_37"
"Gm15561","ENSMUSG00000085539.1",-0.0236646194,-0.519226414,-0.211473832,0.833969465,1,"Geno_at_37"
"Grk3","ENSMUSG00000042249.11",-0.0236559815,-0.783079422,-0.26038,0.796376744,1,"Geno_at_37"
"Sting1","ENSMUSG00000024349.10",-0.0236492926,7.44214608,-0.700375941,0.489171314,1,"Geno_at_37"
"Tmem25","ENSMUSG00000002032.17",-0.023646273,-0.158931727,-0.189773643,0.850784253,1,"Geno_at_37"
"Rtraf","ENSMUSG00000021807.6",-0.0236457729,6.81866692,-0.885772616,0.382892596,1,"Geno_at_37"
"Gpam","ENSMUSG00000024978.11",0.0236456567,4.54619794,0.52860586,0.601027465,1,"Geno_at_37"
"Supt4a","ENSMUSG00000020485.14",-0.0236426378,5.67781213,-0.745139727,0.46207381,1,"Geno_at_37"
"Gm15892","ENSMUSG00000087373.7",-0.0236360358,-0.10833064,-0.199336678,0.843364866,1,"Geno_at_37"
"Enpp5","ENSMUSG00000023960.13",0.0236345541,-0.275596734,0.184897149,0.854573034,1,"Geno_at_37"
"Zc3h4","ENSMUSG00000059273.9",-0.0236272772,7.38470628,-0.723691449,0.474946257,1,"Geno_at_37"
"Tmed5","ENSMUSG00000063406.11",-0.0236214632,6.99536568,-0.551748331,0.585270074,1,"Geno_at_37"
"Eaf1","ENSMUSG00000021890.6",0.0236187612,6.56380546,0.47706763,0.637159002,1,"Geno_at_37"
"Rhoh","ENSMUSG00000029204.7",-0.0236147208,6.48832679,-0.593918588,0.557086804,1,"Geno_at_37"
"Slc29a3","ENSMUSG00000020100.15",0.0236095452,6.09934495,0.578279019,0.567457686,1,"Geno_at_37"
"Gm37088","ENSMUSG00000103186.1",-0.0236095138,-0.31173971,-0.194308239,0.847264355,1,"Geno_at_37"
"1700086P04Rik","ENSMUSG00000085085.2",0.0236090172,-0.333349768,0.212987112,0.832799746,1,"Geno_at_37"
"Hp1bp3","ENSMUSG00000028759.13",-0.0236035537,8.52987219,-0.999931528,0.32546286,1,"Geno_at_37"
"Gpatch11","ENSMUSG00000050668.10",-0.0235963327,4.45253963,-0.503938069,0.618041999,1,"Geno_at_37"
"Gm29684","ENSMUSG00000112481.1",0.0235884433,2.51450291,0.289058783,0.7745549,1,"Geno_at_37"
"Vps53","ENSMUSG00000017288.15",0.0235870625,5.14930468,0.607010443,0.548480606,1,"Geno_at_37"
"A730063M14Rik","ENSMUSG00000112639.1",0.0235791182,0.298685897,0.206155246,0.838083615,1,"Geno_at_37"
"Czib","ENSMUSG00000028608.15",0.0235785931,5.14374541,0.583740347,0.56382515,1,"Geno_at_37"
"Efna5","ENSMUSG00000048915.12",0.0235729734,0.214073499,0.164776539,0.870242027,1,"Geno_at_37"
"Naa35","ENSMUSG00000021555.15",0.0235674537,5.83416794,0.761256467,0.452537285,1,"Geno_at_37"
"Nudt7","ENSMUSG00000031767.13",-0.0235674374,3.03236064,-0.302254256,0.764575757,1,"Geno_at_37"
"Rhot2","ENSMUSG00000025733.17",0.0235591647,5.26114463,0.414895245,0.681291924,1,"Geno_at_37"
"Cep41","ENSMUSG00000029790.16",0.0235583006,3.88392627,0.380422313,0.706353229,1,"Geno_at_37"
"Dguok","ENSMUSG00000014554.13",-0.0235544743,4.1011397,-0.389605808,0.69962226,1,"Geno_at_37"
"Rasgrp3","ENSMUSG00000071042.12",-0.0235498801,3.30791001,-0.321594384,0.750024105,1,"Geno_at_37"
"Yipf5","ENSMUSG00000024487.5",-0.0235465107,5.69144239,-0.670458327,0.50777277,1,"Geno_at_37"
"Fbln2","ENSMUSG00000064080.12",-0.0235444034,0.876588203,-0.158589558,0.87507126,1,"Geno_at_37"
"Trp53bp2","ENSMUSG00000026510.10",0.0235403675,5.61414459,0.596456554,0.555413028,1,"Geno_at_37"
"Stat1","ENSMUSG00000026104.14",-0.0235370984,7.68120472,-0.364024985,0.719889501,1,"Geno_at_37"
"Gm15743","ENSMUSG00000086645.2",0.0235304162,0.263459172,0.187059042,0.852892916,1,"Geno_at_37"
"Mapk9","ENSMUSG00000020366.18",-0.0235265187,6.53790372,-0.681564036,0.500822468,1,"Geno_at_37"
"Lrrc63","ENSMUSG00000021997.4",-0.0235254367,-0.961593538,-0.328555502,0.744808998,1,"Geno_at_37"
"Atp6v1g1","ENSMUSG00000039105.6",0.0235202858,6.10958674,0.745875315,0.461635998,1,"Geno_at_37"
"Gm12366","ENSMUSG00000082762.1",-0.023519007,2.68216995,-0.294875067,0.770151364,1,"Geno_at_37"
"Msrb1","ENSMUSG00000075705.12",-0.023508438,3.94582313,-0.400252813,0.691849605,1,"Geno_at_37"
"Rilpl1","ENSMUSG00000029392.12",0.0235083571,2.08431527,0.271138555,0.788169804,1,"Geno_at_37"
"Fbxw9","ENSMUSG00000008167.14",0.023499553,2.88287768,0.335165078,0.739868612,1,"Geno_at_37"
"Poldip3","ENSMUSG00000041815.14",0.0234986052,7.50605792,0.880974986,0.385441659,1,"Geno_at_37"
"Gm37108","ENSMUSG00000102135.1",0.023493481,0.652850174,0.215647158,0.830744558,1,"Geno_at_37"
"Gm47381","ENSMUSG00000114688.1",-0.0234874666,0.715094767,-0.198479624,0.844029217,1,"Geno_at_37"
"Mrpl57","ENSMUSG00000021967.4",-0.0234850365,4.35604733,-0.478302838,0.635954894,1,"Geno_at_37"
"Fau","ENSMUSG00000038274.13",-0.0234831474,3.9041957,-0.404880105,0.688482085,1,"Geno_at_37"
"Rsf1os2","ENSMUSG00000086993.1",-0.0234692405,-0.286052483,-0.169260888,0.866744946,1,"Geno_at_37"
"Rpl8","ENSMUSG00000003970.9",-0.0234691627,10.4381611,-1.00051213,0.325186631,1,"Geno_at_37"
"6430710C18Rik","ENSMUSG00000085427.7",0.0234458833,-0.451550139,0.183385208,0.855748454,1,"Geno_at_37"
"Maip1","ENSMUSG00000025971.6",-0.0234329347,3.9284243,-0.414120739,0.681776648,1,"Geno_at_37"
"Tax1bp1","ENSMUSG00000004535.12",-0.0234299745,8.44344709,-0.710173592,0.483164427,1,"Geno_at_37"
"Ncl","ENSMUSG00000026234.12",0.0234240474,10.9958267,0.931709577,0.35903779,1,"Geno_at_37"
"Tdg","ENSMUSG00000034674.18",0.0234225309,6.14248439,0.70324162,0.487410017,1,"Geno_at_37"
"Ipo7","ENSMUSG00000066232.4",0.0234203024,8.53841429,0.765972915,0.449768748,1,"Geno_at_37"
"Akap8","ENSMUSG00000024045.6",0.0234179228,7.89824575,0.845886919,0.404414509,1,"Geno_at_37"
"Nup107","ENSMUSG00000052798.13",0.0234106479,6.99616116,0.70735538,0.484887932,1,"Geno_at_37"
"Kat2a","ENSMUSG00000020918.14",-0.0234080429,6.3579492,-0.648615785,0.521596427,1,"Geno_at_37"
"5430431A17Rik","ENSMUSG00000108322.2",0.0234059147,-0.188718738,0.183483381,0.855672121,1,"Geno_at_37"
"Cd82","ENSMUSG00000027215.13",0.0233981457,8.02991037,0.300961305,0.767083769,1,"Geno_at_37"
"Pi4ka","ENSMUSG00000041720.14",0.0233980141,7.29819723,0.801383485,0.429307611,1,"Geno_at_37"
"Gm23248","ENSMUSG00000065301.1",-0.0233973307,-0.215053909,-0.185858385,0.853825922,1,"Geno_at_37"
"Ctu1","ENSMUSG00000038888.8",-0.0233973126,3.82274143,-0.345625069,0.732073284,1,"Geno_at_37"
"Tmem221","ENSMUSG00000043664.7",0.0233905794,-0.254500802,0.228909613,0.820516238,1,"Geno_at_37"
"Espnl","ENSMUSG00000049515.12",-0.0233904535,-0.0115647653,-0.154911981,0.877944116,1,"Geno_at_37"
"D3Ertd751e","ENSMUSG00000025766.14",0.0233873252,3.49319947,0.33843188,0.737430957,1,"Geno_at_37"
"Dmwd","ENSMUSG00000030410.16",0.0233866745,3.13752947,0.262184922,0.794998214,1,"Geno_at_37"
"Rnf207","ENSMUSG00000058498.12",-0.0233858787,-0.815591233,-0.285521023,0.7772371,1,"Geno_at_37"
"Gsr","ENSMUSG00000031584.16",0.0233842186,5.15642346,0.553633162,0.58399565,1,"Geno_at_37"
"Msl3","ENSMUSG00000031358.17",0.0233784661,6.15592854,0.71278415,0.48157104,1,"Geno_at_37"
"Gm24346","ENSMUSG00000089337.1",-0.023365248,-0.13526793,-0.19478814,0.846892026,1,"Geno_at_37"
"B4galt1","ENSMUSG00000028413.13",-0.0233485134,9.58494975,-0.901941105,0.374382217,1,"Geno_at_37"
"Add3","ENSMUSG00000025026.15",-0.0233481602,7.28817864,-0.57954589,0.566613993,1,"Geno_at_37"
"Tdp1","ENSMUSG00000021177.16",0.0233465962,4.91103215,0.54056335,0.592860591,1,"Geno_at_37"
"Rbm12","ENSMUSG00000089824.10",-0.0233459604,5.70438663,-0.615628606,0.542853188,1,"Geno_at_37"
"Usp6nl","ENSMUSG00000039046.15",-0.023340225,6.20400443,-0.572386998,0.571389862,1,"Geno_at_37"
"Abhd1","ENSMUSG00000006638.15",0.0233391579,-0.380785437,0.192484278,0.848679791,1,"Geno_at_37"
"Gm24233","ENSMUSG00000077505.1",0.0233345983,-0.598023629,0.21242753,0.833232241,1,"Geno_at_37"
"Rasal1","ENSMUSG00000029602.11",0.0233313355,2.79805537,0.273055404,0.786710137,1,"Geno_at_37"
"Gm232","ENSMUSG00000111554.1",0.0233306206,-0.230907924,0.197418123,0.844852209,1,"Geno_at_37"
"Gm17655","ENSMUSG00000090963.2",0.0233287661,1.79105956,0.210603638,0.834642273,1,"Geno_at_37"
"Tmem151b","ENSMUSG00000096847.2",-0.0233252176,-0.0836756152,-0.195711015,0.84617612,1,"Geno_at_37"
"Gm6140","ENSMUSG00000104141.1",-0.0233238082,-0.208114786,-0.230538661,0.819262048,1,"Geno_at_37"
"Clec7a","ENSMUSG00000079293.11",0.0233231671,-0.0608281794,0.192455963,0.848701768,1,"Geno_at_37"
"Gm27240","ENSMUSG00000098843.1",-0.0233208588,0.541517536,-0.187751192,0.852355157,1,"Geno_at_37"
"Leng8","ENSMUSG00000035545.13",-0.023314294,8.34569144,-0.776114171,0.443850173,1,"Geno_at_37"
"Gm15856","ENSMUSG00000086527.1",-0.0233052538,-0.674356283,-0.245215942,0.807984445,1,"Geno_at_37"
"Ndufs6b","ENSMUSG00000083820.1",0.0233049489,1.31397459,0.215457709,0.830890889,1,"Geno_at_37"
"Smap1","ENSMUSG00000026155.13",-0.0232877323,4.79756393,-0.583377554,0.564066092,1,"Geno_at_37"
"Snrpb","ENSMUSG00000027404.15",-0.0232876575,8.08277039,-0.796043551,0.432356278,1,"Geno_at_37"
"Kif1a","ENSMUSG00000014602.15",0.0232821514,-0.990640614,0.352020967,0.727320951,1,"Geno_at_37"
"AC115752.1","ENSMUSG00000118106.1",-0.0232795043,1.3587569,-0.224861574,0.823634869,1,"Geno_at_37"
"Atxn7l3","ENSMUSG00000059995.12",-0.0232768663,7.18529,-0.705374983,0.486101155,1,"Geno_at_37"
"Gm7332","ENSMUSG00000080875.4",-0.0232745402,5.75906547,-0.541152354,0.592459691,1,"Geno_at_37"
"Rhoc","ENSMUSG00000002233.13",0.0232727542,3.33845323,0.305244114,0.762320293,1,"Geno_at_37"
"H4c8","ENSMUSG00000060981.7",-0.0232721133,-0.193272385,-0.177692297,0.86017726,1,"Geno_at_37"
"Supt20","ENSMUSG00000027751.13",0.0232676231,7.15335461,0.739038594,0.46571451,1,"Geno_at_37"
"Unc45a","ENSMUSG00000030533.16",-0.0232653732,6.21748703,-0.66627459,0.510404826,1,"Geno_at_37"
"Rest","ENSMUSG00000029249.15",0.0232627261,6.37971076,0.464724942,0.645820942,1,"Geno_at_37"
"Gm20692","ENSMUSG00000093739.1",0.0232618588,1.6037492,0.244227431,0.808742701,1,"Geno_at_37"
"Osgepl1","ENSMUSG00000026096.14",0.0232618099,3.10939963,0.338563791,0.737332584,1,"Geno_at_37"
"Pcna","ENSMUSG00000027342.14",0.0232569919,9.01708976,0.554008338,0.584336503,1,"Geno_at_37"
"Prss42","ENSMUSG00000044664.7",0.0232516234,-0.818821966,0.266525709,0.791685651,1,"Geno_at_37"
"Eif3h","ENSMUSG00000022312.11",-0.0232502947,8.76866997,-0.886657081,0.382423853,1,"Geno_at_37"
"Mtg1","ENSMUSG00000039018.15",0.023240074,4.02573717,0.371782817,0.712707611,1,"Geno_at_37"
"Dda1","ENSMUSG00000074247.10",-0.0232258198,5.86577036,-0.565671034,0.575888476,1,"Geno_at_37"
"Yipf4","ENSMUSG00000024072.9",-0.0232208514,6.0139051,-0.525003671,0.603498165,1,"Geno_at_37"
"Rundc1","ENSMUSG00000035007.5",0.0232193008,4.35242023,0.525994498,0.60281809,1,"Geno_at_37"
"Cep68","ENSMUSG00000044066.14",-0.0232148866,6.06409776,-0.707969745,0.484511913,1,"Geno_at_37"
"Nedd1","ENSMUSG00000019988.7",-0.0232048281,6.73720015,-0.571835446,0.57175865,1,"Geno_at_37"
"Myzap","ENSMUSG00000041361.13",0.023194141,-0.685472783,0.20737738,0.837137826,1,"Geno_at_37"
"Usp16","ENSMUSG00000025616.14",-0.0231927118,6.675118,-0.672207644,0.506674471,1,"Geno_at_37"
"Tal2","ENSMUSG00000028417.3",-0.023179067,1.10984883,-0.178035762,0.859909928,1,"Geno_at_37"
"Rpl22-ps1","ENSMUSG00000080877.1",-0.0231724015,3.39040799,-0.317015924,0.753460759,1,"Geno_at_37"
"Hmgb3","ENSMUSG00000015217.11",-0.0231700011,5.96129075,-0.665169915,0.511101045,1,"Geno_at_37"
"Snord35a","ENSMUSG00000065818.1",0.0231618782,-0.130822615,0.222397223,0.825534858,1,"Geno_at_37"
"Gm37566","ENSMUSG00000104044.1",-0.0231606986,-0.383820211,-0.217552725,0.829273038,1,"Geno_at_37"
"1700042O10Rik","ENSMUSG00000086391.1",-0.0231593816,-0.556352317,-0.216460571,0.830116346,1,"Geno_at_37"
"Ccdc186","ENSMUSG00000035173.14",-0.023156732,5.24483105,-0.505926116,0.616662563,1,"Geno_at_37"
"Lrch3","ENSMUSG00000022801.13",0.0231555259,5.66913219,0.690904806,0.495018003,1,"Geno_at_37"
"Foxj2","ENSMUSG00000003154.15",0.0231540174,4.81227102,0.547877073,0.58789187,1,"Geno_at_37"
"Dclk1","ENSMUSG00000027797.15",0.0231524904,0.0391024665,0.161861572,0.872516675,1,"Geno_at_37"
"Kpna6","ENSMUSG00000003731.13",0.0231456799,6.43308228,0.785773308,0.438256677,1,"Geno_at_37"
"Gdi2","ENSMUSG00000021218.10",-0.0231310322,9.28294056,-0.925200618,0.362356921,1,"Geno_at_37"
"Ncs1","ENSMUSG00000062661.6",0.0231308722,5.5228237,0.443949154,0.66031377,1,"Geno_at_37"
"Mlec","ENSMUSG00000048578.11",0.0231289363,8.62693954,0.756598509,0.455281399,1,"Geno_at_37"
"Usp28","ENSMUSG00000032267.8",0.0231241396,5.33610294,0.601705405,0.55195965,1,"Geno_at_37"
"Caprin1","ENSMUSG00000027184.14",0.0231225934,9.52267374,0.937801137,0.355949762,1,"Geno_at_37"
"Rab18","ENSMUSG00000073639.6",0.0231197717,6.46901078,0.638290356,0.528201379,1,"Geno_at_37"
"Gigyf2","ENSMUSG00000048000.15",0.0231120106,6.78190705,0.479178737,0.635663211,1,"Geno_at_37"
"Mrps24","ENSMUSG00000020477.10",0.0231023869,4.89622585,0.54195774,0.591911724,1,"Geno_at_37"
"Gm37303","ENSMUSG00000103133.1",-0.0231020938,2.35331381,-0.238135304,0.81341993,1,"Geno_at_37"
"Pgap2","ENSMUSG00000030990.18",-0.0231012668,4.53754638,-0.525622241,0.603073554,1,"Geno_at_37"
"Eef1aknmt","ENSMUSG00000026694.19",-0.0231002045,6.00058147,-0.634986006,0.530324526,1,"Geno_at_37"
"Gm4462","ENSMUSG00000090319.2",-0.0230909766,-0.194779593,-0.195141648,0.846617782,1,"Geno_at_37"
"Lrig2","ENSMUSG00000032913.13",-0.0230899629,4.42759629,-0.450624879,0.655549447,1,"Geno_at_37"
"Vps33a","ENSMUSG00000029434.12",0.0230831073,5.87121227,0.474637194,0.638535044,1,"Geno_at_37"
"Bbx","ENSMUSG00000022641.15",0.0230822306,5.98044958,0.426165936,0.673417578,1,"Geno_at_37"
"Tmem109","ENSMUSG00000034659.14",-0.0230803872,6.73858852,-0.67503308,0.504903313,1,"Geno_at_37"
"Snx12","ENSMUSG00000046032.16",-0.0230692513,6.39572706,-0.625903235,0.536183883,1,"Geno_at_37"
"Apc2","ENSMUSG00000020135.13",-0.0230692403,-0.221008613,-0.177542604,0.860293777,1,"Geno_at_37"
"Ifrd1","ENSMUSG00000001627.12",-0.0230659858,6.28302241,-0.274974122,0.786534124,1,"Geno_at_37"
"Gm3435","ENSMUSG00000116895.1",-0.0230650737,0.155961278,-0.169023648,0.866929887,1,"Geno_at_37"
"Fbxl18","ENSMUSG00000066640.11",-0.0230587975,4.82458702,-0.480149613,0.634656752,1,"Geno_at_37"
"Phkb","ENSMUSG00000036879.15",0.0230582341,5.02779118,0.560306948,0.579494136,1,"Geno_at_37"
"Sfpq","ENSMUSG00000028820.13",0.0230578745,9.48068137,0.77305563,0.445630238,1,"Geno_at_37"
"Metap1d","ENSMUSG00000041921.16",-0.0230509304,4.63618872,-0.535679564,0.596189719,1,"Geno_at_37"
"Rtn4r","ENSMUSG00000043811.5",-0.0230314961,-0.865348102,-0.238864424,0.812859776,1,"Geno_at_37"
"Nrn1","ENSMUSG00000039114.16",0.0230259117,5.10004185,0.162300194,0.873057286,1,"Geno_at_37"
"Gm47246","ENSMUSG00000114535.1",0.0230204565,0.602713054,0.169020872,0.866932051,1,"Geno_at_37"
"D6Ertd527e","ENSMUSG00000090891.3",0.0230199748,-0.702919029,0.208463075,0.836297833,1,"Geno_at_37"
"Pdlim5","ENSMUSG00000028273.15",0.0230155412,8.87769663,0.596132852,0.555804139,1,"Geno_at_37"
"Dcaf1","ENSMUSG00000040325.16",0.0230098807,7.07452334,0.637152474,0.528931989,1,"Geno_at_37"
"Gm13578","ENSMUSG00000084104.1",-0.0230094983,3.37727498,-0.296914285,0.768609297,1,"Geno_at_37"
"Ccnt2","ENSMUSG00000026349.14",0.0230068255,6.92892967,0.701126373,0.488709736,1,"Geno_at_37"
"Tmem253","ENSMUSG00000072571.3",0.0230053696,1.49209087,0.2519901,0.802793332,1,"Geno_at_37"
"Fndc9","ENSMUSG00000048721.2",0.0229870875,3.28153595,0.299357476,0.766763011,1,"Geno_at_37"
"Gtpbp2","ENSMUSG00000023952.13",0.0229822208,7.00669141,0.740878261,0.464614973,1,"Geno_at_37"
"Pnma2","ENSMUSG00000046204.14",-0.0229784918,-0.965264136,-0.310560106,0.758315308,1,"Geno_at_37"
"Sipa1l1","ENSMUSG00000042700.16",-0.0229732442,5.95973965,-0.596297549,0.555517816,1,"Geno_at_37"
"C1qbp","ENSMUSG00000018446.8",-0.0229542111,7.45388088,-0.671879607,0.506880327,1,"Geno_at_37"
"Cnot4","ENSMUSG00000038784.13",-0.0229486378,6.04973366,-0.530506238,0.599725954,1,"Geno_at_37"
"Zswim9","ENSMUSG00000070814.15",0.0229378174,2.91095586,0.327131237,0.745875033,1,"Geno_at_37"
"Rnf4","ENSMUSG00000029110.13",-0.0229357497,7.56289453,-0.732388938,0.469701547,1,"Geno_at_37"
"Gm39556","ENSMUSG00000116380.1",0.0229356935,-0.116347417,0.164097103,0.870772114,1,"Geno_at_37"
"Denr","ENSMUSG00000023106.15",-0.0229329215,6.47325524,-0.679107677,0.502355156,1,"Geno_at_37"
"Gm8493","ENSMUSG00000106028.1",-0.0229308761,1.43101657,-0.231805644,0.818286945,1,"Geno_at_37"
"Sf1","ENSMUSG00000024949.17",-0.022914984,9.10503642,-0.715927338,0.479656551,1,"Geno_at_37"
"Eloc","ENSMUSG00000079658.9",0.0229084118,6.66885466,0.576994813,0.568313568,1,"Geno_at_37"
"Camk1","ENSMUSG00000030272.15",-0.0229082425,1.22927335,-0.214178391,0.831879198,1,"Geno_at_37"
"Camk1d","ENSMUSG00000039145.16",-0.0229013447,4.3412467,-0.349991042,0.728828059,1,"Geno_at_37"
"Sugt1","ENSMUSG00000022024.10",-0.0229008984,6.48760767,-0.64833739,0.521773923,1,"Geno_at_37"
"Fibcd1","ENSMUSG00000026841.7",-0.0228954345,1.13749215,-0.169219193,0.866777449,1,"Geno_at_37"
"Car7","ENSMUSG00000031883.13",0.0228945072,0.185662069,0.187543018,0.852516888,1,"Geno_at_37"
"Ssna1","ENSMUSG00000026966.6",0.0228851582,5.75329025,0.616973926,0.541977468,1,"Geno_at_37"
"Ift80","ENSMUSG00000027778.15",0.0228833571,6.55825939,0.517703747,0.608519769,1,"Geno_at_37"
"Vash1","ENSMUSG00000021256.5",0.022883293,0.510853467,0.162289248,0.872182875,1,"Geno_at_37"
"Gm43584","ENSMUSG00000105195.1",0.0228817978,-0.736099954,0.220670989,0.826866407,1,"Geno_at_37"
"H2-Ke6","ENSMUSG00000073422.11",0.0228733757,-0.334202469,0.206331753,0.837947004,1,"Geno_at_37"
"Rad52","ENSMUSG00000030166.14",0.0228697543,4.79870127,0.498972894,0.62149334,1,"Geno_at_37"
"Zdhhc6","ENSMUSG00000024982.10",0.0228611508,6.26552964,0.723578065,0.475014851,1,"Geno_at_37"
"Zdhhc9","ENSMUSG00000036985.12",-0.0228600598,4.40891059,-0.460932008,0.648222384,1,"Geno_at_37"
"Maco1","ENSMUSG00000028826.14",-0.0228592476,6.12852995,-0.554206284,0.583608404,1,"Geno_at_37"
"Runx1","ENSMUSG00000022952.17",-0.0228551226,7.18190836,-0.544646499,0.590084127,1,"Geno_at_37"
"Rpl7","ENSMUSG00000043716.13",-0.0228532911,10.285902,-0.838629781,0.408410785,1,"Geno_at_37"
"Irf9","ENSMUSG00000002325.15",0.0228478404,6.34200731,0.564003318,0.577008297,1,"Geno_at_37"
"Myh10","ENSMUSG00000020900.15",0.0228448298,3.36571358,0.32149942,0.750095334,1,"Geno_at_37"
"Slc15a4","ENSMUSG00000029416.17",-0.0228377567,4.63147736,-0.464765787,0.645506114,1,"Geno_at_37"
"Gm12418","ENSMUSG00000083139.1",0.0228265416,3.39704011,0.381796018,0.705344829,1,"Geno_at_37"
"Impdh2-ps","ENSMUSG00000071041.4",-0.0228262857,7.87457209,-0.762852125,0.451599508,1,"Geno_at_37"
"Dnmbp","ENSMUSG00000025195.9",-0.0228222506,5.61462578,-0.528875994,0.600842376,1,"Geno_at_37"
"Arl6ip4","ENSMUSG00000029404.15",-0.0228179276,5.7928598,-0.573831928,0.570424294,1,"Geno_at_37"
"Ldlrap1","ENSMUSG00000037295.7",-0.0228172642,6.13839346,-0.503230547,0.618533265,1,"Geno_at_37"
"Epb41l2","ENSMUSG00000019978.16",0.0228120093,8.44473003,0.710012413,0.483262903,1,"Geno_at_37"
"Fam183b","ENSMUSG00000049154.12",-0.0228077453,-0.515251283,-0.12595984,0.900916436,1,"Geno_at_37"
"D330023K18Rik","ENSMUSG00000087269.1",0.0227998632,0.460273294,0.185589676,0.854034759,1,"Geno_at_37"
"Micu3","ENSMUSG00000039478.15",-0.0227973842,3.72294009,-0.351363973,0.727808612,1,"Geno_at_37"
"Cdc42bpb","ENSMUSG00000021279.5",0.0227924466,4.77197765,0.312394015,0.757342687,1,"Geno_at_37"
"Npw","ENSMUSG00000071230.7",0.022790476,-0.606757723,0.241707268,0.810676695,1,"Geno_at_37"
"D7Ertd128e","ENSMUSG00000100029.1",0.0227902159,-0.987221262,0.332557796,0.741816114,1,"Geno_at_37"
"Tmem170","ENSMUSG00000031953.2",-0.0227891421,2.46753315,-0.229224389,0.820273856,1,"Geno_at_37"
"Gm10766","ENSMUSG00000103957.1",0.0227801876,0.197264622,0.161799878,0.872564829,1,"Geno_at_37"
"Rab35","ENSMUSG00000029518.15",-0.0227795943,6.78101804,-0.651268445,0.519906818,1,"Geno_at_37"
"Ssr2","ENSMUSG00000041355.13",-0.022771675,6.92769865,-0.735294854,0.467956766,1,"Geno_at_37"
"Elob","ENSMUSG00000055839.6",-0.0227661905,6.21149357,-0.619212273,0.540522087,1,"Geno_at_37"
"Naa40","ENSMUSG00000024764.10",0.0227649583,7.05219222,0.751295741,0.458417346,1,"Geno_at_37"
"Cdnf","ENSMUSG00000039496.8",-0.0227411007,0.452354623,-0.182968966,0.85607211,1,"Geno_at_37"
"Map2k5","ENSMUSG00000058444.8",0.022738567,4.9043037,0.585245999,0.56282576,1,"Geno_at_37"
"Gm9531","ENSMUSG00000079225.3",0.0227287864,7.80228833,0.693296551,0.493537843,1,"Geno_at_37"
"Rtl10","ENSMUSG00000086965.1",0.0227277759,2.07928399,0.2266431,0.822262008,1,"Geno_at_37"
"Tmem220","ENSMUSG00000050270.12",-0.0227240829,-0.148729476,-0.194251307,0.847308527,1,"Geno_at_37"
"Prkcq","ENSMUSG00000026778.13",-0.022721718,7.25427778,-0.788056128,0.436940972,1,"Geno_at_37"
"Lasp1","ENSMUSG00000038366.15",0.0227196776,7.50598665,0.719373402,0.477562608,1,"Geno_at_37"
"Tmed10","ENSMUSG00000021248.9",-0.022718419,7.51284051,-0.73795745,0.4663614,1,"Geno_at_37"
"Rev3l","ENSMUSG00000019841.15",0.022717764,6.17441007,0.671572769,0.507072922,1,"Geno_at_37"
"Zfp934","ENSMUSG00000074865.11",0.02271698,3.36876327,0.361260338,0.720475309,1,"Geno_at_37"
"Gm45267","ENSMUSG00000109589.1",-0.0227161019,-0.532071127,-0.192799646,0.848435021,1,"Geno_at_37"
"Syngr1","ENSMUSG00000022415.12",-0.0227110126,2.60025717,-0.258022567,0.798178267,1,"Geno_at_37"
"Cnih4","ENSMUSG00000062169.13",0.0227097337,5.70932998,0.594502948,0.556701193,1,"Geno_at_37"
"Zfp984","ENSMUSG00000078495.10",-0.0227060297,5.42411923,-0.444579385,0.659863364,1,"Geno_at_37"
"Gm4708","ENSMUSG00000117187.1",0.0227055803,2.36281654,0.290324748,0.773595778,1,"Geno_at_37"
"B230208H11Rik","ENSMUSG00000097378.8",0.0227045318,-0.322978179,0.200917691,0.842139639,1,"Geno_at_37"
"Vps26b","ENSMUSG00000031988.10",0.0227043834,6.4412496,0.638224084,0.528243916,1,"Geno_at_37"
"Cdc42ep2","ENSMUSG00000045664.5",0.0226941845,-0.586084448,0.221910382,0.825910335,1,"Geno_at_37"
"Zfp62","ENSMUSG00000046311.13",0.0226906233,6.95129967,0.618104744,0.54124195,1,"Geno_at_37"
"Gm26486","ENSMUSG00000088646.1",-0.0226854877,-0.396675553,-0.145314404,0.885562759,1,"Geno_at_37"
"Adam19","ENSMUSG00000011256.16",0.022684527,7.98086048,0.640043952,0.527076491,1,"Geno_at_37"
"Atp5g3","ENSMUSG00000018770.9",-0.0226842195,8.15703741,-0.752284564,0.457831612,1,"Geno_at_37"
"Pheta1","ENSMUSG00000044134.9",-0.0226827608,3.23861027,-0.330320629,0.743488547,1,"Geno_at_37"
"6430573P05Rik","ENSMUSG00000102545.1",0.0226821559,-0.316259277,0.208640025,0.836160947,1,"Geno_at_37"
"Rab24","ENSMUSG00000034789.8",0.0226801724,3.98363099,0.411860849,0.683414117,1,"Geno_at_37"
"Fam24b","ENSMUSG00000030858.10",0.0226786015,-0.270195134,0.200240791,0.842664163,1,"Geno_at_37"
"Tial1","ENSMUSG00000030846.15",-0.0226756908,7.61305041,-0.837977027,0.408771444,1,"Geno_at_37"
"Rps3a2","ENSMUSG00000062611.4",0.022674733,8.55297699,0.850091674,0.402110376,1,"Geno_at_37"
"Srm","ENSMUSG00000006442.10",0.0226697282,6.7940559,0.540220732,0.593093851,1,"Geno_at_37"
"6720427I07Rik","ENSMUSG00000097375.3",0.022667779,2.82332824,0.285233261,0.777455394,1,"Geno_at_37"
"Rrp12","ENSMUSG00000035049.4",-0.0226642103,5.99045289,-0.585368513,0.562744479,1,"Geno_at_37"
"Tmem178b","ENSMUSG00000057716.7",0.0226494863,-0.559063842,0.192369357,0.84876899,1,"Geno_at_37"
"Gm15491","ENSMUSG00000087367.1",-0.0226368747,-0.619052549,-0.209429208,0.835550509,1,"Geno_at_37"
"Cldn10","ENSMUSG00000022132.15",0.0226310148,-0.929009765,0.280201077,0.78127574,1,"Geno_at_37"
"Gm23264","ENSMUSG00000094158.1",-0.0226226643,-0.27237098,-0.18566504,0.853976187,1,"Geno_at_37"
"Noxred1","ENSMUSG00000072919.4",0.0226222292,0.136698378,0.199812146,0.842996353,1,"Geno_at_37"
"Dennd4a","ENSMUSG00000053641.9",-0.0226200499,6.62000408,-0.68569847,0.498248612,1,"Geno_at_37"
"Cyp2t4","ENSMUSG00000078787.9",-0.0226131338,-0.0690971487,-0.197055798,0.845133164,1,"Geno_at_37"
"Gm46542","ENSMUSG00000116562.1",-0.0226128136,-0.570364561,-0.2004165,0.842528,1,"Geno_at_37"
"Pdcd6ip","ENSMUSG00000032504.15",0.0226104676,7.86561452,0.879607792,0.386170064,1,"Geno_at_37"
"Gm37436","ENSMUSG00000102670.1",0.022597749,0.0753356153,0.15938244,0.8744521,1,"Geno_at_37"
"Gpr160","ENSMUSG00000037661.14",-0.0225976457,3.3223272,-0.278277614,0.782737472,1,"Geno_at_37"
"C78197","ENSMUSG00000087242.2",-0.0225955775,0.728781547,-0.190376364,0.85031622,1,"Geno_at_37"
"Git2","ENSMUSG00000041890.17",-0.0225901843,7.39348008,-0.709785253,0.483401712,1,"Geno_at_37"
"Gm5421","ENSMUSG00000097245.1",0.0225881485,3.34808366,0.361419794,0.72035737,1,"Geno_at_37"
"Rhno1","ENSMUSG00000048668.16",-0.0225869681,6.11476143,-0.590744939,0.559183438,1,"Geno_at_37"
"Gm14706","ENSMUSG00000083482.1",-0.0225866382,0.469457647,-0.194259582,0.847302107,1,"Geno_at_37"
"Gm28884","ENSMUSG00000099767.1",-0.0225814792,0.461346487,-0.184394309,0.854963916,1,"Geno_at_37"
"H3f3a-ps2","ENSMUSG00000081176.1",-0.0225784724,3.13955579,-0.340750816,0.735702273,1,"Geno_at_37"
"Il5ra","ENSMUSG00000005364.11",-0.0225743129,-0.557689357,-0.185563049,0.854055454,1,"Geno_at_37"
"Ccno","ENSMUSG00000042417.5",-0.0225558811,0.356334107,-0.202664061,0.840786734,1,"Geno_at_37"
"Nipbl","ENSMUSG00000022141.7",0.022544423,7.86527258,0.793570529,0.433772627,1,"Geno_at_37"
"Acin1","ENSMUSG00000022185.19",-0.0225441032,8.56813966,-0.552310191,0.585197465,1,"Geno_at_37"
"Dhx34","ENSMUSG00000006019.15",-0.0225391513,4.88238136,-0.421559202,0.676398052,1,"Geno_at_37"
"Xpnpep1","ENSMUSG00000025027.18",-0.0225366927,6.58219808,-0.728825498,0.471846273,1,"Geno_at_37"
"Pibf1","ENSMUSG00000022064.10",0.0225285153,3.97078683,0.398840919,0.692878395,1,"Geno_at_37"
"Gm48350","ENSMUSG00000114014.1",0.0225238693,-0.533265325,0.156166395,0.877031204,1,"Geno_at_37"
"1810055G02Rik","ENSMUSG00000035372.2",-0.0225218127,4.18993273,-0.395759113,0.695126048,1,"Geno_at_37"
"Igkv14-111","ENSMUSG00000095771.2",-0.0225127179,-0.833107662,-0.247742561,0.806047214,1,"Geno_at_37"
"Gm44888","ENSMUSG00000109096.1",-0.0225113193,2.00640256,-0.216184542,0.830329515,1,"Geno_at_37"
"Spsb2","ENSMUSG00000038451.13",-0.0224876102,1.39546381,-0.198004786,0.844397342,1,"Geno_at_37"
"Gm6877","ENSMUSG00000083557.1",0.0224862664,2.51217785,0.319087832,0.751904916,1,"Geno_at_37"
"Psenen","ENSMUSG00000036835.7",0.0224794393,3.78517532,0.393197931,0.696996142,1,"Geno_at_37"
"4930525G20Rik","ENSMUSG00000097276.1",-0.0224780713,-0.193902111,-0.209151498,0.835765308,1,"Geno_at_37"
"Sel1l","ENSMUSG00000020964.14",0.0224773333,6.79215254,0.785008478,0.438698023,1,"Geno_at_37"
"Lama5","ENSMUSG00000015647.9",0.0224761461,7.47338673,0.43605992,0.666793497,1,"Geno_at_37"
"Fra10ac1","ENSMUSG00000054237.6",-0.0224730387,4.6579081,-0.469382753,0.64224154,1,"Geno_at_37"
"Tmem185a","ENSMUSG00000073139.9",0.0224647387,4.6442263,0.509210324,0.614386883,1,"Geno_at_37"
"Cmtm8","ENSMUSG00000041012.4",0.0224608234,-0.14828832,0.157265279,0.876105565,1,"Geno_at_37"
"Gm9824","ENSMUSG00000095478.2",0.0224451733,4.97219229,0.543769733,0.590679781,1,"Geno_at_37"
"Nkrf","ENSMUSG00000044149.7",0.0224368766,5.20984437,0.566318174,0.575454232,1,"Geno_at_37"
"Hal","ENSMUSG00000020017.14",-0.0224273863,-0.303658734,-0.193392777,0.84797471,1,"Geno_at_37"
"Enox2","ENSMUSG00000031109.16",-0.0224192227,3.71942683,-0.345617744,0.732078733,1,"Geno_at_37"
"Tmem115","ENSMUSG00000010045.2",-0.0224162501,5.03947874,-0.525160835,0.603390268,1,"Geno_at_37"
"Gm9517","ENSMUSG00000104103.1",0.0224147526,2.74660499,0.300998269,0.765523866,1,"Geno_at_37"
"Tagln2","ENSMUSG00000026547.15",-0.0224135291,8.51420768,-0.481397554,0.634609153,1,"Geno_at_37"
"Psmb2","ENSMUSG00000028837.8",0.022409844,6.84287261,0.669336068,0.508478066,1,"Geno_at_37"
"Tmem161b","ENSMUSG00000035762.11",-0.022408174,4.86684016,-0.479536403,0.635087662,1,"Geno_at_37"
"Nkain1","ENSMUSG00000078532.9",0.0224052498,0.996785519,0.172931775,0.863884273,1,"Geno_at_37"
"Trappc5","ENSMUSG00000040236.4",0.0223997528,4.9261051,0.459970078,0.648904696,1,"Geno_at_37"
"Gm19951","ENSMUSG00000113136.1",0.0223951402,-0.223279804,0.169055803,0.866904821,1,"Geno_at_37"
"Ppil2","ENSMUSG00000022771.17",-0.0223936112,6.5347539,-0.733307652,0.469149521,1,"Geno_at_37"
"Gm24457","ENSMUSG00000065130.1",-0.0223921902,-0.579107728,-0.237890106,0.813608329,1,"Geno_at_37"
"Orai2","ENSMUSG00000039747.11",-0.0223907815,5.3268761,-0.386589311,0.701989416,1,"Geno_at_37"
"Nxf7","ENSMUSG00000031410.14",0.0223817974,-0.688165426,0.24754821,0.806196185,1,"Geno_at_37"
"Calm3","ENSMUSG00000019370.10",-0.0223814041,7.76101594,-0.665646483,0.510800625,1,"Geno_at_37"
"Patj","ENSMUSG00000061859.17",0.022379563,4.55271837,0.353240515,0.726416036,1,"Geno_at_37"
"Gm9247","ENSMUSG00000115505.1",0.0223723916,2.63737328,0.278499927,0.782568484,1,"Geno_at_37"
"Fut7","ENSMUSG00000036587.13",0.0223655247,6.02557014,0.546047444,0.589132965,1,"Geno_at_37"
"Prelid1","ENSMUSG00000021486.7",-0.0223538147,8.20557712,-0.550712807,0.586138326,1,"Geno_at_37"
"2010204K13Rik","ENSMUSG00000063018.6",-0.0223502757,3.87523683,-0.365210406,0.717555757,1,"Geno_at_37"
"Mir103-2","ENSMUSG00000065563.1",-0.022347685,-0.608608803,-0.21313294,0.832687046,1,"Geno_at_37"
"Emc9","ENSMUSG00000022217.14",0.0223473053,2.18561327,0.255323794,0.800242024,1,"Geno_at_37"
"Ppm1g","ENSMUSG00000029147.11",0.0223439483,7.83400838,0.715717817,0.479784033,1,"Geno_at_37"
"Hprt","ENSMUSG00000025630.8",-0.0223418243,7.53867796,-0.586828912,0.561776056,1,"Geno_at_37"
"Kcnq4","ENSMUSG00000028631.7",-0.0223380007,-0.824461618,-0.227139686,0.821879436,1,"Geno_at_37"
"Pcdhgb2","ENSMUSG00000102748.1",-0.0223305923,-0.592868387,-0.187440552,0.852596497,1,"Geno_at_37"
"Ppp1r12a","ENSMUSG00000019907.10",0.0223197797,7.73630554,0.68857243,0.49646382,1,"Geno_at_37"
"Trim32","ENSMUSG00000051675.13",0.0223192906,4.40836857,0.496354537,0.623316923,1,"Geno_at_37"
"Akt1s1","ENSMUSG00000011096.17",-0.0223128266,4.90368288,-0.404331365,0.688881094,1,"Geno_at_37"
"Ppox","ENSMUSG00000062729.11",-0.0223039066,5.46959256,-0.515776207,0.609848979,1,"Geno_at_37"
"Dnaja2","ENSMUSG00000031701.6",-0.0222972882,7.99029779,-0.728031348,0.47232502,1,"Geno_at_37"
"Me2","ENSMUSG00000024556.4",-0.0222946028,8.23208922,-0.619934073,0.540053208,1,"Geno_at_37"
"Grin1","ENSMUSG00000026959.13",-0.0222932278,0.13695143,-0.135284095,0.89335737,1,"Geno_at_37"
"B4galt7","ENSMUSG00000021504.14",-0.0222908026,4.66317387,-0.405759995,0.687842474,1,"Geno_at_37"
"Lpcat3","ENSMUSG00000004270.13",0.0222800776,5.67267948,0.562122861,0.578272259,1,"Geno_at_37"
"Actg1","ENSMUSG00000062825.15",0.0222765113,8.70146265,0.631882864,0.532322533,1,"Geno_at_37"
"Ilf3","ENSMUSG00000032178.14",-0.0222740411,7.58695861,-0.753636268,0.457031639,1,"Geno_at_37"
"Rab2a","ENSMUSG00000047187.9",-0.0222733995,6.56055437,-0.62453509,0.537069443,1,"Geno_at_37"
"Themis","ENSMUSG00000049109.15",-0.0222704278,5.00925086,-0.466765442,0.644091307,1,"Geno_at_37"
"Cdk5","ENSMUSG00000028969.10",-0.0222694027,5.02187268,-0.514782826,0.610534532,1,"Geno_at_37"
"Mir7651","ENSMUSG00000098516.1",-0.0222612934,-0.248338754,-0.17249642,0.864223442,1,"Geno_at_37"
"Mad2l1bp","ENSMUSG00000034509.9",-0.0222578802,4.67916543,-0.404720545,0.688598097,1,"Geno_at_37"
"Igsf9","ENSMUSG00000037995.15",-0.0222546605,3.64947945,-0.285160856,0.777510323,1,"Geno_at_37"
"Igbp1","ENSMUSG00000031221.7",-0.022251383,6.0376185,-0.52106602,0.606204436,1,"Geno_at_37"
"Zfp157","ENSMUSG00000036898.16",0.0222464348,3.79815613,0.351702949,0.727556989,1,"Geno_at_37"
"Gm49590","ENSMUSG00000116707.1",0.022240355,-0.480739999,0.168892494,0.867032133,1,"Geno_at_37"
"Sh3bgrl3","ENSMUSG00000028843.8",-0.0222400532,6.60255791,-0.549984109,0.58646418,1,"Geno_at_37"
"4930590J08Rik","ENSMUSG00000034063.8",-0.0222346909,0.181202179,-0.158680989,0.874999857,1,"Geno_at_37"
"Zfp68","ENSMUSG00000058291.14",-0.0222342782,5.37839272,-0.551736898,0.585277809,1,"Geno_at_37"
"Ptdss2","ENSMUSG00000025495.15",0.0222338898,4.52629461,0.446179939,0.658720082,1,"Geno_at_37"
"Mxra8","ENSMUSG00000029070.9",-0.0222311034,-0.0729456466,-0.194655284,0.846995098,1,"Geno_at_37"
"Rpsa","ENSMUSG00000032518.6",-0.0222310491,10.421734,-0.956615935,0.346523407,1,"Geno_at_37"
"Gm15994","ENSMUSG00000082183.1",-0.0222305836,-0.426435471,-0.176230298,0.861315376,1,"Geno_at_37"
"Gm7935","ENSMUSG00000075609.3",0.022226989,4.63796919,0.50672359,0.616109624,1,"Geno_at_37"
"Scml4","ENSMUSG00000044770.14",0.022226838,2.95873522,0.181198907,0.857785291,1,"Geno_at_37"
"Gm11581","ENSMUSG00000083355.1",0.022223181,-0.978564096,0.328443418,0.744892872,1,"Geno_at_37"
"Vav3","ENSMUSG00000033721.16",-0.0222210742,4.07852883,-0.352217619,0.727175006,1,"Geno_at_37"
"Gm16575","ENSMUSG00000089796.1",-0.0222185594,0.0204514611,-0.184271885,0.855059089,1,"Geno_at_37"
"Gm22516","ENSMUSG00000088891.1",-0.0222142925,-0.48031319,-0.223892646,0.824381774,1,"Geno_at_37"
"Mrpl48","ENSMUSG00000030706.17",0.0222132407,4.79809835,0.591543783,0.558655312,1,"Geno_at_37"
"Gm15361","ENSMUSG00000083283.3",-0.0222064193,4.88383178,-0.321401401,0.750508532,1,"Geno_at_37"
"Tnfrsf1b","ENSMUSG00000028599.10",-0.0222058066,7.50637277,-0.731008383,0.470531789,1,"Geno_at_37"
"Cacna1g","ENSMUSG00000020866.17",-0.0222024398,-0.318757305,-0.149930237,0.881879905,1,"Geno_at_37"
"Slc2a2","ENSMUSG00000027690.13",-0.022189374,1.93458902,-0.209271867,0.835672205,1,"Geno_at_37"
"Rbm33","ENSMUSG00000048271.14",-0.0221873439,7.48150111,-0.693631104,0.493331,1,"Geno_at_37"
"Kcnh5","ENSMUSG00000034402.3",0.0221839303,-0.670553779,0.189187075,0.851239796,1,"Geno_at_37"
"Gm22596","ENSMUSG00000088226.1",0.0221797098,0.162017741,0.18384584,0.855390312,1,"Geno_at_37"
"Gm45515","ENSMUSG00000109799.1",-0.0221713011,0.0202516627,-0.157878964,0.87562623,1,"Geno_at_37"
"Rpap2","ENSMUSG00000033773.14",-0.022168694,4.41649895,-0.38191222,0.705259553,1,"Geno_at_37"
"Nsfl1c","ENSMUSG00000027455.16",0.0221683703,6.53784045,0.645602825,0.523519126,1,"Geno_at_37"
"Gstcd","ENSMUSG00000028018.15",0.022167786,5.1183272,0.430052418,0.67027796,1,"Geno_at_37"
"Il17ra","ENSMUSG00000002897.5",-0.0221677777,7.49109955,-0.609695525,0.546724079,1,"Geno_at_37"
"Ap5z1","ENSMUSG00000039623.13",0.0221618603,4.86929325,0.399179801,0.692631411,1,"Geno_at_37"
"Cwf19l1","ENSMUSG00000025200.7",0.02215901,5.01301204,0.530248317,0.599902518,1,"Geno_at_37"
"Pfdn5","ENSMUSG00000001289.12",-0.0221561519,6.65046193,-0.719214906,0.4776588,1,"Geno_at_37"
"Mstn","ENSMUSG00000026100.6",-0.0221472606,1.79367819,-0.198300989,0.844167702,1,"Geno_at_37"
"Gm12867","ENSMUSG00000086683.1",0.0221452487,0.416775949,0.120461857,0.905075303,1,"Geno_at_37"
"Apol9a","ENSMUSG00000057346.12",0.0221421911,3.75807086,0.304268631,0.763055938,1,"Geno_at_37"
"Tbrg4","ENSMUSG00000000384.15",-0.0221420771,6.8084742,-0.685914999,0.498114018,1,"Geno_at_37"
"Rlim","ENSMUSG00000056537.11",-0.022138759,7.35042859,-0.729642838,0.47135384,1,"Geno_at_37"
"Tmem259","ENSMUSG00000013858.14",-0.022135768,6.92971879,-0.514004717,0.611071773,1,"Geno_at_37"
"Cast","ENSMUSG00000021585.10",0.0221301102,7.96012145,0.65990659,0.514425394,1,"Geno_at_37"
"Use1","ENSMUSG00000002395.14",-0.0221288544,5.91545085,-0.648976178,0.521366701,1,"Geno_at_37"
"Sptbn1","ENSMUSG00000020315.18",0.0221283963,8.06293366,0.467335378,0.64439943,1,"Geno_at_37"
"Layn","ENSMUSG00000060594.6",0.0221198674,-0.727730383,0.212615845,0.833086688,1,"Geno_at_37"
"4933406P04Rik","ENSMUSG00000069713.2",-0.0221133967,-0.338196575,-0.162358178,0.872129078,1,"Geno_at_37"
"Gm15501","ENSMUSG00000087412.4",0.0221117056,8.4454316,0.627095724,0.535412651,1,"Geno_at_37"
"Eml4","ENSMUSG00000032624.16",0.0221100829,7.34825604,0.842096037,0.406498951,1,"Geno_at_37"
"Mospd1","ENSMUSG00000023074.11",0.0221060928,3.69676121,0.416067238,0.680367518,1,"Geno_at_37"
"Zfp644","ENSMUSG00000049606.16",0.0221051,5.68168023,0.615583335,0.542882669,1,"Geno_at_37"
"B230219D22Rik","ENSMUSG00000045767.9",0.0221035434,7.06048342,0.682095242,0.500491357,1,"Geno_at_37"
"Gm25432","ENSMUSG00000117771.1",-0.0220967213,4.66977046,-0.477093556,0.636805565,1,"Geno_at_37"
"Galnt10","ENSMUSG00000020520.14",-0.0220925659,5.87964704,-0.365741557,0.717777941,1,"Geno_at_37"
"Llgl1","ENSMUSG00000020536.12",0.0220898129,5.9668482,0.612965485,0.544588898,1,"Geno_at_37"
"Ndor1","ENSMUSG00000006471.18",-0.0220852304,4.55499826,-0.405865584,0.687765735,1,"Geno_at_37"
"Fnip2","ENSMUSG00000061175.12",0.0220819823,3.73677608,0.378721484,0.707602512,1,"Geno_at_37"
"Cul7","ENSMUSG00000038545.13",0.0220806483,6.84261251,0.527467459,0.601807762,1,"Geno_at_37"
"Slc43a3","ENSMUSG00000027074.14",0.0220805269,7.51811755,0.679084106,0.502369877,1,"Geno_at_37"
"Cish","ENSMUSG00000032578.7",-0.0220775931,8.94538649,-0.592420337,0.558120934,1,"Geno_at_37"
"Sar1b","ENSMUSG00000020386.5",0.0220638987,5.71224571,0.56107286,0.57897862,1,"Geno_at_37"
"Prss46","ENSMUSG00000049719.14",-0.022056444,1.05178744,-0.177985783,0.859948828,1,"Geno_at_37"
"Ppp1r16b","ENSMUSG00000037754.13",-0.0220550002,7.53567021,-0.6065024,0.548813287,1,"Geno_at_37"
"Hnrnpm","ENSMUSG00000059208.15",0.0220509219,9.26379508,0.667238248,0.50979791,1,"Geno_at_37"
"Nupl2","ENSMUSG00000048439.15",0.022047273,3.84371205,0.319103678,0.751893021,1,"Geno_at_37"
"Nudt5","ENSMUSG00000025817.12",0.02204121,6.58766562,0.737168478,0.466833803,1,"Geno_at_37"
"Ttll3","ENSMUSG00000030276.19",-0.0220342212,3.82931339,-0.322227829,0.749549041,1,"Geno_at_37"
"Top3b","ENSMUSG00000022779.16",-0.0220317162,5.88638582,-0.630239611,0.533382188,1,"Geno_at_37"
"Vmp1","ENSMUSG00000018171.9",0.0220305777,6.61398227,0.538079095,0.594552912,1,"Geno_at_37"
"4930577N17Rik","ENSMUSG00000087440.2",0.022029516,0.326311179,0.183450132,0.855697973,1,"Geno_at_37"
"Abcf2","ENSMUSG00000028953.10",-0.0220275521,7.33680144,-0.747205473,0.460844922,1,"Geno_at_37"
"Abl1","ENSMUSG00000026842.16",-0.0220263928,6.97595458,-0.365311487,0.718555534,1,"Geno_at_37"
"Lsm14a","ENSMUSG00000066568.12",0.0220247021,7.82338884,0.815687084,0.421206392,1,"Geno_at_37"
"Hnrnph2","ENSMUSG00000045427.13",0.0220237718,7.13034354,0.660192559,0.514244471,1,"Geno_at_37"
"Ppargc1b","ENSMUSG00000033871.14",-0.0220121816,2.54766028,-0.260780987,0.796070428,1,"Geno_at_37"
"Uba5","ENSMUSG00000032557.13",0.0220075595,5.49774251,0.537113609,0.595211245,1,"Geno_at_37"
"Zbtb5","ENSMUSG00000049657.9",-0.0220033366,5.43597077,-0.479828342,0.634882497,1,"Geno_at_37"
"Map1s","ENSMUSG00000019261.3",-0.0220025822,6.07695479,-0.567033925,0.574974138,1,"Geno_at_37"
"Ldha","ENSMUSG00000063229.15",-0.0220006531,11.1116801,-0.455055323,0.654075928,1,"Geno_at_37"
"Dnaja1","ENSMUSG00000028410.13",0.0219958034,7.28435301,0.688112886,0.496748966,1,"Geno_at_37"
"5730455P16Rik","ENSMUSG00000057181.15",0.0219951112,4.66300479,0.486109431,0.630475525,1,"Geno_at_37"
"Phlda3","ENSMUSG00000041801.5",-0.0219943859,3.49233561,-0.215853307,0.83088292,1,"Geno_at_37"
"Gm37509","ENSMUSG00000104379.1",-0.0219908395,-0.531019275,-0.201680469,0.841548658,1,"Geno_at_37"
"Eipr1","ENSMUSG00000036613.8",-0.021989124,5.27880033,-0.569277912,0.573470263,1,"Geno_at_37"
"Fam83e","ENSMUSG00000054161.12",-0.0219879491,-0.165498926,-0.148161984,0.883231488,1,"Geno_at_37"
"Pidd1","ENSMUSG00000025507.13",0.0219879032,5.75866927,0.566046909,0.575636236,1,"Geno_at_37"
"Mlst8","ENSMUSG00000024142.15",0.0219753685,4.61108521,0.393412885,0.696839115,1,"Geno_at_37"
"Klf16","ENSMUSG00000035397.8",-0.0219554618,5.56686727,-0.256093075,0.800717353,1,"Geno_at_37"
"Gm26532","ENSMUSG00000097296.1",-0.0219511172,3.40663883,-0.160771623,0.873964463,1,"Geno_at_37"
"Prps2","ENSMUSG00000025742.5",-0.0219474314,6.35903953,-0.64805801,0.521952079,1,"Geno_at_37"
"Gm29101","ENSMUSG00000101414.1",0.0219400057,1.02363382,0.159599496,0.874282616,1,"Geno_at_37"
"Gatad2a","ENSMUSG00000036180.15",-0.0219351726,7.03657756,-0.657613216,0.515877592,1,"Geno_at_37"
"Uqcc1","ENSMUSG00000005882.18",-0.0219345795,5.03236088,-0.58716185,0.561555396,1,"Geno_at_37"
"Cse1l","ENSMUSG00000002718.14",0.0219311575,7.72499349,0.647204589,0.522496496,1,"Geno_at_37"
"Simc1","ENSMUSG00000043183.18",0.0219248777,4.96558616,0.529432478,0.600461175,1,"Geno_at_37"
"Pold3","ENSMUSG00000030726.16",0.0219204369,7.0697206,0.632270782,0.532072547,1,"Geno_at_37"
"Ap5m1","ENSMUSG00000036291.6",-0.0219144977,5.88145559,-0.454383889,0.652873176,1,"Geno_at_37"
"Mob3c","ENSMUSG00000028709.3",0.0219102855,3.98875451,0.319282417,0.751758852,1,"Geno_at_37"
"4933426K07Rik","ENSMUSG00000086933.1",-0.0219095095,-0.32386267,-0.176550995,0.861065699,1,"Geno_at_37"
"Ttc28","ENSMUSG00000033209.17",-0.0219014755,1.60927087,-0.163595771,0.87117076,1,"Geno_at_37"
"Gm42732","ENSMUSG00000107331.1",-0.0218989363,2.40324065,-0.199807695,0.842999803,1,"Geno_at_37"
"Ufm1","ENSMUSG00000027746.13",-0.0218932161,5.99615526,-0.632064852,0.532205247,1,"Geno_at_37"
"Gm8355","ENSMUSG00000093798.2",0.0218872259,6.7916828,0.380994731,0.706811376,1,"Geno_at_37"
"Nup93","ENSMUSG00000032939.14",-0.0218831304,6.99821097,-0.552068203,0.585053698,1,"Geno_at_37"
"Atxn7l3b","ENSMUSG00000074748.3",-0.0218778418,6.53198524,-0.595578874,0.555991562,1,"Geno_at_37"
"Trmo","ENSMUSG00000028331.12",-0.0218769876,3.38091335,-0.319235792,0.75179385,1,"Geno_at_37"
"Slc38a2","ENSMUSG00000022462.7",-0.0218734516,8.64266174,-0.412170818,0.684433704,1,"Geno_at_37"
"Adra2a","ENSMUSG00000033717.6",-0.0218729466,-0.584970915,-0.202590339,0.840843837,1,"Geno_at_37"
"Ybx1-ps2","ENSMUSG00000107035.1",0.0218707386,4.83089105,0.396090866,0.694883955,1,"Geno_at_37"
"Gm5616","ENSMUSG00000063543.5",-0.0218672517,2.44723813,-0.271148931,0.788161901,1,"Geno_at_37"
"2310015A10Rik","ENSMUSG00000097729.2",0.0218612985,2.64326483,0.185192038,0.854490257,1,"Geno_at_37"
"Gtf3c2","ENSMUSG00000106864.3",-0.0218571993,6.12799612,-0.654880364,0.51761099,1,"Geno_at_37"
"Gm8170","ENSMUSG00000112381.1",-0.0218459978,0.0266751285,-0.180677165,0.857854592,1,"Geno_at_37"
"Lrch1","ENSMUSG00000068015.8",0.0218351048,5.85527506,0.455496533,0.652081915,1,"Geno_at_37"
"Cd164","ENSMUSG00000019818.15",-0.0218217299,7.88710133,-0.664002268,0.511837518,1,"Geno_at_37"
"Mapk14","ENSMUSG00000053436.15",-0.0218197751,6.69887179,-0.659511112,0.514675657,1,"Geno_at_37"
"Lgals3","ENSMUSG00000050335.17",-0.0218141801,5.43904938,-0.406918887,0.687020079,1,"Geno_at_37"
"Reps1","ENSMUSG00000019854.17",-0.021801621,6.14519973,-0.525449815,0.6031919,1,"Geno_at_37"
"Borcs8","ENSMUSG00000002345.18",-0.0218001305,4.74179594,-0.447359571,0.657878002,1,"Geno_at_37"
"Jaml","ENSMUSG00000048534.7",0.0217968329,4.54524536,0.282477736,0.779914585,1,"Geno_at_37"
"Trim59","ENSMUSG00000034317.14",-0.0217862064,6.89750773,-0.625332097,0.53655347,1,"Geno_at_37"
"Paxip1","ENSMUSG00000002221.11",0.0217750783,7.03024566,0.641240955,0.526309382,1,"Geno_at_37"
"Ddost","ENSMUSG00000028757.4",-0.0217703184,7.30596709,-0.708889219,0.483949464,1,"Geno_at_37"
"Grb2","ENSMUSG00000059923.13",-0.0217698594,6.9068083,-0.733055308,0.469301109,1,"Geno_at_37"
"Map4k4","ENSMUSG00000026074.15",-0.0217621735,8.41298994,-0.682892105,0.499994884,1,"Geno_at_37"
"Gm9224","ENSMUSG00000117006.1",-0.0217587941,-0.814660721,-0.249708013,0.804541112,1,"Geno_at_37"
"Cnot10","ENSMUSG00000056167.8",0.0217487039,6.61033035,0.72524325,0.474008028,1,"Geno_at_37"
"AA388235","ENSMUSG00000118084.1",-0.0217457303,0.738680704,-0.186705447,0.853167664,1,"Geno_at_37"
"Gfra2","ENSMUSG00000022103.10",-0.0217447111,-0.928713442,-0.277200293,0.783556534,1,"Geno_at_37"
"Zcwpw1","ENSMUSG00000037108.13",0.0217327678,3.61207993,0.265199965,0.792696943,1,"Geno_at_37"
"Psmc3ip","ENSMUSG00000019303.14",-0.0217252267,3.76623813,-0.334742643,0.74018403,1,"Geno_at_37"
"Rcbtb2","ENSMUSG00000022106.14",0.0217235932,4.57695798,0.413385799,0.682308998,1,"Geno_at_37"
"Gm42921","ENSMUSG00000106441.1",-0.0217227705,1.29455206,-0.19051146,0.850211321,1,"Geno_at_37"
"Vcp","ENSMUSG00000028452.7",-0.0217219824,7.14746275,-0.715428073,0.479960357,1,"Geno_at_37"
"Idh2","ENSMUSG00000030541.16",0.0217203944,4.69342181,0.462419818,0.647167669,1,"Geno_at_37"
"Gm46506","ENSMUSG00000115578.1",0.0217190395,0.115280989,0.153105002,0.879356317,1,"Geno_at_37"
"Dhcr24","ENSMUSG00000034926.3",-0.0217189063,7.7862541,-0.586760669,0.56182129,1,"Geno_at_37"
"Rap1b","ENSMUSG00000052681.8",0.0217107299,8.3529243,0.57684464,0.568413696,1,"Geno_at_37"
"Las1l","ENSMUSG00000057421.12",0.0217074175,6.51583198,0.575614189,0.569234433,1,"Geno_at_37"
"Rbm39","ENSMUSG00000027620.16",0.0217007579,9.09932115,0.691553778,0.494616132,1,"Geno_at_37"
"Trip4","ENSMUSG00000032386.15",-0.0216942599,5.55237552,-0.599722203,0.553263155,1,"Geno_at_37"
"Casp8","ENSMUSG00000026029.14",0.0216881669,7.61456473,0.600246001,0.552918723,1,"Geno_at_37"
"Ctps2","ENSMUSG00000031360.14",-0.021676187,5.97124352,-0.611716847,0.545403705,1,"Geno_at_37"
"Gm49180","ENSMUSG00000115735.1",-0.0216751922,-0.252865621,-0.190908471,0.849903067,1,"Geno_at_37"
"Ercc1","ENSMUSG00000003549.9",-0.0216662691,5.06861089,-0.501402188,0.619803614,1,"Geno_at_37"
"Tpp1","ENSMUSG00000030894.5",-0.0216644767,6.18968046,-0.542030981,0.591861905,1,"Geno_at_37"
"Zfp90","ENSMUSG00000031907.9",0.0216598709,3.06615664,0.291654383,0.772588807,1,"Geno_at_37"
"Vopp1","ENSMUSG00000037788.14",0.0216557464,4.94542732,0.476851495,0.636975903,1,"Geno_at_37"
"9430002A10Rik","ENSMUSG00000062704.3",0.0216537049,-0.21785092,0.182273123,0.856613231,1,"Geno_at_37"
"Strip2","ENSMUSG00000039629.14",-0.0216532627,0.00744442275,-0.178146517,0.859823727,1,"Geno_at_37"
"Zfp704","ENSMUSG00000040209.12",0.0216415614,1.61827095,0.180970307,0.857626554,1,"Geno_at_37"
"Itch","ENSMUSG00000027598.16",0.021641151,6.43395425,0.652846946,0.518902804,1,"Geno_at_37"
"Gm12482","ENSMUSG00000081975.1",-0.0216344396,4.89538989,-0.365555971,0.71730055,1,"Geno_at_37"
"2810402E24Rik","ENSMUSG00000099966.1",0.021632854,2.59761368,0.271612813,0.787808587,1,"Geno_at_37"
"Ppm1h","ENSMUSG00000034613.12",0.0216324307,5.5315097,0.513183181,0.611639236,1,"Geno_at_37"
"Pfdn1","ENSMUSG00000024346.6",-0.0216310825,6.60186612,-0.592655233,0.557920942,1,"Geno_at_37"
"Tgoln1","ENSMUSG00000056429.4",0.0216246898,7.37769624,0.553253879,0.584251992,1,"Geno_at_37"
"Ube4bos2","ENSMUSG00000085807.1",0.021621357,-0.405897355,0.178427157,0.859605312,1,"Geno_at_37"
"Gm17641","ENSMUSG00000091272.2",0.0216161742,3.34989407,0.242343123,0.810205295,1,"Geno_at_37"
"Pomp","ENSMUSG00000029649.10",-0.0216158479,7.12221797,-0.667025001,0.509932179,1,"Geno_at_37"
"Cyp20a1","ENSMUSG00000049439.13",-0.0216124594,4.78467786,-0.448177667,0.657294273,1,"Geno_at_37"
"Ndufb8","ENSMUSG00000025204.10",-0.0216117086,5.83204976,-0.618869652,0.540744727,1,"Geno_at_37"
"Zc3h18","ENSMUSG00000017478.15",0.0216113642,7.23741975,0.555479795,0.582748371,1,"Geno_at_37"
"Slc4a7","ENSMUSG00000021733.11",0.0216105433,7.36501416,0.396644201,0.695394929,1,"Geno_at_37"
"Gm16059","ENSMUSG00000085802.1",-0.021609845,-0.664668643,-0.188828682,0.851518158,1,"Geno_at_37"
"2310009B15Rik","ENSMUSG00000079283.2",0.0216071642,1.95232288,0.206737607,0.837632905,1,"Geno_at_37"
"Rtkn","ENSMUSG00000034930.16",-0.0216068806,1.75647695,-0.217647476,0.829199886,1,"Geno_at_37"
"Inpp5a","ENSMUSG00000025477.14",-0.0215982077,4.42379556,-0.468733793,0.642699971,1,"Geno_at_37"
"Eno1b","ENSMUSG00000059040.5",-0.0215978592,7.37624263,-0.376204114,0.710515381,1,"Geno_at_37"
"Rbm26","ENSMUSG00000022119.15",-0.0215950146,7.07771065,-0.700826866,0.488893928,1,"Geno_at_37"
"Gm15774","ENSMUSG00000085118.2",-0.0215806304,-0.28389459,-0.144510638,0.886118405,1,"Geno_at_37"
"Gm5898","ENSMUSG00000081788.2",-0.0215740548,4.82619228,-0.44769691,0.657637277,1,"Geno_at_37"
"Gsn","ENSMUSG00000026879.14",0.0215729992,2.82196194,0.21438006,0.831723385,1,"Geno_at_37"
"Hnrnpr","ENSMUSG00000066037.14",0.021564619,8.15205313,0.792465846,0.434406211,1,"Geno_at_37"
"Golga7","ENSMUSG00000015341.17",0.0215587893,6.97512526,0.517652497,0.608555093,1,"Geno_at_37"
"Sds","ENSMUSG00000029597.14",-0.0215531516,-0.556148619,-0.169673919,0.866422984,1,"Geno_at_37"
"Tuft1","ENSMUSG00000005968.14",-0.0215528558,2.34995822,-0.258996888,0.797433564,1,"Geno_at_37"
"Susd6","ENSMUSG00000021133.9",-0.021552,6.80076762,-0.504287635,0.617799344,1,"Geno_at_37"
"Asnsd1","ENSMUSG00000026095.15",-0.0215451584,3.35211905,-0.30267764,0.76425624,1,"Geno_at_37"
"Gon7","ENSMUSG00000091931.5",0.0215401556,3.47125023,0.295660899,0.769557001,1,"Geno_at_37"
"Dnm3os","ENSMUSG00000078190.7",0.021533413,-0.679637553,0.21955587,0.827726844,1,"Geno_at_37"
"Gm43679","ENSMUSG00000105950.1",0.0215323141,1.51564344,0.194839049,0.846852531,1,"Geno_at_37"
"Aste1","ENSMUSG00000032567.16",0.021529068,3.992627,0.376952957,0.708902399,1,"Geno_at_37"
"Spout1","ENSMUSG00000039660.16",0.0215221212,4.97312986,0.432246802,0.66870043,1,"Geno_at_37"
"Crkl","ENSMUSG00000006134.4",-0.0215203422,6.83262143,-0.703903067,0.487003992,1,"Geno_at_37"
"Zdhhc18","ENSMUSG00000037553.14",0.0215173326,7.16525244,0.533323,0.597799313,1,"Geno_at_37"
"Mtap","ENSMUSG00000062937.7",0.0215116749,5.95645298,0.573437647,0.57068769,1,"Geno_at_37"
"Actr2","ENSMUSG00000020152.7",0.0215110824,8.91836047,0.724267009,0.474598144,1,"Geno_at_37"
"Rap1gap","ENSMUSG00000041351.16",0.0215074433,-0.149551385,0.164310871,0.870605329,1,"Geno_at_37"
"Gm45572","ENSMUSG00000110345.1",0.021505749,-0.577324562,0.198561824,0.843965494,1,"Geno_at_37"
"Ptpa","ENSMUSG00000039515.11",-0.0215039556,7.69777421,-0.767855845,0.4486663,1,"Geno_at_37"
"Cox16","ENSMUSG00000091803.7",-0.0214983591,3.15946606,-0.293412776,0.771257745,1,"Geno_at_37"
"Ywhag","ENSMUSG00000051391.9",0.0214923511,7.37888766,0.703969412,0.486963277,1,"Geno_at_37"
"Trim45","ENSMUSG00000033233.17",-0.021490921,2.35478763,-0.254186345,0.801112274,1,"Geno_at_37"
"Tmem53","ENSMUSG00000048772.15",-0.0214864781,-0.410850872,-0.194262519,0.847299829,1,"Geno_at_37"
"Crtc2","ENSMUSG00000027936.18",-0.0214860484,6.46389521,-0.636290288,0.52948594,1,"Geno_at_37"
"4930466K18Rik","ENSMUSG00000112332.1",0.0214784386,0.986444609,0.180446525,0.858034019,1,"Geno_at_37"
"Prpf38a","ENSMUSG00000063800.5",-0.021477554,6.16269121,-0.68364249,0.499527619,1,"Geno_at_37"
"Mmadhc","ENSMUSG00000026766.16",-0.0214720762,5.96721198,-0.562103587,0.578285222,1,"Geno_at_37"
"Sdf2l1","ENSMUSG00000022769.9",0.0214719138,5.44961362,0.387949642,0.700943326,1,"Geno_at_37"
"Rhof","ENSMUSG00000029449.11",-0.0214713624,6.7424974,-0.468535413,0.642973394,1,"Geno_at_37"
"Isca2","ENSMUSG00000021241.7",0.0214676055,4.6475099,0.416213671,0.680261558,1,"Geno_at_37"
"Perp","ENSMUSG00000019851.8",-0.0214664168,4.90685728,-0.446159767,0.658734485,1,"Geno_at_37"
"Fbxl22","ENSMUSG00000050503.9",-0.0214414641,1.59394808,-0.214875993,0.831340246,1,"Geno_at_37"
"Lig3","ENSMUSG00000020697.16",0.0214390821,5.85869965,0.579465428,0.566667559,1,"Geno_at_37"
"Pomgnt1","ENSMUSG00000028700.14",0.0214335165,5.1031351,0.450950323,0.655317558,1,"Geno_at_37"
"Platr25","ENSMUSG00000074863.5",0.0214266189,4.25418141,0.465442871,0.645026909,1,"Geno_at_37"
"Cnot8","ENSMUSG00000020515.13",-0.0214084704,6.15751451,-0.664194962,0.51171594,1,"Geno_at_37"
"Aimp2","ENSMUSG00000029610.13",0.0214049493,5.09845726,0.460664625,0.648412011,1,"Geno_at_37"
"Knop1","ENSMUSG00000030980.17",-0.0214025545,6.49363672,-0.608869579,0.547264084,1,"Geno_at_37"
"Polh","ENSMUSG00000023953.9",-0.0213949144,6.05404477,-0.58929322,0.560143841,1,"Geno_at_37"
"Krt222","ENSMUSG00000035849.14",0.0213727197,0.457385558,0.182857591,0.856158716,1,"Geno_at_37"
"Cryl1","ENSMUSG00000021947.11",-0.0213710034,3.51052399,-0.36594303,0.717014739,1,"Geno_at_37"
"Tspan17","ENSMUSG00000025875.14",-0.0213553434,2.22516146,-0.195630748,0.846238381,1,"Geno_at_37"
"Snhg4","ENSMUSG00000117869.1",-0.0213531393,5.38105253,-0.51721478,0.608856826,1,"Geno_at_37"
"Uggt1","ENSMUSG00000037470.14",0.0213529848,7.27660708,0.690794073,0.495086592,1,"Geno_at_37"
"Gm3470","ENSMUSG00000089659.2",0.0213492343,-0.863537813,0.252821579,0.802156784,1,"Geno_at_37"
"Paqr5","ENSMUSG00000032278.11",0.0213461999,0.0687416655,0.160012701,0.873959988,1,"Geno_at_37"
"Xrn1","ENSMUSG00000032410.13",-0.0213446266,6.62433311,-0.585789364,0.562465316,1,"Geno_at_37"
"Kif1c","ENSMUSG00000020821.17",0.0213378394,6.0984863,0.498305835,0.621957689,1,"Geno_at_37"
"Zap70","ENSMUSG00000026117.10",-0.0213375859,7.4773207,-0.534440209,0.597035971,1,"Geno_at_37"
"Kdf1","ENSMUSG00000037600.16",-0.0213332234,-0.543417246,-0.176006302,0.861489776,1,"Geno_at_37"
"Gm10802","ENSMUSG00000118027.1",-0.0213312481,-0.55049204,-0.171517929,0.864985844,1,"Geno_at_37"
"Spata1","ENSMUSG00000028188.13",0.0213268538,2.75792983,0.308715809,0.759704006,1,"Geno_at_37"
"Traf7","ENSMUSG00000052752.15",-0.0213231236,7.15498999,-0.807428845,0.425872103,1,"Geno_at_37"
"Tmem14c","ENSMUSG00000021361.7",-0.0213203555,6.5555148,-0.542547044,0.59151093,1,"Geno_at_37"
"Gm37033","ENSMUSG00000104388.1",0.0213177124,1.05408619,0.180584501,0.857926679,1,"Geno_at_37"
"Mrpl36","ENSMUSG00000021607.9",-0.0213120734,5.28951969,-0.499491588,0.621132379,1,"Geno_at_37"
"Itpk1","ENSMUSG00000057963.9",-0.0213117489,5.28241557,-0.516027621,0.609675529,1,"Geno_at_37"
"Gm12669","ENSMUSG00000100863.1",0.0213031794,5.83180782,0.636872842,0.529111617,1,"Geno_at_37"
"Opa1","ENSMUSG00000038084.16",0.021302898,6.52998089,0.642428686,0.525548808,1,"Geno_at_37"
"Med25","ENSMUSG00000002968.9",-0.021293938,6.1685735,-0.63018777,0.533415636,1,"Geno_at_37"
"Slc4a2","ENSMUSG00000028962.14",0.0212939062,6.17969348,0.669840281,0.50816112,1,"Geno_at_37"
"Pigo","ENSMUSG00000028454.16",-0.0212785013,5.80325032,-0.572261677,0.571473646,1,"Geno_at_37"
"Trappc13","ENSMUSG00000021711.17",0.0212784918,5.51465742,0.553456678,0.584114921,1,"Geno_at_37"
"Rbm27","ENSMUSG00000024491.16",0.0212784367,6.78545127,0.713487858,0.481142038,1,"Geno_at_37"
"Git1","ENSMUSG00000011877.13",-0.0212772984,6.98085405,-0.629434901,0.533901516,1,"Geno_at_37"
"Gm17088","ENSMUSG00000091438.1",-0.0212757907,-0.452440857,-0.161343935,0.872920722,1,"Geno_at_37"
"Armc1","ENSMUSG00000027599.9",-0.0212751767,5.94047073,-0.571417479,0.572038197,1,"Geno_at_37"
"Ccdc61","ENSMUSG00000074358.9",-0.0212741408,4.11683452,-0.331091327,0.742912254,1,"Geno_at_37"
"Gm9364","ENSMUSG00000106059.1",-0.0212672589,-0.505881694,-0.208378265,0.836363443,1,"Geno_at_37"
"Cdh1","ENSMUSG00000000303.12",-0.0212626843,1.7551948,-0.158194565,0.875422456,1,"Geno_at_37"
"Dynll1","ENSMUSG00000009013.5",0.0212626143,6.77976597,0.479380022,0.635232698,1,"Geno_at_37"
"Rnf10","ENSMUSG00000041740.16",-0.0212615401,7.71142157,-0.620493577,0.539689904,1,"Geno_at_37"
"Tcf12","ENSMUSG00000032228.16",-0.0212563247,6.70778142,-0.529733884,0.600254754,1,"Geno_at_37"
"Gm12918","ENSMUSG00000066315.9",0.0212459689,7.43425915,0.544304025,0.590316761,1,"Geno_at_37"
"Ncoa1","ENSMUSG00000020647.10",0.0212333567,5.43424673,0.497401091,0.622587747,1,"Geno_at_37"
"Ncaph2","ENSMUSG00000008690.15",0.0212326702,7.90551875,0.717816798,0.478507801,1,"Geno_at_37"
"Gm34342","ENSMUSG00000102158.1",0.0212297436,-0.957524858,0.300998283,0.765523856,1,"Geno_at_37"
"Gimap6","ENSMUSG00000047867.11",-0.0212176954,6.47009999,-0.497947371,0.622207287,1,"Geno_at_37"
"Gm22204","ENSMUSG00000084603.1",0.0212176432,0.0190595039,0.154026851,0.878635817,1,"Geno_at_37"
"Lsm12","ENSMUSG00000020922.11",0.0212157102,6.29135178,0.591527598,0.55866601,1,"Geno_at_37"
"Gm5590","ENSMUSG00000046372.4",-0.0212152712,-0.635331744,-0.209188047,0.835737037,1,"Geno_at_37"
"Gm22572","ENSMUSG00000064919.1",0.0212150438,0.244655122,0.169623713,0.866462119,1,"Geno_at_37"
"Gm14117","ENSMUSG00000042938.8",-0.0212114781,2.84852209,-0.281407811,0.780359099,1,"Geno_at_37"
"Sec23a","ENSMUSG00000020986.13",0.0212094174,5.0338733,0.455410881,0.652142811,1,"Geno_at_37"
"Gm5242","ENSMUSG00000117729.1",-0.0212072581,-0.614849019,-0.215473975,0.830878325,1,"Geno_at_37"
"Rbm41","ENSMUSG00000031433.15",0.021197391,4.28304081,0.440435456,0.662827266,1,"Geno_at_37"
"Jagn1","ENSMUSG00000051256.10",0.0211835011,4.94689851,0.508305545,0.615013431,1,"Geno_at_37"
"Creb1","ENSMUSG00000025958.14",0.0211803472,7.07081507,0.649449083,0.521065339,1,"Geno_at_37"
"Furin","ENSMUSG00000030530.15",0.0211788958,8.81154734,0.358029401,0.724287563,1,"Geno_at_37"
"Bcr","ENSMUSG00000009681.10",-0.0211767365,5.27418254,-0.544650689,0.590081282,1,"Geno_at_37"
"Gm4735","ENSMUSG00000064193.8",-0.0211755407,7.90739053,-0.331231704,0.744135721,1,"Geno_at_37"
"Prkar2b","ENSMUSG00000002997.15",-0.0211695172,3.24482914,-0.326655617,0.746231139,1,"Geno_at_37"
"Ppm1b","ENSMUSG00000061130.13",0.0211661394,6.6315288,0.69641188,0.491613626,1,"Geno_at_37"
"Mcm10","ENSMUSG00000026669.14",0.0211565994,6.67497835,0.530641009,0.599633705,1,"Geno_at_37"
"Ptcd2","ENSMUSG00000021650.7",-0.0211509937,5.44512445,-0.577322533,0.568095092,1,"Geno_at_37"
"Kdm6bos","ENSMUSG00000085178.1",-0.0211462211,0.897710685,-0.142851665,0.887377073,1,"Geno_at_37"
"Hspa13","ENSMUSG00000032932.15",0.0211414358,4.76057122,0.47703747,0.636845031,1,"Geno_at_37"
"Naa30","ENSMUSG00000036282.15",-0.0211319162,6.26954077,-0.562768214,0.577838326,1,"Geno_at_37"
"Gm37969","ENSMUSG00000102577.1",-0.0211276871,-0.725896498,-0.228059785,0.821170704,1,"Geno_at_37"
"Gm17827","ENSMUSG00000110612.1",0.0211243911,-0.563551667,0.212516249,0.833163667,1,"Geno_at_37"
"H2-Q4","ENSMUSG00000035929.11",-0.021121236,6.89405732,-0.245441599,0.809049922,1,"Geno_at_37"
"Dhrs4","ENSMUSG00000022210.7",0.021100963,4.98546939,0.363097031,0.719117247,1,"Geno_at_37"
"Itk","ENSMUSG00000020395.13",0.021093973,8.55070286,0.60820568,0.547698344,1,"Geno_at_37"
"Tyk2","ENSMUSG00000032175.11",-0.0210806731,6.0103489,-0.631005182,0.532888368,1,"Geno_at_37"
"Cst7","ENSMUSG00000068129.5",-0.0210795078,3.96239774,-0.278821821,0.782329425,1,"Geno_at_37"
"Dhfr","ENSMUSG00000021707.5",0.021075178,6.27110121,0.533546312,0.597646696,1,"Geno_at_37"
"Hspa9","ENSMUSG00000024359.10",0.0210748804,9.20425855,0.754494427,0.456524187,1,"Geno_at_37"
"Dennd4b","ENSMUSG00000042404.16",0.0210730109,6.44423029,0.414842149,0.681585851,1,"Geno_at_37"
"Zfp768","ENSMUSG00000047371.7",-0.0210681214,2.49545255,-0.259395727,0.797128776,1,"Geno_at_37"
"Mex3c","ENSMUSG00000037253.8",-0.0210605373,7.02692869,-0.234371471,0.817534053,1,"Geno_at_37"
"Rps2-ps7","ENSMUSG00000116825.1",0.0210592956,-0.589512126,0.203622927,0.840044115,1,"Geno_at_37"
"Rnf152","ENSMUSG00000047496.6",0.0210589619,1.61305338,0.156585166,0.87664745,1,"Geno_at_37"
"Bhlhe40","ENSMUSG00000030103.11",0.0210552772,8.22502479,0.213264277,0.833760391,1,"Geno_at_37"
"Zc3h14","ENSMUSG00000021012.16",-0.0210525241,7.06940049,-0.713507295,0.481130192,1,"Geno_at_37"
"Gm14377","ENSMUSG00000109501.1",-0.021050971,1.01004087,-0.177710958,0.860162735,1,"Geno_at_37"
"Rpgrip1l","ENSMUSG00000033282.14",0.0210448322,3.4942853,0.276134545,0.784367045,1,"Geno_at_37"
"Gm9830","ENSMUSG00000094437.2",-0.0210344263,2.77114571,-0.27818209,0.782810087,1,"Geno_at_37"
"Ccdc25","ENSMUSG00000022035.6",0.0210309732,5.73852879,0.628072789,0.53478118,1,"Geno_at_37"
"Card6","ENSMUSG00000041849.7",-0.0210258037,6.14861117,-0.409719303,0.685199188,1,"Geno_at_37"
"Igfbp2","ENSMUSG00000039323.18",0.0210252822,-0.937531397,0.267262015,0.791124148,1,"Geno_at_37"
"Znfx1","ENSMUSG00000039501.14",0.0210251846,5.69955946,0.51788586,0.608394256,1,"Geno_at_37"
"Ccdc130","ENSMUSG00000004994.12",-0.021022311,3.31637581,-0.254244169,0.801068028,1,"Geno_at_37"
"Myb","ENSMUSG00000019982.15",-0.0210100461,6.6837128,-0.328179561,0.746130822,1,"Geno_at_37"
"Tomm40","ENSMUSG00000002984.17",0.0209942016,6.67581454,0.642320961,0.525617767,1,"Geno_at_37"
"Hspa1l","ENSMUSG00000007033.4",0.0209926609,0.223368021,0.16266862,0.871886797,1,"Geno_at_37"
"Hsdl2","ENSMUSG00000028383.17",-0.0209917549,5.45465407,-0.559206327,0.580235332,1,"Geno_at_37"
"Cyb5rl","ENSMUSG00000028621.17",-0.0209871571,2.78189315,-0.246973485,0.806636755,1,"Geno_at_37"
"Rbm12b2","ENSMUSG00000052137.11",0.0209861035,4.25917832,0.363902769,0.718521772,1,"Geno_at_37"
"Gm7908","ENSMUSG00000115602.1",0.0209820593,2.51364308,0.291160048,0.772963134,1,"Geno_at_37"
"Tbrg1","ENSMUSG00000011114.18",-0.0209815951,6.0895031,-0.623285347,0.53787904,1,"Geno_at_37"
"Nsmce2","ENSMUSG00000059586.10",-0.0209808558,4.9184058,-0.445561699,0.659161593,1,"Geno_at_37"
"Zfp820","ENSMUSG00000069743.5",0.0209733752,-0.0214681147,0.169557591,0.86651366,1,"Geno_at_37"
"Ythdf3","ENSMUSG00000047213.14",0.0209733219,7.12118828,0.738146325,0.466248351,1,"Geno_at_37"
"Brd1","ENSMUSG00000022387.17",0.0209717054,7.41446341,0.5134515,0.611453872,1,"Geno_at_37"
"Zfp27","ENSMUSG00000062040.14",-0.0209662405,3.27201409,-0.302408082,0.764459664,1,"Geno_at_37"
"Gm26640","ENSMUSG00000097569.2",-0.0209654045,-0.794804656,-0.212197025,0.83341041,1,"Geno_at_37"
"Hc","ENSMUSG00000026874.10",0.0209648956,-0.261342482,0.172192383,0.864460322,1,"Geno_at_37"
"Parg","ENSMUSG00000021911.16",0.0209617364,6.21115935,0.66251322,0.512777554,1,"Geno_at_37"
"Phf20l1","ENSMUSG00000072501.5",0.0209599752,7.70423827,0.638019045,0.528375533,1,"Geno_at_37"
"Hrob","ENSMUSG00000034773.16",-0.0209581466,5.24271945,-0.448915899,0.656767717,1,"Geno_at_37"
"Hmgcs1","ENSMUSG00000093930.2",-0.0209523629,8.5466225,-0.247537052,0.807533146,1,"Geno_at_37"
"Rcc2","ENSMUSG00000040945.13",-0.0209433407,9.35608469,-0.632710892,0.531789002,1,"Geno_at_37"
"Trav14n-3","ENSMUSG00000076824.3",0.020935467,2.24916303,0.249450833,0.804738143,1,"Geno_at_37"
"Eif4g1","ENSMUSG00000045983.16",0.0209270246,9.63998514,0.803743867,0.427964222,1,"Geno_at_37"
"Elof1","ENSMUSG00000013822.7",-0.0209190423,5.53050644,-0.424031808,0.674613983,1,"Geno_at_37"
"Mrps15","ENSMUSG00000028861.13",-0.0209189073,5.37437833,-0.504725181,0.61749568,1,"Geno_at_37"
"Glod4","ENSMUSG00000017286.15",0.0209168094,5.74107917,0.569328451,0.573436416,1,"Geno_at_37"
"Gm28085","ENSMUSG00000100931.1",0.0209043921,0.0646356869,0.178487771,0.859558138,1,"Geno_at_37"
"Hdac9","ENSMUSG00000004698.11",0.0208868101,-0.496323914,0.214584323,0.831565574,1,"Geno_at_37"
"Hs2st1","ENSMUSG00000040151.9",0.0208798166,4.51361632,0.473994214,0.638988097,1,"Geno_at_37"
"Hesx1","ENSMUSG00000040726.10",-0.020876112,-0.250612055,-0.164793753,0.870228598,1,"Geno_at_37"
"Rpap3","ENSMUSG00000022466.6",0.0208724786,5.36166538,0.522522686,0.605202633,1,"Geno_at_37"
"Gm23421","ENSMUSG00000096022.1",0.02085683,-0.738284386,0.199664375,0.843110879,1,"Geno_at_37"
"Acadsb","ENSMUSG00000030861.15",-0.0208561651,5.46302545,-0.508745046,0.614709045,1,"Geno_at_37"
"Epb41l1","ENSMUSG00000027624.20",0.0208549419,2.05215958,0.221202426,0.826456422,1,"Geno_at_37"
"Gm7979","ENSMUSG00000113859.1",-0.0208485061,0.0423628797,-0.150349549,0.881510551,1,"Geno_at_37"
"Gm38091","ENSMUSG00000103247.1",-0.0208417252,-0.613576437,-0.216974742,0.829719303,1,"Geno_at_37"
"Zfp106","ENSMUSG00000027288.16",0.0208401635,8.29333462,0.823456536,0.416845747,1,"Geno_at_37"
"Rpl36a","ENSMUSG00000079435.9",-0.0208398788,4.55800775,-0.457509867,0.65065117,1,"Geno_at_37"
"Taf11","ENSMUSG00000024218.13",-0.0208372694,5.21734847,-0.549794826,0.586592365,1,"Geno_at_37"
"Yipf6","ENSMUSG00000047694.12",0.0208364851,5.81904609,0.466099035,0.644562657,1,"Geno_at_37"
"Gm15893","ENSMUSG00000085246.1",-0.020820434,-0.037868737,-0.190943949,0.849875522,1,"Geno_at_37"
"Ankrd24","ENSMUSG00000054708.17",-0.0208137043,2.82938106,-0.249848772,0.804433278,1,"Geno_at_37"
"Mastl","ENSMUSG00000026779.6",-0.0208078728,5.55811379,-0.489389073,0.628179911,1,"Geno_at_37"
"Ppm1k","ENSMUSG00000037826.5",-0.0207752765,4.21601284,-0.318081869,0.752660185,1,"Geno_at_37"
"Gm17090","ENSMUSG00000090322.1",-0.02077219,-0.34104027,-0.172068275,0.864557019,1,"Geno_at_37"
"Car14","ENSMUSG00000038526.14",-0.0207695138,-0.246534787,-0.206543104,0.837783432,1,"Geno_at_37"
"Gm6055","ENSMUSG00000062081.6",0.0207661254,5.31987281,0.474696605,0.638493189,1,"Geno_at_37"
"Bub3","ENSMUSG00000066979.6",-0.0207594588,7.40284345,-0.620335186,0.53979274,1,"Geno_at_37"
"Cenph","ENSMUSG00000045273.8",0.0207547002,5.17615927,0.438365026,0.664310206,1,"Geno_at_37"
"Gm37784","ENSMUSG00000102525.1",0.0207489263,0.589775779,0.154618967,0.878173086,1,"Geno_at_37"
"Emc1","ENSMUSG00000078517.12",0.0207387331,6.21539846,0.63481291,0.530435871,1,"Geno_at_37"
"Ugp2","ENSMUSG00000001891.16",-0.0207355667,6.08349936,-0.530779712,0.599538771,1,"Geno_at_37"
"Anxa4","ENSMUSG00000029994.17",-0.0207231548,5.45106721,-0.401241632,0.691129449,1,"Geno_at_37"
"Igsf3","ENSMUSG00000042035.11",-0.0207183463,2.83779181,-0.248574119,0.805409909,1,"Geno_at_37"
"Vps13b","ENSMUSG00000037646.10",0.0207143569,6.33015273,0.621122118,0.539281925,1,"Geno_at_37"
"Trbv12-1","ENSMUSG00000095574.2",0.0207137722,1.85803768,0.189628027,0.850897337,1,"Geno_at_37"
"Memo1","ENSMUSG00000058704.9",-0.0207107946,6.74592955,-0.607417837,0.548213909,1,"Geno_at_37"
"Nup133","ENSMUSG00000039509.8",0.0207096583,6.16202266,0.470456714,0.641483199,1,"Geno_at_37"
"Nudt1","ENSMUSG00000036639.12",-0.0206993171,4.86044152,-0.512970475,0.6117862,1,"Geno_at_37"
"Anp32a","ENSMUSG00000032249.14",0.0206892195,8.63886547,0.656332533,0.516689511,1,"Geno_at_37"
"Gm49730","ENSMUSG00000116639.1",0.0206888238,-0.183045836,0.177709689,0.860163722,1,"Geno_at_37"
"Alkbh5","ENSMUSG00000042650.3",0.0206876706,7.47171713,0.420451651,0.67779388,1,"Geno_at_37"
"Mrnip","ENSMUSG00000020381.10",-0.020687448,2.06287622,-0.199410183,0.843307892,1,"Geno_at_37"
"Slc7a1","ENSMUSG00000041313.14",0.0206855494,7.96313787,0.466315959,0.644792706,1,"Geno_at_37"
"Mbd2","ENSMUSG00000024513.16",-0.0206853398,7.63273678,-0.678005868,0.503043495,1,"Geno_at_37"
"Tgif1","ENSMUSG00000047407.17",-0.0206845701,6.36407333,-0.235281475,0.816767514,1,"Geno_at_37"
"Nmt2","ENSMUSG00000026643.16",-0.0206776629,7.6666659,-0.585232512,0.562834708,1,"Geno_at_37"
"Anks3","ENSMUSG00000022515.6",-0.0206774429,5.23815233,-0.536083721,0.595913877,1,"Geno_at_37"
"Bcl10","ENSMUSG00000028191.11",-0.0206763404,5.83413951,-0.415667577,0.680665412,1,"Geno_at_37"
"Gm43245","ENSMUSG00000106459.1",0.0206749969,0.0426606034,0.123966499,0.902252582,1,"Geno_at_37"
"Zbtb48","ENSMUSG00000028952.12",0.0206721387,4.15587533,0.404832122,0.688516971,1,"Geno_at_37"
"Gpn3","ENSMUSG00000029464.10",-0.0206702832,5.08825206,-0.509136753,0.614437819,1,"Geno_at_37"
"Gm4880","ENSMUSG00000109355.1",-0.0206687465,-0.420904715,-0.212274033,0.833350886,1,"Geno_at_37"
"Stim1","ENSMUSG00000030987.5",0.0206638337,6.10100504,0.560358228,0.579459614,1,"Geno_at_37"
"Gm4596","ENSMUSG00000082394.1",-0.0206503448,4.81652157,-0.42547345,0.673574675,1,"Geno_at_37"
"Gm14586","ENSMUSG00000083621.1",-0.0206476475,8.27899479,-0.612426522,0.544940524,1,"Geno_at_37"
"Snora34","ENSMUSG00000065336.1",-0.0206466634,-0.312017642,-0.161274666,0.872974793,1,"Geno_at_37"
"Rab9","ENSMUSG00000079316.10",-0.0206323838,4.84920697,-0.525267706,0.603316904,1,"Geno_at_37"
"Gm43461","ENSMUSG00000107336.1",-0.0206226938,0.876505612,-0.192483428,0.848680451,1,"Geno_at_37"
"Fam91a1","ENSMUSG00000037119.4",0.0206222518,7.07800725,0.578608464,0.567238226,1,"Geno_at_37"
"Slc25a43","ENSMUSG00000037636.6",-0.0206199342,-0.596984579,-0.164799473,0.870224135,1,"Geno_at_37"
"Zc3h12a","ENSMUSG00000042677.7",0.0206159105,5.06575865,0.258319846,0.798668589,1,"Geno_at_37"
"Imp4","ENSMUSG00000026127.13",-0.0206090444,6.52551056,-0.550204566,0.586314899,1,"Geno_at_37"
"Wdr3","ENSMUSG00000033285.15",-0.0205946497,7.09069086,-0.70446613,0.48665851,1,"Geno_at_37"
"Naa20","ENSMUSG00000002728.14",-0.0205915078,6.29612479,-0.544608221,0.590110126,1,"Geno_at_37"
"Osbpl8","ENSMUSG00000020189.15",0.020590783,6.72912359,0.531442165,0.59908546,1,"Geno_at_37"
"Hddc2","ENSMUSG00000000295.13",-0.0205881813,3.57183634,-0.336860394,0.738603239,1,"Geno_at_37"
"Atp5pb","ENSMUSG00000000563.17",-0.0205846966,7.94892573,-0.730273672,0.470973977,1,"Geno_at_37"
"Ttpal","ENSMUSG00000017679.16",0.0205845335,5.89813188,0.566684639,0.575208399,1,"Geno_at_37"
"Acbd4","ENSMUSG00000056938.16",0.0205815382,2.53222518,0.232822313,0.817504704,1,"Geno_at_37"
"Ptpra","ENSMUSG00000027303.18",0.0205768251,6.21810847,0.576630501,0.568556489,1,"Geno_at_37"
"Tsc22d1","ENSMUSG00000022010.19",0.0205665378,4.93358217,0.420563253,0.677117204,1,"Geno_at_37"
"Kyat3","ENSMUSG00000040213.13",0.0205665229,2.36912207,0.202130959,0.841199673,1,"Geno_at_37"
"Actl6a","ENSMUSG00000027671.14",0.0205663674,6.80025242,0.649039357,0.521326434,1,"Geno_at_37"
"Spen","ENSMUSG00000040761.16",0.0205638924,7.25493917,0.509694246,0.614051894,1,"Geno_at_37"
"Tgs1","ENSMUSG00000028233.6",0.0205621177,6.9567597,0.649808437,0.520836401,1,"Geno_at_37"
"Wdr59","ENSMUSG00000031959.15",-0.020560068,6.14885055,-0.541543809,0.592193323,1,"Geno_at_37"
"Mir29a","ENSMUSG00000065610.1",-0.0205593429,-0.682045804,-0.205943365,0.838247611,1,"Geno_at_37"
"Tnnt1","ENSMUSG00000064179.13",-0.0205572483,1.70516824,-0.199510387,0.843230228,1,"Geno_at_37"
"Atg4d","ENSMUSG00000002820.6",0.0205542255,5.01729314,0.411654988,0.683563357,1,"Geno_at_37"
"Sos1","ENSMUSG00000024241.7",0.0205530987,5.29537863,0.459123578,0.649505388,1,"Geno_at_37"
"Gm14681","ENSMUSG00000081603.1",-0.0205528609,8.86970962,-0.651149989,0.519982205,1,"Geno_at_37"
"Mospd2","ENSMUSG00000061778.10",-0.0205497577,4.62979942,-0.384944777,0.703035466,1,"Geno_at_37"
"Melk","ENSMUSG00000035683.13",-0.0205464717,5.98668819,-0.425398382,0.673628777,1,"Geno_at_37"
"Higd2a","ENSMUSG00000025868.6",-0.0205256599,4.96822082,-0.505702031,0.616817977,1,"Geno_at_37"
"Snrnp40","ENSMUSG00000074088.6",-0.0205229898,6.66387746,-0.601083713,0.552368101,1,"Geno_at_37"
"Kat2b","ENSMUSG00000000708.14",0.020520477,6.65647182,0.464566508,0.645647184,1,"Geno_at_37"
"Ppib","ENSMUSG00000032383.7",-0.0205180438,6.80866141,-0.589277066,0.560154532,1,"Geno_at_37"
"Dad1","ENSMUSG00000022174.8",-0.0205169387,6.47527414,-0.533951387,0.597369905,1,"Geno_at_37"
"Fbxw10","ENSMUSG00000090173.8",-0.0205107291,0.0625088684,-0.188385214,0.851862625,1,"Geno_at_37"
"Nxn","ENSMUSG00000020844.6",-0.020510616,3.62335557,-0.272091533,0.78744402,1,"Geno_at_37"
"Irf2bp1","ENSMUSG00000044030.4",-0.0204993892,5.03890573,-0.353000964,0.726600983,1,"Geno_at_37"
"A930002I21Rik","ENSMUSG00000050179.3",0.0204991173,-0.994875221,0.310182931,0.758599243,1,"Geno_at_37"
"Gm49891","ENSMUSG00000117251.1",0.0204991173,-0.981630353,0.301255769,0.765329457,1,"Geno_at_37"
"Fbxo10","ENSMUSG00000048232.12",-0.0204952967,1.88764282,-0.198250579,0.844206783,1,"Geno_at_37"
"Ddx51","ENSMUSG00000029504.5",0.020491235,5.45820222,0.505112865,0.617226678,1,"Geno_at_37"
"Jmjd1c","ENSMUSG00000037876.17",0.0204897029,7.82139272,0.637381912,0.528784628,1,"Geno_at_37"
"Acvr2b","ENSMUSG00000061393.14",0.0204820294,1.8485728,0.243308559,0.809447709,1,"Geno_at_37"
"Aar2","ENSMUSG00000027628.10",0.0204816565,5.04779421,0.447997942,0.657422492,1,"Geno_at_37"
"Efl1","ENSMUSG00000038563.14",-0.020480167,5.51643687,-0.532554626,0.598324581,1,"Geno_at_37"
"Calm1","ENSMUSG00000001175.16",-0.0204797687,9.43058884,-0.798095212,0.431183391,1,"Geno_at_37"
"Gm43097","ENSMUSG00000105175.1",0.0204673788,-0.00743089895,0.129463444,0.897903967,1,"Geno_at_37"
"Timm17a","ENSMUSG00000062580.9",0.0204545364,6.11400256,0.574340399,0.570084705,1,"Geno_at_37"
"Lrrn3","ENSMUSG00000036295.5",-0.0204495919,-0.582855361,-0.205033805,0.838951696,1,"Geno_at_37"
"Gm42600","ENSMUSG00000107278.1",0.0204432288,1.89309107,0.20809426,0.83658316,1,"Geno_at_37"
"Gabbr1","ENSMUSG00000024462.17",-0.0204423469,6.27449521,-0.344881499,0.733334973,1,"Geno_at_37"
"1700037C18Rik","ENSMUSG00000005983.15",0.0204369494,1.80145267,0.220682546,0.826857491,1,"Geno_at_37"
"Dnajb11","ENSMUSG00000004460.17",0.020428357,7.14072257,0.610336552,0.546305165,1,"Geno_at_37"
"Gm45224","ENSMUSG00000109448.1",0.0204272126,0.531803202,0.18353808,0.855629592,1,"Geno_at_37"
"Dcun1d3","ENSMUSG00000048787.13",0.0204166493,3.24866717,0.290381293,0.773552946,1,"Geno_at_37"
"Acad10","ENSMUSG00000029456.12",0.020408645,2.35588066,0.224944738,0.82357077,1,"Geno_at_37"
"Cdkn2aip","ENSMUSG00000038069.6",0.0204065185,5.20217326,0.394573896,0.695991215,1,"Geno_at_37"
"Tmem101","ENSMUSG00000020921.6",-0.0204049962,3.95613495,-0.379574909,0.706975555,1,"Geno_at_37"
"Snph","ENSMUSG00000027457.15",-0.0203973088,-0.803740127,-0.22512584,0.823431187,1,"Geno_at_37"
"Mylk2","ENSMUSG00000027470.9",-0.0203801275,-0.934220262,-0.267877036,0.790655224,1,"Geno_at_37"
"Arpc5","ENSMUSG00000008475.13",-0.020377144,8.2894732,-0.75057785,0.458842868,1,"Geno_at_37"
"Prrg2","ENSMUSG00000007837.11",-0.0203770616,1.75871765,-0.224837724,0.823653252,1,"Geno_at_37"
"Adgrf3","ENSMUSG00000067642.11",0.0203634132,0.743503345,0.156794533,0.876473287,1,"Geno_at_37"
"Cdv3","ENSMUSG00000032803.15",0.0203609611,8.17268916,0.476057301,0.63784669,1,"Geno_at_37"
"Slc19a2","ENSMUSG00000040918.12",0.0203583184,5.08000399,0.460454623,0.648560961,1,"Geno_at_37"
"Hcfc1","ENSMUSG00000031386.14",0.0203532118,8.96347624,0.776563655,0.443588934,1,"Geno_at_37"
"Gphn","ENSMUSG00000047454.12",0.0203485076,6.03513669,0.528194891,0.601309101,1,"Geno_at_37"
"Acvr2a","ENSMUSG00000052155.5",0.0203483503,5.5320423,0.382072304,0.705182799,1,"Geno_at_37"
"Uvrag","ENSMUSG00000035354.9",0.0203482367,5.35363912,0.555110746,0.582997535,1,"Geno_at_37"
"Prxl2a","ENSMUSG00000021792.15",0.0203437179,3.43121362,0.232806827,0.817532605,1,"Geno_at_37"
"Terf2ip","ENSMUSG00000033430.10",0.0203354392,4.75388014,0.436622033,0.665559692,1,"Geno_at_37"
"4732440D04Rik","ENSMUSG00000090031.2",0.0203283062,2.55702292,0.24800675,0.805844725,1,"Geno_at_37"
"Maz","ENSMUSG00000030678.7",-0.0203222504,8.60077154,-0.64161203,0.526071697,1,"Geno_at_37"
"Dnah7a","ENSMUSG00000096141.2",0.020321582,4.63608837,0.156363437,0.877601183,1,"Geno_at_37"
"Dipk1a","ENSMUSG00000029270.10",-0.0203123052,4.31437441,-0.435310146,0.666500779,1,"Geno_at_37"
"Taf5","ENSMUSG00000025049.6",0.02030979,5.26416119,0.461553566,0.647781668,1,"Geno_at_37"
"Parp9","ENSMUSG00000022906.15",0.0203075231,6.52952315,0.417808683,0.679333936,1,"Geno_at_37"
"Gpat4","ENSMUSG00000031545.6",0.0203022336,6.93485152,0.724745335,0.474308954,1,"Geno_at_37"
"Gm44317","ENSMUSG00000108282.1",0.0203015018,-0.810876974,0.22667097,0.822240535,1,"Geno_at_37"
"Smarcc2","ENSMUSG00000025369.15",0.0202970618,7.90071573,0.661995586,0.513104558,1,"Geno_at_37"
"Cdk6","ENSMUSG00000040274.11",0.0202966597,8.48917359,0.358434988,0.723802514,1,"Geno_at_37"
"Ctse","ENSMUSG00000004552.16",-0.020294783,2.58776225,-0.258039404,0.798165396,1,"Geno_at_37"
"Pak4","ENSMUSG00000030602.13",0.0202897343,4.33278764,0.380955742,0.705961588,1,"Geno_at_37"
"Slc7a6os","ENSMUSG00000033106.6",0.0202896968,5.79132468,0.551491818,0.58544362,1,"Geno_at_37"
"Mier2","ENSMUSG00000042570.14",0.020285585,5.06071866,0.424508753,0.674270072,1,"Geno_at_37"
"Senp6","ENSMUSG00000034252.14",0.0202830881,7.60656693,0.704836386,0.486431407,1,"Geno_at_37"
"Ptbp1","ENSMUSG00000006498.16",-0.0202808354,8.97584059,-0.589942978,0.559713881,1,"Geno_at_37"
"Vegfb","ENSMUSG00000024962.13",-0.0202778954,3.23540172,-0.289690306,0.774076399,1,"Geno_at_37"
"Qdpr","ENSMUSG00000015806.12",0.0202761808,5.23644979,0.545020198,0.589830334,1,"Geno_at_37"
"Wipf1","ENSMUSG00000075284.10",0.0202741929,7.07373209,0.589533451,0.559984855,1,"Geno_at_37"
"Wbp11","ENSMUSG00000030216.12",-0.0202736271,7.33295404,-0.669122874,0.508612111,1,"Geno_at_37"
"Snora17","ENSMUSG00000077192.3",0.020272507,2.38114034,0.228146119,0.821104211,1,"Geno_at_37"
"Rpusd2","ENSMUSG00000027324.1",-0.0202725014,4.1865755,-0.442794332,0.66113942,1,"Geno_at_37"
"Iqcf2","ENSMUSG00000118396.2",0.0202652631,-0.973837671,0.296523573,0.768904681,1,"Geno_at_37"
"Nasp","ENSMUSG00000028693.15",0.0202645119,8.00290634,0.614455344,0.543617513,1,"Geno_at_37"
"Larp1b","ENSMUSG00000025762.16",-0.0202551913,6.12853456,-0.525748618,0.602986821,1,"Geno_at_37"
"Ngf","ENSMUSG00000027859.10",0.0202545282,-0.420946133,0.153245505,0.879246496,1,"Geno_at_37"
"Dtd1","ENSMUSG00000027430.12",-0.0202531685,3.77807543,-0.338211221,0.737595524,1,"Geno_at_37"
"Gm47572","ENSMUSG00000112922.1",0.0202513085,1.63693542,0.158921466,0.874812064,1,"Geno_at_37"
"Nap1l5","ENSMUSG00000055430.4",-0.0202471288,0.44188615,-0.118840747,0.906271924,1,"Geno_at_37"
"Omg","ENSMUSG00000049612.10",0.0202437381,-0.555421314,0.186697458,0.853173872,1,"Geno_at_37"
"Gm45234","ENSMUSG00000107478.1",0.0202417845,-0.564135526,0.146924351,0.884215132,1,"Geno_at_37"
"1600023N17Rik","ENSMUSG00000104986.1",-0.0202376089,-0.451184196,-0.205896653,0.838283767,1,"Geno_at_37"
"Fbxl13","ENSMUSG00000048520.16",0.0202263438,-0.0205343521,0.185438672,0.854152123,1,"Geno_at_37"
"Cox7a1","ENSMUSG00000074218.3",0.0202257921,0.74117482,0.194821375,0.846866243,1,"Geno_at_37"
"Plek","ENSMUSG00000020120.15",0.0202245577,6.31119974,0.335464098,0.74039059,1,"Geno_at_37"
"Ints1","ENSMUSG00000029547.10",0.020211167,7.24453472,0.597462989,0.554750005,1,"Geno_at_37"
"Fam120b","ENSMUSG00000014763.8",0.0202103317,5.66850533,0.546729753,0.588669985,1,"Geno_at_37"
"Carm1","ENSMUSG00000032185.15",-0.020210202,6.3966148,-0.618850372,0.540757257,1,"Geno_at_37"
"Shisa5","ENSMUSG00000025647.16",-0.0202082263,9.72624513,-0.835477797,0.410154159,1,"Geno_at_37"
"Thap2","ENSMUSG00000020137.5",-0.0201950306,4.8294189,-0.392435316,0.697553355,1,"Geno_at_37"
"Vwa5a","ENSMUSG00000023186.14",0.0201930029,5.24528569,0.378437588,0.707811118,1,"Geno_at_37"
"Tbpl1","ENSMUSG00000071359.13",-0.0201921825,5.31277727,-0.457559408,0.650615981,1,"Geno_at_37"
"Ndufa12-ps","ENSMUSG00000080893.1",-0.0201866229,4.46352838,-0.333474054,0.741131519,1,"Geno_at_37"
"Zfp609","ENSMUSG00000040524.9",0.0201822972,6.62363774,0.43969233,0.663440913,1,"Geno_at_37"
"Uvssa","ENSMUSG00000037355.14",-0.0201798133,4.4201933,-0.415011413,0.681131717,1,"Geno_at_37"
"Zdhhc3","ENSMUSG00000025786.17",0.0201790721,6.80264381,0.660914313,0.513787996,1,"Geno_at_37"
"Csrnp1","ENSMUSG00000032515.8",0.0201789741,7.05100875,0.157682834,0.876650573,1,"Geno_at_37"
"Sgo1","ENSMUSG00000023940.14",0.0201742004,6.62224912,0.668683212,0.508888608,1,"Geno_at_37"
"Nup37","ENSMUSG00000035351.16",0.0201735021,5.34626946,0.490932623,0.627100796,1,"Geno_at_37"
"Dhps","ENSMUSG00000060038.14",0.0201734048,5.00272424,0.405739872,0.6878571,1,"Geno_at_37"
"Abraxas2","ENSMUSG00000030965.19",0.0201721184,5.13309912,0.524306342,0.60397701,1,"Geno_at_37"
"Tafa3","ENSMUSG00000055865.8",0.0201573573,2.84941873,0.251970236,0.80280854,1,"Geno_at_37"
"Ryk","ENSMUSG00000032547.12",0.020154016,4.07873823,0.327839803,0.74534462,1,"Geno_at_37"
"Pbxip1","ENSMUSG00000042613.9",-0.0201496276,5.65585172,-0.305629225,0.762679682,1,"Geno_at_37"
"Ado","ENSMUSG00000057134.6",0.0201479614,5.30980274,0.444312691,0.660053946,1,"Geno_at_37"
"Tmem243","ENSMUSG00000079659.5",0.0201470592,4.19422106,0.311000776,0.757983618,1,"Geno_at_37"
"Rsf1os1","ENSMUSG00000086433.1",0.0201400106,-0.439638535,0.165162209,0.869941159,1,"Geno_at_37"
"Asf1b","ENSMUSG00000005470.8",0.0201389174,6.3916191,0.529886429,0.600150295,1,"Geno_at_37"
"Atp1b1","ENSMUSG00000026576.12",-0.0201348767,7.89421033,-0.395849396,0.695885318,1,"Geno_at_37"
"Padi3","ENSMUSG00000025328.9",-0.0201316905,-0.859322719,-0.203911946,0.839820306,1,"Geno_at_37"
"Gm21992","ENSMUSG00000096370.8",0.0201236927,1.2324606,0.173441428,0.863487255,1,"Geno_at_37"
"Gm11814","ENSMUSG00000084215.3",-0.0201172033,1.88730387,-0.18376396,0.855453971,1,"Geno_at_37"
"Gm43072","ENSMUSG00000106092.1",-0.0201133661,0.0562093005,-0.148725912,0.882780355,1,"Geno_at_37"
"Thap6","ENSMUSG00000102644.5",-0.0201106112,3.31283307,-0.301336914,0.765268196,1,"Geno_at_37"
"Isca1","ENSMUSG00000044792.7",-0.0201099418,5.06189164,-0.399312742,0.69253453,1,"Geno_at_37"
"Pitpnm2os2","ENSMUSG00000089842.2",-0.0201072888,0.0998561351,-0.157860117,0.87564095,1,"Geno_at_37"
"Acvrl1","ENSMUSG00000000530.16",0.0201067328,4.08984795,0.21625628,0.830705211,1,"Geno_at_37"
"Xrcc5","ENSMUSG00000026187.9",-0.0200978662,6.18215119,-0.547752793,0.587976133,1,"Geno_at_37"
"Alg12","ENSMUSG00000035845.17",-0.0200921833,3.93492923,-0.366866184,0.716333233,1,"Geno_at_37"
"Bud13","ENSMUSG00000032077.5",0.020087031,4.91185389,0.458634778,0.649852358,1,"Geno_at_37"
"Gm10288","ENSMUSG00000070343.3",-0.0200861551,8.92776632,-0.712820017,0.48154917,1,"Geno_at_37"
"Gm2115","ENSMUSG00000097789.2",0.0200860033,-0.882242637,0.243499943,0.809300856,1,"Geno_at_37"
"Uchl3","ENSMUSG00000022111.9",-0.0200845745,4.86121067,-0.44589166,0.658925939,1,"Geno_at_37"
"Eif2ak1","ENSMUSG00000029613.15",0.0200747561,6.07619761,0.677138633,0.503585656,1,"Geno_at_37"
"Dph5","ENSMUSG00000033554.17",0.0200691104,4.81867778,0.447463965,0.657803502,1,"Geno_at_37"
"Gpd1","ENSMUSG00000023019.12",-0.0200595915,-0.0664143006,-0.161051667,0.87314887,1,"Geno_at_37"
"Sh3tc1","ENSMUSG00000036553.16",-0.020050425,0.790312543,-0.158017195,0.875518267,1,"Geno_at_37"
"Cct5","ENSMUSG00000022234.15",-0.0200495661,8.96226574,-0.71071692,0.482832552,1,"Geno_at_37"
"AL928965.1","ENSMUSG00000118593.1",-0.0200419777,-0.629800595,-0.16731025,0.868265802,1,"Geno_at_37"
"Stk10","ENSMUSG00000020272.8",0.0200403288,7.41715249,0.648805265,0.521475639,1,"Geno_at_37"
"Scarb1","ENSMUSG00000037936.15",0.0200263261,6.22267655,0.503369997,0.618436425,1,"Geno_at_37"
"AU022252","ENSMUSG00000078584.9",0.0200228846,4.31973195,0.343949536,0.73332005,1,"Geno_at_37"
"Ergic1","ENSMUSG00000001576.15",-0.0200202221,6.86827936,-0.71123934,0.482513571,1,"Geno_at_37"
"Rpf1","ENSMUSG00000028187.10",0.0200183062,6.23355499,0.538280557,0.594415586,1,"Geno_at_37"
"Ormdl2","ENSMUSG00000025353.5",0.0200172125,4.19185221,0.394659462,0.69592874,1,"Geno_at_37"
"Dnajb5","ENSMUSG00000036052.14",0.0200120313,5.7177383,0.44870858,0.656915572,1,"Geno_at_37"
"Msn","ENSMUSG00000031207.16",-0.0200069623,9.93236195,-0.820457715,0.418525524,1,"Geno_at_37"
"Tmem30b","ENSMUSG00000034435.6",-0.0200068176,-0.38157891,-0.178630828,0.859446806,1,"Geno_at_37"
"Atp2a2","ENSMUSG00000029467.15",0.0200042439,9.08182203,0.634995331,0.530318528,1,"Geno_at_37"
"Gm13184","ENSMUSG00000085043.1",0.0200036296,-0.559036124,0.16945767,0.86659155,1,"Geno_at_37"
"Gm12165","ENSMUSG00000082870.1",-0.0200019144,-0.42053695,-0.184870591,0.854593678,1,"Geno_at_37"
"Ccdc17","ENSMUSG00000034035.18",-0.0199979495,1.90692388,-0.197930954,0.844454584,1,"Geno_at_37"
"Chd4","ENSMUSG00000063870.12",0.0199978446,9.72699467,0.627741365,0.534995333,1,"Geno_at_37"
"Gm12445","ENSMUSG00000081483.1",0.0199960542,3.63566369,0.306429226,0.761426864,1,"Geno_at_37"
"Arnt","ENSMUSG00000015522.18",-0.0199923074,6.6354213,-0.71380986,0.480945809,1,"Geno_at_37"
"Gm22079","ENSMUSG00000088217.1",0.0199800926,-0.312369313,0.153418007,0.879111666,1,"Geno_at_37"
"Zfp850","ENSMUSG00000096916.7",-0.0199780366,4.48286283,-0.39588625,0.695033268,1,"Geno_at_37"
"Ppp1r12c","ENSMUSG00000019254.16",-0.0199776617,6.9362837,-0.534207754,0.59719476,1,"Geno_at_37"
"Tigit","ENSMUSG00000071552.5",-0.019977581,4.78596693,-0.363449218,0.718856944,1,"Geno_at_37"
"Atp6v1h","ENSMUSG00000033793.12",-0.0199768406,5.64101879,-0.527562562,0.601742557,1,"Geno_at_37"
"Dctn5","ENSMUSG00000030868.6",0.0199680632,6.22719469,0.648498085,0.521671464,1,"Geno_at_37"
"E4f1","ENSMUSG00000024137.9",0.0199573261,5.40273699,0.423489868,0.675004847,1,"Geno_at_37"
"Parp4","ENSMUSG00000054509.7",-0.0199564016,5.94508031,-0.422403618,0.675788562,1,"Geno_at_37"
"Pgap3","ENSMUSG00000038208.13",-0.0199563422,2.70374986,-0.255643263,0.799997648,1,"Geno_at_37"
"Stfa3","ENSMUSG00000054905.2",0.0199420229,-0.761189194,0.215850479,0.830587519,1,"Geno_at_37"
"Gtf3c1","ENSMUSG00000032777.9",0.0199343757,7.26201598,0.574885866,0.569720521,1,"Geno_at_37"
"Parn","ENSMUSG00000022685.9",0.0199287643,5.59032875,0.589265307,0.560162315,1,"Geno_at_37"
"Pdap1","ENSMUSG00000029623.14",0.0199203651,7.04819056,0.478138318,0.636070596,1,"Geno_at_37"
"Ctu2","ENSMUSG00000049482.16",0.0199029481,4.90793045,0.383277503,0.704257921,1,"Geno_at_37"
"Tcf3","ENSMUSG00000020167.14",-0.019898372,7.20120912,-0.505750484,0.616784371,1,"Geno_at_37"
"Mllt11","ENSMUSG00000053192.9",-0.0198978876,3.87105457,-0.321567081,0.750044584,1,"Geno_at_37"
"Ddx41","ENSMUSG00000021494.9",-0.0198972142,6.04823945,-0.569038829,0.573630399,1,"Geno_at_37"
"Rnf135","ENSMUSG00000020707.6",0.0198967369,2.08418376,0.204104471,0.839671227,1,"Geno_at_37"
"Ankfy1","ENSMUSG00000020790.14",0.0198938746,6.96417279,0.702947111,0.487590861,1,"Geno_at_37"
"Ralgapa2","ENSMUSG00000037110.20",0.0198808714,5.20096401,0.464441653,0.645735575,1,"Geno_at_37"
"Zfp335","ENSMUSG00000039834.17",0.019880668,5.36683174,0.463134539,0.646661265,1,"Geno_at_37"
"Anapc4","ENSMUSG00000029176.13",0.0198719498,6.27290617,0.592710443,0.557884476,1,"Geno_at_37"
"Lef1os1","ENSMUSG00000106086.1",0.0198710966,0.200451442,0.137605067,0.891486019,1,"Geno_at_37"
"Cyld","ENSMUSG00000036712.15",-0.019865596,7.18702287,-0.595035633,0.5563498,1,"Geno_at_37"
"Ndufb3","ENSMUSG00000026032.8",0.019857078,5.59010219,0.500574695,0.620378951,1,"Geno_at_37"
"Cpsf1","ENSMUSG00000034022.8",0.0198481624,7.27874017,0.667475402,0.50964861,1,"Geno_at_37"
"Dgcr2","ENSMUSG00000003166.20",-0.0198448269,6.01470167,-0.529655501,0.600308432,1,"Geno_at_37"
"AI506816","ENSMUSG00000105987.4",-0.0198447928,8.09398623,-0.432218261,0.669249896,1,"Geno_at_37"
"Lrrc61","ENSMUSG00000073096.11",0.0198418411,3.20792085,0.246661917,0.806875623,1,"Geno_at_37"
"Gm11675","ENSMUSG00000082272.1",-0.0198372173,2.34401449,-0.242206518,0.81029347,1,"Geno_at_37"
"Elp2","ENSMUSG00000024271.8",0.0198363556,7.23889023,0.642241827,0.525668426,1,"Geno_at_37"
"Sf3b6","ENSMUSG00000037361.8",-0.0198331217,6.21919144,-0.597469123,0.554745966,1,"Geno_at_37"
"Coq5","ENSMUSG00000041733.10",0.019832178,4.6233577,0.484556557,0.631563783,1,"Geno_at_37"
"Tipin","ENSMUSG00000032397.7",0.019813139,6.99328413,0.523664067,0.604418208,1,"Geno_at_37"
"Gm11646","ENSMUSG00000085033.1",0.0198119499,-0.696874632,0.194216221,0.847335751,1,"Geno_at_37"
"Morf4l1","ENSMUSG00000062270.14",-0.0198086882,5.24005171,-0.330529817,0.743510886,1,"Geno_at_37"
"Ripk3","ENSMUSG00000022221.14",-0.019807625,5.61604477,-0.578836701,0.567086211,1,"Geno_at_37"
"Mrps12","ENSMUSG00000045948.8",0.0197994885,4.40161002,0.38464991,0.703251605,1,"Geno_at_37"
"Fam120a","ENSMUSG00000038014.7",0.0197991367,8.70492124,0.758729783,0.454024594,1,"Geno_at_37"
"Dr1","ENSMUSG00000029265.4",0.0197849569,6.58038644,0.580592652,0.565917363,1,"Geno_at_37"
"Ifi47","ENSMUSG00000078920.3",-0.0197849458,8.36554171,-0.358077428,0.723961508,1,"Geno_at_37"
"Nop14","ENSMUSG00000036693.12",-0.0197842617,6.58959583,-0.684603091,0.49892981,1,"Geno_at_37"
"Tmx3","ENSMUSG00000024614.7",-0.019772237,6.55600153,-0.557766968,0.581205351,1,"Geno_at_37"
"Atg4a","ENSMUSG00000079418.3",-0.0197702026,3.63209369,-0.360197197,0.721261827,1,"Geno_at_37"
"Fbxo33","ENSMUSG00000035329.7",-0.0197634767,5.584865,-0.432117762,0.668793153,1,"Geno_at_37"
"Hnrnpab","ENSMUSG00000020358.17",0.0197572389,9.41883571,0.606822606,0.548603595,1,"Geno_at_37"
"Akna","ENSMUSG00000039158.11",-0.0197568793,7.65535546,-0.498564446,0.621777647,1,"Geno_at_37"
"Prmt6","ENSMUSG00000049300.11",0.0197481384,4.35244135,0.342205642,0.734618469,1,"Geno_at_37"
"Hsp90aa1","ENSMUSG00000021270.13",0.0197464795,9.11979119,0.512729672,0.612158388,1,"Geno_at_37"
"Zfp513","ENSMUSG00000043059.16",-0.0197415753,4.39460785,-0.306991847,0.761002834,1,"Geno_at_37"
"Gm10138","ENSMUSG00000100954.4",0.019733262,0.460078287,0.153895197,0.878738709,1,"Geno_at_37"
"Sec24b","ENSMUSG00000001052.15",0.019733013,6.88942556,0.568736543,0.573832898,1,"Geno_at_37"
"Gm8741","ENSMUSG00000091655.3",0.0197269556,3.67935998,0.271337624,0.788018178,1,"Geno_at_37"
"Gm33178","ENSMUSG00000110538.1",-0.0197267269,-0.611265174,-0.158626698,0.875042255,1,"Geno_at_37"
"Sbf1","ENSMUSG00000036529.17",0.0197264718,7.89625228,0.645941195,0.523303007,1,"Geno_at_37"
"Vmn2r84","ENSMUSG00000070601.5",0.0197251884,0.965437842,0.147950888,0.883386593,1,"Geno_at_37"
"Ifnar1","ENSMUSG00000022967.13",0.0197177632,6.24234389,0.545985904,0.589174731,1,"Geno_at_37"
"Cdc20b","ENSMUSG00000078926.8",0.0197161186,-0.582048262,0.187408576,0.85262134,1,"Geno_at_37"
"Gm14086","ENSMUSG00000083645.1",0.0197158871,-0.734823142,0.197536919,0.844760096,1,"Geno_at_37"
"Gm13565","ENSMUSG00000087681.1",-0.0197153724,-0.701453184,-0.179128965,0.85905916,1,"Geno_at_37"
"Ino80","ENSMUSG00000034154.15",0.0197141444,6.59340254,0.490519494,0.627389538,1,"Geno_at_37"
"R3hdm4","ENSMUSG00000035781.14",-0.0197134195,6.15833184,-0.622063888,0.538670937,1,"Geno_at_37"
"Capn2","ENSMUSG00000026509.15",-0.0197074323,6.61948097,-0.549689185,0.586663913,1,"Geno_at_37"
"Yeats2","ENSMUSG00000041215.16",0.019702782,5.89928432,0.531108349,0.599313867,1,"Geno_at_37"
"Gm15793","ENSMUSG00000082769.3",-0.0197021306,0.338260569,-0.161712211,0.872633257,1,"Geno_at_37"
"Dpm3","ENSMUSG00000042737.9",-0.0196990138,3.6552063,-0.29728777,0.76832697,1,"Geno_at_37"
"Ephb6","ENSMUSG00000029869.7",-0.0196953882,3.62778935,-0.300877598,0.765614977,1,"Geno_at_37"
"Fgf2os","ENSMUSG00000054779.5",0.019683419,0.749293401,0.155862921,0.877201095,1,"Geno_at_37"
"Rps10-ps2","ENSMUSG00000099764.1",0.0196761135,9.03739445,0.683556843,0.499580939,1,"Geno_at_37"
"Gm7180","ENSMUSG00000083774.1",0.0196717659,0.998761239,0.173592996,0.86336919,1,"Geno_at_37"
"Gm10232","ENSMUSG00000068141.5",0.019671466,6.51075059,0.624848191,0.536866714,1,"Geno_at_37"
"Dagla","ENSMUSG00000035735.10",-0.0196688833,1.69768861,-0.153692114,0.87889743,1,"Geno_at_37"
"Gm50456","ENSMUSG00000118411.1",0.0196611749,-0.876827275,0.224146091,0.824186388,1,"Geno_at_37"
"Uap1l1","ENSMUSG00000026956.15",-0.0196605802,3.03538044,-0.204532309,0.839348757,1,"Geno_at_37"
"Inafm2","ENSMUSG00000074918.4",-0.0196500441,3.28513763,-0.238099927,0.813447111,1,"Geno_at_37"
"Gm6563","ENSMUSG00000051255.6",0.0196456136,6.12116213,0.586717178,0.561850119,1,"Geno_at_37"
"Cst3","ENSMUSG00000027447.6",-0.0196410477,5.43238429,-0.496131354,0.623472474,1,"Geno_at_37"
"Rps6ka2","ENSMUSG00000023809.10",-0.0196382598,1.38736687,-0.163837244,0.870974869,1,"Geno_at_37"
"Fah","ENSMUSG00000030630.16",-0.0196310858,3.65144281,-0.267060231,0.791278016,1,"Geno_at_37"
"Prkag2os2","ENSMUSG00000087314.1",-0.0196251375,0.637242688,-0.154477591,0.878283566,1,"Geno_at_37"
"H4f16","ENSMUSG00000096010.2",-0.0196239182,-0.601735282,-0.154492872,0.878271625,1,"Geno_at_37"
"Etfrf1","ENSMUSG00000040370.13",-0.0196226464,3.16660538,-0.257660705,0.798454897,1,"Geno_at_37"
"Npat","ENSMUSG00000033054.7",0.0196202816,6.41735819,0.657804848,0.515756162,1,"Geno_at_37"
"Tsta3","ENSMUSG00000022570.7",-0.0196202371,5.59975116,-0.576879766,0.568390275,1,"Geno_at_37"
"Mapkapk3","ENSMUSG00000032577.16",-0.0196174113,8.41297231,-0.670920317,0.507482584,1,"Geno_at_37"
"C230014O12Rik","ENSMUSG00000087461.2",-0.0196137202,-0.963287033,-0.264574688,0.793174039,1,"Geno_at_37"
"Col11a2","ENSMUSG00000024330.17",0.0196066563,4.6052456,0.214961745,0.831911906,1,"Geno_at_37"
"Gm37953","ENSMUSG00000104061.1",0.0196019947,-0.24272286,0.169917212,0.866233346,1,"Geno_at_37"
"Tmem175","ENSMUSG00000013495.15",-0.0195914163,4.23787319,-0.350477592,0.728466721,1,"Geno_at_37"
"Tmem143","ENSMUSG00000002781.19",-0.0195864663,3.14550597,-0.278703465,0.782413778,1,"Geno_at_37"
"Cat","ENSMUSG00000027187.10",-0.0195847548,5.86612617,-0.516647954,0.609247663,1,"Geno_at_37"
"Mier1","ENSMUSG00000028522.16",-0.0195816857,7.33791686,-0.609657381,0.546749011,1,"Geno_at_37"
"1700027A07Rik","ENSMUSG00000084864.1",0.0195810961,-0.507774966,0.167193096,0.868357159,1,"Geno_at_37"
"Gstp2","ENSMUSG00000038155.11",-0.0195799389,-0.652179346,-0.186509061,0.853320268,1,"Geno_at_37"
"Atp6v0c","ENSMUSG00000024121.13",-0.0195739838,5.83894954,-0.523096902,0.604807938,1,"Geno_at_37"
"Gm45342","ENSMUSG00000109679.1",-0.0195693206,0.740358432,-0.146303764,0.884675242,1,"Geno_at_37"
"Ints4","ENSMUSG00000025133.9",-0.0195620967,7.64179539,-0.549743758,0.586626951,1,"Geno_at_37"
"Sp140","ENSMUSG00000070031.11",0.0195616926,5.21599631,0.456459174,0.65139766,1,"Geno_at_37"
"Arhgap6","ENSMUSG00000031355.16",0.0195588309,-0.389534002,0.157850258,0.87564865,1,"Geno_at_37"
"Magef1","ENSMUSG00000116632.1",-0.0195542981,2.66684067,-0.226526344,0.822351963,1,"Geno_at_37"
"Bace2","ENSMUSG00000040605.7",-0.0195508155,-0.953050925,-0.26068394,0.79614456,1,"Geno_at_37"
"Gm45820","ENSMUSG00000110433.1",0.0195466939,-0.15833805,0.119065916,0.906118254,1,"Geno_at_37"
"Gm37485","ENSMUSG00000104121.1",-0.0195381853,-0.471194983,-0.149274714,0.882351116,1,"Geno_at_37"
"Gm12696","ENSMUSG00000084159.1",-0.019535452,5.88426672,-0.56244713,0.578054202,1,"Geno_at_37"
"Nrd1","ENSMUSG00000053510.12",0.0195284762,7.91562303,0.734127414,0.468657271,1,"Geno_at_37"
"Gm26877","ENSMUSG00000097373.1",0.0195272897,-0.722385789,0.188757742,0.85157326,1,"Geno_at_37"
"Slc35c1","ENSMUSG00000049922.8",-0.0195265187,5.55585071,-0.484276138,0.631760391,1,"Geno_at_37"
"Lypla2","ENSMUSG00000028670.14",0.0195257138,6.78478723,0.74734978,0.460759147,1,"Geno_at_37"
"Tpd52","ENSMUSG00000027506.15",0.0195131954,5.7511185,0.359710956,0.721813187,1,"Geno_at_37"
"Zfp740","ENSMUSG00000046897.17",-0.0195073367,7.32462312,-0.707077747,0.485057911,1,"Geno_at_37"
"Arl6ip6","ENSMUSG00000026960.6",0.0195061171,5.66619564,0.487603019,0.629429608,1,"Geno_at_37"
"Scg2","ENSMUSG00000050711.7",0.0195048243,-0.951434751,0.255293728,0.800265024,1,"Geno_at_37"
"Smpd4","ENSMUSG00000005899.14",-0.0195038253,6.88287222,-0.544025981,0.590505662,1,"Geno_at_37"
"Gtf2e2","ENSMUSG00000031585.13",0.0195001948,5.43043234,0.461542772,0.64778932,1,"Geno_at_37"
"Gm12061","ENSMUSG00000084769.1",-0.0194974583,-0.504008009,-0.152814698,0.879583235,1,"Geno_at_37"
"Gm7816","ENSMUSG00000083261.4",0.0194969243,4.84841056,0.30427296,0.763169577,1,"Geno_at_37"
"Gm13736","ENSMUSG00000082908.4",-0.0194933006,4.3407095,-0.398024777,0.693473356,1,"Geno_at_37"
"Dld","ENSMUSG00000020664.10",0.0194930177,7.09710819,0.627137663,0.535385537,1,"Geno_at_37"
"Fmc1","ENSMUSG00000019689.4",0.0194870957,2.72538721,0.278516178,0.782556132,1,"Geno_at_37"
"Iqsec1","ENSMUSG00000034312.15",-0.0194855305,2.92309279,-0.235815292,0.81520297,1,"Geno_at_37"
"Stx2","ENSMUSG00000029428.13",0.0194782209,3.74743107,0.310314907,0.758499888,1,"Geno_at_37"
"Gm37052","ENSMUSG00000103343.1",-0.0194749637,-0.017169831,-0.146274602,0.88469806,1,"Geno_at_37"
"Hmces","ENSMUSG00000030060.14",-0.0194748628,4.94736051,-0.459979681,0.648897882,1,"Geno_at_37"
"Dlg2","ENSMUSG00000052572.19",-0.019471682,4.66718894,-0.288779792,0.774891599,1,"Geno_at_37"
"Klra3","ENSMUSG00000067591.12",0.0194679767,-0.597648082,0.161298327,0.872956323,1,"Geno_at_37"
"Ammecr1","ENSMUSG00000042225.3",-0.0194625167,6.29950679,-0.478470115,0.635837263,1,"Geno_at_37"
"Smarcb1","ENSMUSG00000000902.13",0.0194537289,6.73796621,0.636598261,0.529288033,1,"Geno_at_37"
"Rftn1","ENSMUSG00000039316.14",-0.0194332264,5.76717528,-0.42380816,0.674775273,1,"Geno_at_37"
"Gm43420","ENSMUSG00000106115.1",0.0194308126,-0.0414981032,0.145452964,0.885341003,1,"Geno_at_37"
"Gpr132","ENSMUSG00000021298.8",0.0194302023,5.66182629,0.20469076,0.840186116,1,"Geno_at_37"
"Eed","ENSMUSG00000030619.10",0.019423108,6.6840804,0.503862653,0.618094355,1,"Geno_at_37"
"Ampd2","ENSMUSG00000027889.17",0.0194214288,6.85771351,0.59107496,0.558965227,1,"Geno_at_37"
"Cuedc2","ENSMUSG00000036748.16",-0.0194206962,5.20167095,-0.49533793,0.624025607,1,"Geno_at_37"
"Polr2k-ps","ENSMUSG00000082981.1",0.0194149651,-0.592105705,0.169123698,0.866851892,1,"Geno_at_37"
"Mir6960","ENSMUSG00000098698.1",-0.0194134445,-0.606655434,-0.173942679,0.863096817,1,"Geno_at_37"
"Ndc1","ENSMUSG00000028614.14",0.0194045507,6.42132491,0.507012818,0.61590914,1,"Geno_at_37"
"Thop1","ENSMUSG00000004929.12",0.0194043626,5.58729214,0.463449773,0.646437965,1,"Geno_at_37"
"Pigm","ENSMUSG00000050229.3",-0.0194038292,6.23643581,-0.5987368,0.553911423,1,"Geno_at_37"
"Zfp462","ENSMUSG00000060206.11",0.0193942439,-0.924833788,0.248117663,0.80575972,1,"Geno_at_37"
"Rpsa-ps7","ENSMUSG00000117438.1",-0.0193913123,8.0838872,-0.516090713,0.609632006,1,"Geno_at_37"
"Nacc2","ENSMUSG00000026932.14",-0.0193911345,2.06125237,-0.159509261,0.874360357,1,"Geno_at_37"
"Ing1","ENSMUSG00000045969.8",-0.0193904321,6.1363126,-0.559756891,0.579864505,1,"Geno_at_37"
"Chac1","ENSMUSG00000027313.3",0.019387568,1.48091795,0.151648364,0.880495012,1,"Geno_at_37"
"Mir3060","ENSMUSG00000093080.1",0.0193831246,0.248413627,0.171954459,0.8646457,1,"Geno_at_37"
"Strbp","ENSMUSG00000026915.16",0.0193777603,6.41018172,0.658939315,0.515037614,1,"Geno_at_37"
"Miga2","ENSMUSG00000026858.18",-0.0193734784,4.34806517,-0.382703598,0.704678897,1,"Geno_at_37"
"Dars2","ENSMUSG00000026709.10",-0.0193707938,4.14167427,-0.355216819,0.724950454,1,"Geno_at_37"
"Riok1","ENSMUSG00000021428.9",-0.0193694239,5.96411637,-0.582789232,0.564456925,1,"Geno_at_37"
"2810429I04Rik","ENSMUSG00000097709.8",0.0193659278,1.6979422,0.190323803,0.850357033,1,"Geno_at_37"
"Zranb3","ENSMUSG00000036086.16",-0.019359142,4.25617274,-0.341966017,0.734796945,1,"Geno_at_37"
"Cyb5d2","ENSMUSG00000057778.14",-0.0193541616,2.17899299,-0.210037891,0.83507976,1,"Geno_at_37"
"Tmem120a","ENSMUSG00000039886.8",-0.0193511222,3.31497195,-0.267256869,0.791128072,1,"Geno_at_37"
"Gm45605","ENSMUSG00000109829.1",-0.0193496746,-0.700907981,-0.195607652,0.846256295,1,"Geno_at_37"
"Notch1","ENSMUSG00000026923.15",-0.0193494572,7.20416895,-0.323908603,0.749258827,1,"Geno_at_37"
"Gm12892","ENSMUSG00000083679.1",-0.0193439941,2.25574569,-0.233665787,0.816855866,1,"Geno_at_37"
"Ccdc127","ENSMUSG00000021578.17",0.0193413966,5.81466026,0.568732506,0.573835603,1,"Geno_at_37"
"Gm10145","ENSMUSG00000064208.6",-0.0193354938,4.02791397,-0.334361378,0.740468747,1,"Geno_at_37"
"Gm11992","ENSMUSG00000040978.4",0.0193277738,-0.639651443,0.16509422,0.869994198,1,"Geno_at_37"
"Traj17","ENSMUSG00000076912.1",-0.0193272778,0.229689252,-0.142220425,0.887871271,1,"Geno_at_37"
"Eif5b","ENSMUSG00000026083.12",-0.0193250392,8.2375249,-0.618194333,0.5411837,1,"Geno_at_37"
"Cramp1l","ENSMUSG00000038002.9",0.0193247057,6.54496612,0.603685185,0.550659978,1,"Geno_at_37"
"Snhg1","ENSMUSG00000108414.1",-0.0193176122,7.23797092,-0.560920254,0.579081317,1,"Geno_at_37"
"Tdrd3","ENSMUSG00000022019.16",-0.0193173832,4.54062937,-0.352322063,0.727097498,1,"Geno_at_37"
"St8sia1","ENSMUSG00000030283.7",-0.0193124944,4.94137195,-0.189689103,0.851673084,1,"Geno_at_37"
"Pcmtd1","ENSMUSG00000051285.17",0.0193088494,5.92811319,0.465896032,0.644706271,1,"Geno_at_37"
"Gm38313","ENSMUSG00000102703.1",-0.0193045645,-0.464959772,-0.146514859,0.884510071,1,"Geno_at_37"
"9130401M01Rik","ENSMUSG00000101892.1",0.0192892842,3.56963933,0.306206587,0.761594681,1,"Geno_at_37"
"Gm49893","ENSMUSG00000117104.1",0.0192883725,-0.490803424,0.171569358,0.864945769,1,"Geno_at_37"
"Ly6i","ENSMUSG00000022586.11",-0.0192870907,0.00779945775,-0.12711595,0.899710066,1,"Geno_at_37"
"Parvg","ENSMUSG00000022439.9",-0.0192853639,7.38284859,-0.619286412,0.540473917,1,"Geno_at_37"
"Siva1","ENSMUSG00000064326.13",-0.0192714565,4.89494795,-0.439727902,0.663333894,1,"Geno_at_37"
"Porcn","ENSMUSG00000031169.13",-0.0192662404,-0.550246503,-0.192894049,0.848361754,1,"Geno_at_37"
"Chadl","ENSMUSG00000063765.12",-0.0192653645,0.397703916,-0.160983524,0.873202065,1,"Geno_at_37"
"Osm","ENSMUSG00000058755.3",0.0192582344,5.11260451,0.266760305,0.792028947,1,"Geno_at_37"
"Paf1","ENSMUSG00000003437.14",-0.0192572568,6.19763565,-0.514254701,0.610899149,1,"Geno_at_37"
"Gm37121","ENSMUSG00000103032.1",-0.0192438534,-0.537661911,-0.188229474,0.851983604,1,"Geno_at_37"
"Myo1h","ENSMUSG00000066952.11",-0.0192429196,1.42664418,-0.132611078,0.895445899,1,"Geno_at_37"
"Gm11598","ENSMUSG00000082456.1",0.0192366932,2.6654846,0.231521201,0.818505834,1,"Geno_at_37"
"Stk17b","ENSMUSG00000026094.14",-0.0192310673,7.27651407,-0.35893554,0.722940754,1,"Geno_at_37"
"Sbk1","ENSMUSG00000042978.11",-0.0192297688,5.91529693,-0.373304439,0.71172247,1,"Geno_at_37"
"Pip5k1a","ENSMUSG00000028126.16",-0.019224171,6.17980757,-0.611707786,0.54540962,1,"Geno_at_37"
"Mrpl27","ENSMUSG00000024414.13",0.0192193872,4.66906014,0.455683896,0.651948711,1,"Geno_at_37"
"S100pbp","ENSMUSG00000040928.15",0.0192192212,6.67552447,0.613045438,0.544536746,1,"Geno_at_37"
"Ctsc","ENSMUSG00000030560.17",-0.0192187757,7.75756683,-0.492013103,0.626345917,1,"Geno_at_37"
"Pts","ENSMUSG00000032067.6",-0.0192174978,5.08259492,-0.372290127,0.712333897,1,"Geno_at_37"
"Gm45844","ENSMUSG00000110105.1",0.0192165936,0.0214833622,0.183675551,0.855522708,1,"Geno_at_37"
"Efcab14","ENSMUSG00000034210.14",0.0192148505,5.67005347,0.4982281,0.622011812,1,"Geno_at_37"
"Gm5049","ENSMUSG00000102399.1",0.0192104731,0.0543200435,0.141839826,0.888169265,1,"Geno_at_37"
"Ptrh1","ENSMUSG00000053746.8",0.0192013352,2.17854379,0.209194011,0.835732424,1,"Geno_at_37"
"Ruvbl1","ENSMUSG00000030079.15",0.019199158,5.51567708,0.473903862,0.639051772,1,"Geno_at_37"
"Gm44706","ENSMUSG00000108425.1",-0.0191930178,-0.237371776,-0.136316208,0.89249588,1,"Geno_at_37"
"Gm7860","ENSMUSG00000082535.1",-0.0191917536,-0.398232652,-0.146172876,0.884777658,1,"Geno_at_37"
"Gm42509","ENSMUSG00000105042.1",-0.0191912448,-0.531837302,-0.160027777,0.873948218,1,"Geno_at_37"
"Rrs1","ENSMUSG00000061024.8",-0.0191883317,6.42704782,-0.436962378,0.665315634,1,"Geno_at_37"
"Mvp","ENSMUSG00000030681.18",0.0191819229,5.82830134,0.519777957,0.607090934,1,"Geno_at_37"
"Usp38","ENSMUSG00000038250.9",-0.0191769838,6.84530128,-0.536859715,0.595384425,1,"Geno_at_37"
"Mblac2","ENSMUSG00000051098.6",-0.0191709113,2.43624632,-0.243112262,0.809598341,1,"Geno_at_37"
"Sdcbp","ENSMUSG00000028249.15",-0.019164658,7.49797865,-0.558096992,0.580982869,1,"Geno_at_37"
"Kcmf1","ENSMUSG00000055239.10",-0.0191643827,6.48293575,-0.537066772,0.595243191,1,"Geno_at_37"
"Uqcr11","ENSMUSG00000020163.12",-0.0191633578,5.19254299,-0.409843475,0.684877188,1,"Geno_at_37"
"Rpl7a","ENSMUSG00000062647.16",0.0191630332,7.80244552,0.588284365,0.560811756,1,"Geno_at_37"
"Mafb","ENSMUSG00000074622.4",0.0191618002,-0.459637127,0.190559229,0.85017423,1,"Geno_at_37"
"Atp6v0b","ENSMUSG00000033379.13",-0.0191599445,5.71022959,-0.493961151,0.624985951,1,"Geno_at_37"
"Tmed2","ENSMUSG00000029390.13",-0.0191537629,6.45948422,-0.499486118,0.621136185,1,"Geno_at_37"
"Vps35l","ENSMUSG00000030982.19",0.0191520592,5.70071928,0.555937599,0.582439357,1,"Geno_at_37"
"Birc2","ENSMUSG00000057367.12",0.0191457427,5.947369,0.492903955,0.625723832,1,"Geno_at_37"
"Selenbp1","ENSMUSG00000068874.13",-0.0191415439,1.35683877,-0.101735266,0.919902451,1,"Geno_at_37"
"Trmt61a","ENSMUSG00000060950.12",0.0191386591,4.78147946,0.435071186,0.666672258,1,"Geno_at_37"
"Gm37298","ENSMUSG00000104118.1",0.0191358481,0.115788402,0.131517727,0.896257237,1,"Geno_at_37"
"Igf2r","ENSMUSG00000023830.14",-0.0191293465,8.92639162,-0.479864265,0.635123618,1,"Geno_at_37"
"Hnrnpl","ENSMUSG00000015165.16",-0.0191257765,9.10986138,-0.602302505,0.551567504,1,"Geno_at_37"
"Gm20519","ENSMUSG00000092261.1",0.0191235035,-0.793571212,0.213637886,0.832296838,1,"Geno_at_37"
"Rbbp8","ENSMUSG00000041238.16",-0.0191225275,5.88327379,-0.504592104,0.617588031,1,"Geno_at_37"
"Gm8145","ENSMUSG00000084218.1",0.0191219369,-0.819108938,0.209092803,0.835810708,1,"Geno_at_37"
"Abcc4","ENSMUSG00000032849.14",-0.0191109791,4.03711048,-0.337356295,0.738233242,1,"Geno_at_37"
"Ctcf","ENSMUSG00000005698.15",0.0191035001,7.98283423,0.59790696,0.554457653,1,"Geno_at_37"
"Gm20531","ENSMUSG00000092482.1",0.0190795462,-0.00546190352,0.142042367,0.888010681,1,"Geno_at_37"
"Whrn","ENSMUSG00000039137.18",0.019077057,4.6012802,0.347662725,0.730558064,1,"Geno_at_37"
"Zfp85","ENSMUSG00000058331.15",0.0190741351,2.81247421,0.196405304,0.845637624,1,"Geno_at_37"
"Gmeb1","ENSMUSG00000028901.13",-0.0190730847,5.73767538,-0.509483829,0.614197543,1,"Geno_at_37"
"Gm48936","ENSMUSG00000115389.1",0.0190722651,-0.728644966,0.208510092,0.836261461,1,"Geno_at_37"
"Itih5","ENSMUSG00000025780.7",-0.0190555146,6.35837219,-0.510167749,0.613724201,1,"Geno_at_37"
"Fkbp10","ENSMUSG00000001555.10",0.0190523643,0.539049708,0.118490943,0.906504599,1,"Geno_at_37"
"Tubgcp5","ENSMUSG00000033790.11",-0.0190470588,5.55989355,-0.424735834,0.674106355,1,"Geno_at_37"
"Snx6","ENSMUSG00000005656.9",-0.0190418663,6.24508255,-0.578189708,0.567517188,1,"Geno_at_37"
"Zfp275","ENSMUSG00000031365.13",0.0190351377,6.33488281,0.54459752,0.590117395,1,"Geno_at_37"
"Rps15a-ps5","ENSMUSG00000067058.7",-0.019034926,5.92996538,-0.380090689,0.706658462,1,"Geno_at_37"
"Wee1","ENSMUSG00000031016.9",0.0190265182,5.53461776,0.475686299,0.637796134,1,"Geno_at_37"
"Emd","ENSMUSG00000001964.14",-0.0190219542,6.19887243,-0.557365113,0.581476313,1,"Geno_at_37"
"Mdm4","ENSMUSG00000054387.13",0.0190214529,8.76048912,0.528575568,0.601048221,1,"Geno_at_37"
"Rpsa-ps2","ENSMUSG00000045055.5",-0.0190187577,5.90575922,-0.537103927,0.595217849,1,"Geno_at_37"
"Dnajc19-ps","ENSMUSG00000083854.3",0.0190154842,3.17797836,0.284004562,0.778387683,1,"Geno_at_37"
"Sugp1","ENSMUSG00000011306.7",-0.0190096112,5.81464832,-0.574495359,0.569981234,1,"Geno_at_37"
"Cct3","ENSMUSG00000001416.13",-0.0189989545,8.53855888,-0.628565904,0.534462633,1,"Geno_at_37"
"Rabep2","ENSMUSG00000030727.12",0.0189890445,4.77164058,0.402370171,0.690307894,1,"Geno_at_37"
"Ep400","ENSMUSG00000029505.17",0.0189817877,8.02159068,0.613396974,0.544307475,1,"Geno_at_37"
"Cks2","ENSMUSG00000062248.5",-0.0189811218,5.87418225,-0.488119157,0.629068353,1,"Geno_at_37"
"Gm47391","ENSMUSG00000112891.1",-0.0189750176,-0.678181199,-0.180670123,0.857860071,1,"Geno_at_37"
"Hspa5","ENSMUSG00000026864.13",0.0189736577,9.42348332,0.417188122,0.680430951,1,"Geno_at_37"
"Jade2","ENSMUSG00000020387.15",0.0189709942,6.56483785,0.362017441,0.720345216,1,"Geno_at_37"
"Tmem160","ENSMUSG00000019158.9",0.018969363,3.95843828,0.368762936,0.714933728,1,"Geno_at_37"
"Rtraf-ps","ENSMUSG00000074479.3",0.0189655311,3.43136435,0.333396187,0.74118969,1,"Geno_at_37"
"Gm28988","ENSMUSG00000100833.1",-0.0189638365,-0.0872533922,-0.146276476,0.884696594,1,"Geno_at_37"
"Dnttip1","ENSMUSG00000017299.13",-0.0189629821,4.82483873,-0.406650566,0.687195339,1,"Geno_at_37"
"Gm16585","ENSMUSG00000089657.1",0.0189604841,-0.62825239,0.170082259,0.866104702,1,"Geno_at_37"
"Nab1","ENSMUSG00000002881.14",0.0189538702,6.8778871,0.528798083,0.600895756,1,"Geno_at_37"
"1700030A11Rik","ENSMUSG00000085333.1",0.0189298369,-0.930365418,0.25076013,0.8037352,1,"Geno_at_37"
"Hars","ENSMUSG00000001380.7",0.0189181716,6.98931869,0.642556406,0.525467057,1,"Geno_at_37"
"Ppp2ca","ENSMUSG00000020349.4",0.0189171084,8.08558844,0.586333082,0.562104757,1,"Geno_at_37"
"D630039A03Rik","ENSMUSG00000052117.5",-0.0189153298,5.77678543,-0.304955892,0.763068423,1,"Geno_at_37"
"Nuak1","ENSMUSG00000020032.14",0.0189113058,2.4731485,0.207401955,0.837118811,1,"Geno_at_37"
"F8a","ENSMUSG00000078317.6",0.0189048068,3.29707158,0.288486592,0.774988524,1,"Geno_at_37"
"Gabarapl2","ENSMUSG00000031950.7",-0.0189028647,4.8195847,-0.440994701,0.662426946,1,"Geno_at_37"
"Stradb","ENSMUSG00000026027.13",-0.0189024459,4.29633409,-0.29878857,0.767192801,1,"Geno_at_37"
"Rab5a","ENSMUSG00000017831.8",-0.0189003178,6.04721465,-0.400416236,0.691730564,1,"Geno_at_37"
"Erlec1","ENSMUSG00000020311.17",-0.0188952783,5.01142904,-0.429147184,0.670929174,1,"Geno_at_37"
"Slc4a8","ENSMUSG00000023032.12",-0.0188932486,4.94250973,-0.330138344,0.743624874,1,"Geno_at_37"
"Cdc37","ENSMUSG00000019471.10",0.0188916017,8.13504069,0.591336902,0.55879206,1,"Geno_at_37"
"Gga3","ENSMUSG00000020740.13",-0.01888093,6.21493313,-0.566482154,0.575344224,1,"Geno_at_37"
"Mtpn","ENSMUSG00000029840.8",0.0188721879,8.49384566,0.544175349,0.590404179,1,"Geno_at_37"
"Tank","ENSMUSG00000064289.15",0.0188674084,6.87182791,0.528381045,0.601181522,1,"Geno_at_37"
"Gm11192","ENSMUSG00000086586.1",0.0188549401,-0.196035811,0.150930433,0.881056334,1,"Geno_at_37"
"Odc1","ENSMUSG00000011179.8",0.0188528103,8.9122438,0.604366871,0.550212837,1,"Geno_at_37"
"Prmt5","ENSMUSG00000023110.12",-0.0188497112,6.9933469,-0.592679402,0.557904979,1,"Geno_at_37"
"Smpd3","ENSMUSG00000031906.9",-0.0188491221,-0.675096456,-0.181049525,0.857564932,1,"Geno_at_37"
"Dnajc25","ENSMUSG00000070972.13",-0.0188476995,2.82737643,-0.240944215,0.811262509,1,"Geno_at_37"
"Gm47742","ENSMUSG00000113983.1",0.0188475167,-0.634187783,0.161737321,0.872613657,1,"Geno_at_37"
"Cep83","ENSMUSG00000020024.7",0.0188456007,6.01704536,0.565328256,0.576118553,1,"Geno_at_37"
"Gm47414","ENSMUSG00000114424.1",-0.0188454469,-0.712759435,-0.196769756,0.845354982,1,"Geno_at_37"
"Gm48710","ENSMUSG00000111308.1",0.0188344652,-0.783044416,0.202231483,0.841121805,1,"Geno_at_37"
"Stk11","ENSMUSG00000003068.17",0.0188330338,7.19728285,0.643731978,0.524714915,1,"Geno_at_37"
"Zfp53","ENSMUSG00000057409.7",0.0188320096,5.25948593,0.275701849,0.785169331,1,"Geno_at_37"
"Cops7a","ENSMUSG00000030127.15",-0.0188307576,5.98549793,-0.466166287,0.644515082,1,"Geno_at_37"
"Poll","ENSMUSG00000025218.6",-0.0188266958,4.5048178,-0.371908472,0.71261504,1,"Geno_at_37"
"Lrrc49","ENSMUSG00000047766.15",0.0188212617,2.56351472,0.196699122,0.845409759,1,"Geno_at_37"
"Gm15720","ENSMUSG00000082120.1",0.0188188891,-0.503319951,0.193957238,0.8475367,1,"Geno_at_37"
"Pdzd7","ENSMUSG00000074818.13",0.0188179445,1.59156549,0.172065678,0.864559043,1,"Geno_at_37"
"Gm11478","ENSMUSG00000083992.1",-0.018808578,9.17907915,-0.594071739,0.556985729,1,"Geno_at_37"
"Trim30d","ENSMUSG00000057596.13",0.0187989763,2.81280405,0.182972491,0.85608738,1,"Geno_at_37"
"9430037O13Rik","ENSMUSG00000102246.1",-0.0187975883,0.707705137,-0.152434351,0.879880551,1,"Geno_at_37"
"Fggy","ENSMUSG00000028573.18",-0.0187934892,3.82474053,-0.289753424,0.77402858,1,"Geno_at_37"
"Rfwd3","ENSMUSG00000033596.5",0.0187908596,7.60752807,0.569269877,0.573475645,1,"Geno_at_37"
"Ncoa5","ENSMUSG00000039804.15",-0.0187861199,6.53891006,-0.56659005,0.575271846,1,"Geno_at_37"
"Pttg1ip","ENSMUSG00000009291.13",-0.0187781363,6.59389132,-0.411235241,0.683920114,1,"Geno_at_37"
"Galnt12","ENSMUSG00000039774.12",0.018775782,4.28315667,0.316382973,0.753936267,1,"Geno_at_37"
"Thbs1","ENSMUSG00000040152.8",0.0187667245,3.91198137,0.197925004,0.844801044,1,"Geno_at_37"
"Srsf9","ENSMUSG00000029538.14",-0.0187623743,6.31648189,-0.398468301,0.693193073,1,"Geno_at_37"
"Enkur","ENSMUSG00000026679.3",-0.0187571282,-0.611886496,-0.195191302,0.846579263,1,"Geno_at_37"
"Nans","ENSMUSG00000028334.10",-0.0187527425,6.82734677,-0.527514851,0.601775268,1,"Geno_at_37"
"Tmem208","ENSMUSG00000014856.12",-0.0187526751,4.81147113,-0.463324292,0.646526847,1,"Geno_at_37"
"Fbxl21","ENSMUSG00000035509.17",0.0187366706,-0.427249946,0.169414378,0.866625296,1,"Geno_at_37"
"Sec22b","ENSMUSG00000027879.9",-0.0187270332,6.13461675,-0.542468962,0.591564027,1,"Geno_at_37"
"Gm16333","ENSMUSG00000090057.1",0.0187244429,-0.527921311,0.165607091,0.869594125,1,"Geno_at_37"
"Rpl10","ENSMUSG00000008682.13",0.018718368,5.46603055,0.402949642,0.689886198,1,"Geno_at_37"
"Gm43651","ENSMUSG00000105992.1",-0.0187181405,-0.688872494,-0.168929166,0.867003544,1,"Geno_at_37"
"Zfp146","ENSMUSG00000037029.8",-0.0187058558,5.9238185,-0.500322463,0.62055437,1,"Geno_at_37"
"Plekha1","ENSMUSG00000040268.17",-0.0187015609,6.87537687,-0.532509913,0.598355154,1,"Geno_at_37"
"Gm29808","ENSMUSG00000103419.1",-0.0187009848,-0.284463377,-0.152436167,0.879879131,1,"Geno_at_37"
"Snhg16","ENSMUSG00000020812.18",-0.0187009278,4.61327107,-0.347616783,0.730592215,1,"Geno_at_37"
"Vil1","ENSMUSG00000026175.12",-0.0186978915,-0.557580576,-0.184388137,0.854968714,1,"Geno_at_37"
"Depdc5","ENSMUSG00000037426.18",0.0186970209,5.96673591,0.476016342,0.637563756,1,"Geno_at_37"
"Fbxw11","ENSMUSG00000020271.17",0.0186957262,7.29323623,0.666339536,0.510363911,1,"Geno_at_37"
"Gm4739","ENSMUSG00000112808.1",-0.0186877592,8.03339869,-0.477307053,0.636655343,1,"Geno_at_37"
"Atp8b3","ENSMUSG00000003341.9",0.0186822187,-0.84333284,0.21362515,0.83230668,1,"Geno_at_37"
"Gm5560","ENSMUSG00000067161.6",0.0186820984,4.19127134,0.289452274,0.774256744,1,"Geno_at_37"
"Snrpc","ENSMUSG00000024217.10",0.0186771016,5.94858245,0.456015249,0.651713168,1,"Geno_at_37"
"Gls","ENSMUSG00000026103.14",0.0186735677,8.17419014,0.625111726,0.536696109,1,"Geno_at_37"
"BC005537","ENSMUSG00000019132.11",0.0186711444,8.70995886,0.705109817,0.486263731,1,"Geno_at_37"
"Gm26457","ENSMUSG00000064612.2",-0.0186643563,-0.563713524,-0.158796755,0.874909453,1,"Geno_at_37"
"Elf1","ENSMUSG00000036461.16",0.0186629623,6.98269208,0.630535611,0.533191229,1,"Geno_at_37"
"Tlnrd1","ENSMUSG00000070462.4",-0.0186619085,4.94838857,-0.291871999,0.772580881,1,"Geno_at_37"
"Psph","ENSMUSG00000029446.14",-0.0186586721,5.12653428,-0.376269565,0.709404939,1,"Geno_at_37"
"Ndufs2","ENSMUSG00000013593.12",-0.0186496929,7.39678437,-0.602512037,0.551429927,1,"Geno_at_37"
"Dnmt3b","ENSMUSG00000027478.15",-0.0186406338,4.45861906,-0.348803153,0.729710513,1,"Geno_at_37"
"Rbx1-ps","ENSMUSG00000049832.6",-0.0186163199,4.04751345,-0.356380334,0.724088113,1,"Geno_at_37"
"Pkd2l2","ENSMUSG00000014503.15",0.0186136424,3.57599614,0.283286375,0.778932771,1,"Geno_at_37"
"Utp23","ENSMUSG00000022313.10",0.018612569,4.63997019,0.371707084,0.712763407,1,"Geno_at_37"
"Chd1","ENSMUSG00000023852.14",0.0186083058,8.02510134,0.625556787,0.536408056,1,"Geno_at_37"
"St8sia6","ENSMUSG00000003418.11",-0.0186078423,5.73511792,-0.272155798,0.78809556,1,"Geno_at_37"
"Smim13","ENSMUSG00000091264.3",-0.0186053579,4.28730844,-0.299301393,0.766805377,1,"Geno_at_37"
"Ten1","ENSMUSG00000020778.12",-0.0186021394,4.08291027,-0.332249998,0.742046138,1,"Geno_at_37"
"H3c7","ENSMUSG00000100210.2",0.0185918272,0.0817605898,0.165003045,0.870065324,1,"Geno_at_37"
"Eef1a1-ps1","ENSMUSG00000117822.1",0.0185850443,9.02747596,0.79820359,0.431121487,1,"Geno_at_37"
"Sppl2a","ENSMUSG00000027366.12",-0.0185758769,6.79449679,-0.57062197,0.572570443,1,"Geno_at_37"
"Rwdd4a","ENSMUSG00000031568.16",-0.0185548218,5.78793522,-0.475856509,0.637676287,1,"Geno_at_37"
"Abhd4","ENSMUSG00000040997.14",-0.0185525458,3.91364244,-0.336266754,0.739046243,1,"Geno_at_37"
"Mbd3","ENSMUSG00000035478.14",-0.0185523269,6.81707467,-0.391869925,0.698182776,1,"Geno_at_37"
"Gm44291","ENSMUSG00000107529.1",-0.0185493442,-0.497825258,-0.194880737,0.84682019,1,"Geno_at_37"
"Dcaf13","ENSMUSG00000022300.10",-0.0185471345,6.60759806,-0.532860803,0.598115249,1,"Geno_at_37"
"Tmprss9","ENSMUSG00000059406.8",0.0185447101,-0.696196018,0.174494288,0.862667194,1,"Geno_at_37"
"Snora31","ENSMUSG00000065147.1",0.0185444298,2.02279371,0.182257201,0.856625614,1,"Geno_at_37"
"Rsrc2","ENSMUSG00000029422.15",0.0185411328,7.11572315,0.624368763,0.537177154,1,"Geno_at_37"
"1110032F04Rik","ENSMUSG00000046999.2",0.0185408927,6.7434533,0.460108706,0.648806346,1,"Geno_at_37"
"Gm28942","ENSMUSG00000100170.1",0.0185364115,-0.483053245,0.192802598,0.84843273,1,"Geno_at_37"
"Gt(ROSA)26Sor","ENSMUSG00000086429.9",-0.0185311841,4.3053271,-0.3172726,0.753267959,1,"Geno_at_37"
"Gm7357","ENSMUSG00000102269.1",-0.0185301554,0.0960570813,-0.168570486,0.867283173,1,"Geno_at_37"
"A130051J06Rik","ENSMUSG00000097643.1",0.0185140568,0.20851665,0.159654362,0.874239776,1,"Geno_at_37"
"Snapc5","ENSMUSG00000032398.7",-0.0185123159,4.23053115,-0.358043547,0.722856059,1,"Geno_at_37"
"Gm44697","ENSMUSG00000108959.1",0.0185008949,-0.485422134,0.142646117,0.887537992,1,"Geno_at_37"
"Gm45534","ENSMUSG00000110405.1",0.0184986561,-0.481487333,0.174705441,0.862502748,1,"Geno_at_37"
"Polb","ENSMUSG00000031536.6",-0.0184929396,4.78737437,-0.447866665,0.657516153,1,"Geno_at_37"
"Plod2","ENSMUSG00000032374.14",0.0184871875,6.86289519,0.316003101,0.755020853,1,"Geno_at_37"
"Gm9619","ENSMUSG00000110371.1",0.0184818046,-0.580091977,0.210698836,0.834568662,1,"Geno_at_37"
"Serpinb9b","ENSMUSG00000021403.3",0.0184791447,-0.895654506,0.202241524,0.841114027,1,"Geno_at_37"
"Qsox1","ENSMUSG00000033684.14",0.0184767771,5.12483092,0.445620267,0.659119762,1,"Geno_at_37"
"Gltp","ENSMUSG00000011884.13",0.0184758231,6.58061344,0.495165299,0.624145985,1,"Geno_at_37"
"Bsg","ENSMUSG00000023175.15",-0.0184735258,8.35775049,-0.267794447,0.791961623,1,"Geno_at_37"
"Gm1826","ENSMUSG00000082028.1",-0.018470698,4.44067902,-0.316516921,0.75383563,1,"Geno_at_37"
"Oip5","ENSMUSG00000072980.3",0.0184694874,4.66377534,0.35743345,0.723307911,1,"Geno_at_37"
"Tcirg1","ENSMUSG00000001750.16",-0.0184654306,5.64230066,-0.439507658,0.663491627,1,"Geno_at_37"
"Gm23250","ENSMUSG00000088069.1",0.0184644755,-0.671419094,0.173471411,0.863463899,1,"Geno_at_37"
"H2-T23","ENSMUSG00000067212.8",0.0184622943,7.83120936,0.41297166,0.682938969,1,"Geno_at_37"
"Gm7729","ENSMUSG00000046636.5",0.0184601537,4.65514502,0.316878486,0.753564002,1,"Geno_at_37"
"Stk19","ENSMUSG00000061207.11",-0.0184407106,5.30832759,-0.431507873,0.66923147,1,"Geno_at_37"
"Fam50a","ENSMUSG00000001962.8",0.0184385339,5.46285336,0.426442117,0.672876712,1,"Geno_at_37"
"Lrrc47","ENSMUSG00000029028.14",0.018437757,6.22487606,0.476453221,0.637256213,1,"Geno_at_37"
"Ino80e","ENSMUSG00000030689.15",-0.0184342929,5.91441152,-0.42479186,0.674065965,1,"Geno_at_37"
"Cluh","ENSMUSG00000020741.17",-0.0184269465,7.28898262,-0.571821837,0.571767751,1,"Geno_at_37"
"Cep128","ENSMUSG00000061533.16",0.0184260408,5.02326135,0.387099687,0.701456669,1,"Geno_at_37"
"Lman2l","ENSMUSG00000001143.13",-0.0184105536,5.10154334,-0.441417366,0.662124461,1,"Geno_at_37"
"Gm22940","ENSMUSG00000089185.1",0.0184072726,-0.354859791,0.14906464,0.882515418,1,"Geno_at_37"
"Urb1","ENSMUSG00000039929.14",0.0184049921,5.83863451,0.430214834,0.670161148,1,"Geno_at_37"
"Rrm2","ENSMUSG00000020649.11",0.0184044542,8.54539591,0.394575764,0.696666006,1,"Geno_at_37"
"Gm9530","ENSMUSG00000096950.2",0.0184035341,-0.331583103,0.166810284,0.868655694,1,"Geno_at_37"
"Plcd1","ENSMUSG00000010660.3",-0.018403438,1.8373609,-0.141508395,0.888451266,1,"Geno_at_37"
"Sema6d","ENSMUSG00000027200.17",-0.0183970043,1.93678256,-0.197067501,0.845124089,1,"Geno_at_37"
"Klhl21","ENSMUSG00000073700.3",-0.0183945811,5.15160059,-0.368559227,0.715083986,1,"Geno_at_37"
"Cmss1","ENSMUSG00000022748.8",-0.0183909142,4.38743079,-0.25157512,0.803243656,1,"Geno_at_37"
"Gm27019","ENSMUSG00000097998.1",0.0183887667,-0.685178697,0.16318597,0.871483064,1,"Geno_at_37"
"Gm37876","ENSMUSG00000104108.1",0.0183887579,-0.180655155,0.134161411,0.894184639,1,"Geno_at_37"
"Ddx24","ENSMUSG00000041645.14",0.0183869339,7.16719831,0.574485493,0.569987821,1,"Geno_at_37"
"Arsk","ENSMUSG00000021592.18",-0.0183802807,2.79272064,-0.219794144,0.827542972,1,"Geno_at_37"
"Nckap1l","ENSMUSG00000022488.9",-0.0183796586,7.97506664,-0.73667057,0.467132072,1,"Geno_at_37"
"Timm17b","ENSMUSG00000031158.11",-0.0183775245,4.91350643,-0.465624284,0.64489854,1,"Geno_at_37"
"Ncoa3","ENSMUSG00000027678.17",0.0183757828,8.13574826,0.631199813,0.532762864,1,"Geno_at_37"
"Rb1cc1","ENSMUSG00000025907.14",-0.0183561177,6.6059821,-0.49019826,0.627614094,1,"Geno_at_37"
"Pcgf3","ENSMUSG00000033623.13",-0.0183532601,5.84144412,-0.54128774,0.59236756,1,"Geno_at_37"
"Capn1","ENSMUSG00000024942.17",-0.0183521009,6.58946952,-0.598654285,0.553965725,1,"Geno_at_37"
"Kdelr2","ENSMUSG00000079111.3",-0.0183512225,5.75660049,-0.4757406,0.637757899,1,"Geno_at_37"
"Spdl1","ENSMUSG00000069910.2",-0.0183512208,5.74373104,-0.538157434,0.594499511,1,"Geno_at_37"
"Noc3l","ENSMUSG00000024999.7",-0.0183487535,5.85487818,-0.525381416,0.603238849,1,"Geno_at_37"
"Gm11235","ENSMUSG00000083372.1",-0.0183485903,-0.353425246,-0.211111028,0.834249959,1,"Geno_at_37"
"Ipo4","ENSMUSG00000002319.16",-0.01834784,5.26144695,-0.353836487,0.725973965,1,"Geno_at_37"
"Irf2bp2","ENSMUSG00000051495.7",0.0183450843,7.07253478,0.276569362,0.785066153,1,"Geno_at_37"
"Coa4","ENSMUSG00000044881.7",0.0183291029,2.87375349,0.227997566,0.821218625,1,"Geno_at_37"
"Tmem51","ENSMUSG00000040616.3",0.0183283421,1.09383085,0.150146718,0.881669162,1,"Geno_at_37"
"Gm6665","ENSMUSG00000091561.3",-0.0183194273,-0.467128343,-0.148553412,0.882915282,1,"Geno_at_37"
"Fbxl8","ENSMUSG00000033313.11",-0.018314805,3.53550838,-0.300884957,0.765609421,1,"Geno_at_37"
"Vamp2","ENSMUSG00000020894.16",-0.0183125637,5.8232317,-0.448500066,0.657064295,1,"Geno_at_37"
"Gm35330","ENSMUSG00000114053.1",0.0183076793,-0.34554986,0.146649361,0.884404833,1,"Geno_at_37"
"Gm24996","ENSMUSG00000089015.1",-0.018304465,-0.825613406,-0.223237836,0.824886633,1,"Geno_at_37"
"Rabggtb","ENSMUSG00000038975.14",-0.0183013138,6.56727468,-0.619306445,0.540460901,1,"Geno_at_37"
"Nup62","ENSMUSG00000109511.1",0.018300912,7.4194103,0.507313898,0.615700473,1,"Geno_at_37"
"Lgals3bp","ENSMUSG00000033880.11",-0.0182969478,4.7830016,-0.235733738,0.815716842,1,"Geno_at_37"
"Eif2b3","ENSMUSG00000028683.14",-0.0182961132,5.05714467,-0.377046246,0.708833808,1,"Geno_at_37"
"Hnrnph1","ENSMUSG00000007850.16",0.0182959478,9.87700817,0.687071867,0.497395256,1,"Geno_at_37"
"Zfp384","ENSMUSG00000038346.18",-0.0182881788,6.4416086,-0.63357462,0.531232773,1,"Geno_at_37"
"Rpl3-ps1","ENSMUSG00000084349.3",-0.0182859786,9.80947848,-0.628387732,0.534577719,1,"Geno_at_37"
"Gm9892","ENSMUSG00000052825.6",-0.0182851156,6.64071042,-0.486592672,0.630137039,1,"Geno_at_37"
"Lsm3","ENSMUSG00000034192.5",0.0182789417,5.53272222,0.450956266,0.655313324,1,"Geno_at_37"
"Ptk2b","ENSMUSG00000059456.13",-0.0182687611,7.37807939,-0.434811766,0.666889888,1,"Geno_at_37"
"Gm13032","ENSMUSG00000085918.1",-0.0182640097,-0.812168407,-0.200718929,0.84229365,1,"Geno_at_37"
"Mrpl42","ENSMUSG00000062981.5",-0.0182561715,5.1774005,-0.37149227,0.712921678,1,"Geno_at_37"
"Wdr1","ENSMUSG00000005103.12",-0.0182553294,8.59687937,-0.688079503,0.496769684,1,"Geno_at_37"
"4933408N05Rik","ENSMUSG00000084848.1",-0.0182531608,-0.889889699,-0.218998173,0.828157251,1,"Geno_at_37"
"Zfp677","ENSMUSG00000062743.9",0.0182523328,3.18573185,0.26725405,0.791130222,1,"Geno_at_37"
"Pkdcc","ENSMUSG00000024247.14",0.0182502297,-0.758380988,0.194343051,0.847237345,1,"Geno_at_37"
"Nek6","ENSMUSG00000026749.11",-0.0182501756,6.44902805,-0.305764112,0.762622332,1,"Geno_at_37"
"Crnkl1","ENSMUSG00000001767.5",-0.0182395886,6.30694289,-0.56258811,0.577959411,1,"Geno_at_37"
"Ctcflos","ENSMUSG00000087382.7",-0.0182382253,0.192836829,-0.184857985,0.854603476,1,"Geno_at_37"
"Cnn3","ENSMUSG00000053931.11",-0.0182270549,4.89396146,-0.164978572,0.870855312,1,"Geno_at_37"
"Rpl9-ps6","ENSMUSG00000062456.4",-0.0182197228,7.55978307,-0.502013324,0.619378862,1,"Geno_at_37"
"Ppp6r3","ENSMUSG00000024908.15",0.018218141,7.68473422,0.619959147,0.540036924,1,"Geno_at_37"
"Cdc7","ENSMUSG00000029283.17",0.018211381,6.31474356,0.497863098,0.622265972,1,"Geno_at_37"
"Nme7","ENSMUSG00000026575.15",0.0181868642,4.24050512,0.38868507,0.700296,1,"Geno_at_37"
"Sppl2b","ENSMUSG00000035206.10",-0.0181809609,4.46799109,-0.349637561,0.729090612,1,"Geno_at_37"
"Gm17936","ENSMUSG00000106664.1",0.0181781971,-0.691758296,0.164972434,0.870089203,1,"Geno_at_37"
"Trbv24","ENSMUSG00000102955.1",0.01817426,-0.277691441,0.169021448,0.866931602,1,"Geno_at_37"
"Fam160b2","ENSMUSG00000022095.9",0.0181707233,4.99070364,0.393623662,0.696685153,1,"Geno_at_37"
"Gm2445","ENSMUSG00000098113.1",-0.0181702694,-0.324471621,-0.131863769,0.895985905,1,"Geno_at_37"
"Uba6","ENSMUSG00000035898.13",0.0181697157,6.44857111,0.555267937,0.582891401,1,"Geno_at_37"
"Bclaf3","ENSMUSG00000044150.12",0.0181598858,6.82486708,0.352344642,0.727530329,1,"Geno_at_37"
"Map7d1","ENSMUSG00000028849.17",-0.018158295,7.29379979,-0.453363492,0.653599197,1,"Geno_at_37"
"Zfp748","ENSMUSG00000095432.9",-0.018155087,4.49414464,-0.342987896,0.734035942,1,"Geno_at_37"
"Pitpnb","ENSMUSG00000050017.11",0.0181461476,6.85410533,0.626132459,0.536035589,1,"Geno_at_37"
"Pmepa1os","ENSMUSG00000087600.1",0.0181459538,-0.478039601,0.183362484,0.855766122,1,"Geno_at_37"
"Agap2","ENSMUSG00000025422.10",-0.0181450208,6.78508557,-0.454989018,0.652442785,1,"Geno_at_37"
"Casp3","ENSMUSG00000031628.9",0.0181439214,7.32463491,0.404487793,0.688969577,1,"Geno_at_37"
"Prrg1","ENSMUSG00000047996.16",0.0181395486,2.2656183,0.155143064,0.877775915,1,"Geno_at_37"
"Ruvbl2","ENSMUSG00000003868.14",-0.0181353919,6.74012102,-0.515165026,0.610270725,1,"Geno_at_37"
"Akr7a5","ENSMUSG00000028743.7",-0.0181335676,3.10781288,-0.246844936,0.806735306,1,"Geno_at_37"
"Neto2","ENSMUSG00000036902.11",0.0181302577,4.76941948,0.387267052,0.701334105,1,"Geno_at_37"
"Alox15","ENSMUSG00000018924.6",-0.018127211,3.07432778,-0.188449766,0.85183033,1,"Geno_at_37"
"Ndfip1","ENSMUSG00000024425.4",-0.0181233618,8.40844556,-0.606191072,0.549017205,1,"Geno_at_37"
"Trio","ENSMUSG00000022263.10",0.0181223732,6.34526357,0.443642501,0.660532972,1,"Geno_at_37"
"Gm5529","ENSMUSG00000067106.6",0.0181214523,2.47176909,0.242528827,0.81004609,1,"Geno_at_37"
"Emp1","ENSMUSG00000030208.15",-0.0181213929,8.69753074,-0.387690242,0.701736762,1,"Geno_at_37"
"Klf7","ENSMUSG00000025959.13",-0.0181184158,4.86981283,-0.370372369,0.71374701,1,"Geno_at_37"
"Abhd17b","ENSMUSG00000047368.4",-0.018115271,5.90660625,-0.448107529,0.657344309,1,"Geno_at_37"
"Tsr3","ENSMUSG00000015126.9",0.0181131937,4.2396716,0.339473179,0.736654532,1,"Geno_at_37"
"Pom121","ENSMUSG00000053293.9",-0.0181093466,7.46251831,-0.451116411,0.655199229,1,"Geno_at_37"
"Ssr1","ENSMUSG00000021427.10",0.0180801661,8.05956373,0.661347585,0.513514079,1,"Geno_at_37"
"Nkg7","ENSMUSG00000004612.9",-0.0180786644,5.26016208,-0.160223131,0.87460694,1,"Geno_at_37"
"Msl1","ENSMUSG00000052915.14",-0.0180733404,7.28954381,-0.590509954,0.559338839,1,"Geno_at_37"
"Ppia","ENSMUSG00000071866.12",0.0180661417,5.39296001,0.285864794,0.777326146,1,"Geno_at_37"
"Gm48369","ENSMUSG00000113349.1",0.0180624022,-0.401948437,0.162347112,0.872137715,1,"Geno_at_37"
"Ntn1","ENSMUSG00000020902.12",-0.0180587912,2.98167312,-0.221930479,0.825894834,1,"Geno_at_37"
"Patl1","ENSMUSG00000046139.8",-0.0180548977,6.54481176,-0.561980001,0.57836834,1,"Geno_at_37"
"C2cd4d","ENSMUSG00000091648.2",0.0180510976,0.78467063,0.155514131,0.877473611,1,"Geno_at_37"
"Srebf1","ENSMUSG00000020538.15",-0.0180486747,7.88061477,-0.376436949,0.709833099,1,"Geno_at_37"
"Vhl","ENSMUSG00000033933.13",0.0180475425,5.14748341,0.424693071,0.674137185,1,"Geno_at_37"
"St3gal1","ENSMUSG00000013846.10",0.0180447407,4.47100529,0.304347493,0.762996457,1,"Geno_at_37"
"Tia1","ENSMUSG00000071337.11",-0.0180440368,6.33694676,-0.199335838,0.844354881,1,"Geno_at_37"
"Wsb2","ENSMUSG00000029364.15",-0.0180364492,5.50796995,-0.384564599,0.703314143,1,"Geno_at_37"
"Lsg1","ENSMUSG00000022538.20",-0.0180348154,6.29489247,-0.609986411,0.546533963,1,"Geno_at_37"
"Abhd13","ENSMUSG00000040396.12",-0.018034163,5.67317745,-0.463960924,0.646075957,1,"Geno_at_37"
"D030056L22Rik","ENSMUSG00000047044.7",-0.0180315759,5.08057711,-0.342797507,0.734177705,1,"Geno_at_37"
"Gm10146","ENSMUSG00000064317.5",0.0180259714,4.61233793,0.332396176,0.741936892,1,"Geno_at_37"
"Gm20008","ENSMUSG00000117183.1",0.0180177917,4.60843543,0.300158815,0.766157753,1,"Geno_at_37"
"Gm19684","ENSMUSG00000092277.1",-0.0180147845,0.206389221,-0.133372427,0.894803109,1,"Geno_at_37"
"Ncdn","ENSMUSG00000028833.13",-0.0180126614,6.00995884,-0.530373909,0.599816539,1,"Geno_at_37"
"Setd3","ENSMUSG00000056770.15",-0.0180096606,7.15415059,-0.644224626,0.524399887,1,"Geno_at_37"
"Psma2","ENSMUSG00000015671.11",-0.0179965529,7.59434638,-0.610447473,0.546232694,1,"Geno_at_37"
"Arhgef12","ENSMUSG00000059495.14",0.0179956109,5.51835294,0.440444555,0.662820752,1,"Geno_at_37"
"Ankrd13b","ENSMUSG00000037907.16",-0.0179767963,5.43354611,-0.345960085,0.731824087,1,"Geno_at_37"
"Tbc1d10a","ENSMUSG00000034412.13",-0.0179765696,5.01931033,-0.461630858,0.647726873,1,"Geno_at_37"
"Gm21781","ENSMUSG00000095123.1",-0.0179551587,4.72055213,-0.333597421,0.74103936,1,"Geno_at_37"
"BC017158","ENSMUSG00000030780.15",0.0179546001,4.6718445,0.311809083,0.757375332,1,"Geno_at_37"
"Flot1","ENSMUSG00000059714.13",-0.0179496032,3.86332412,-0.317051361,0.75343414,1,"Geno_at_37"
"Paip1","ENSMUSG00000025451.15",0.0179421241,6.74267482,0.538687252,0.59413841,1,"Geno_at_37"
"Gm11703","ENSMUSG00000083394.2",-0.0179384283,0.433000979,-0.122573149,0.903275054,1,"Geno_at_37"
"Tsc2","ENSMUSG00000002496.10",0.0179355871,6.02237001,0.52769221,0.601653672,1,"Geno_at_37"
"Slc39a9","ENSMUSG00000048833.9",0.0179311131,6.01295527,0.56318023,0.577561373,1,"Geno_at_37"
"Parp1","ENSMUSG00000026496.11",0.0179300226,7.94204279,0.536631987,0.595539778,1,"Geno_at_37"
"Map4k2","ENSMUSG00000024948.15",-0.0179277038,8.28063286,-0.6889731,0.496215281,1,"Geno_at_37"
"Ndufa13","ENSMUSG00000036199.9",-0.0179189194,5.91638507,-0.459966895,0.648906954,1,"Geno_at_37"
"Etohd2","ENSMUSG00000089875.2",-0.0179176015,2.8297036,-0.231666226,0.81839423,1,"Geno_at_37"
"Fcho2","ENSMUSG00000041685.16",0.0179174153,6.77062213,0.455934568,0.651770517,1,"Geno_at_37"
"Trbj1-4","ENSMUSG00000076486.1",0.0179062161,2.19035074,0.177849949,0.860054551,1,"Geno_at_37"
"Mtx2","ENSMUSG00000027099.9",-0.0178825851,5.46526461,-0.472050995,0.640358176,1,"Geno_at_37"
"Psd4","ENSMUSG00000026979.16",0.0178733482,8.09698556,0.65917319,0.51488955,1,"Geno_at_37"
"Fam204a","ENSMUSG00000057858.8",-0.0178709037,4.69174725,-0.455280354,0.652235619,1,"Geno_at_37"
"Oip5os1","ENSMUSG00000085438.1",0.0178708005,8.00399046,0.589126037,0.560254497,1,"Geno_at_37"
"Taf8","ENSMUSG00000023980.7",-0.0178705746,5.66909871,-0.528145971,0.601342629,1,"Geno_at_37"
"Mrpl58","ENSMUSG00000018858.15",-0.0178665727,4.88612991,-0.418663882,0.678489554,1,"Geno_at_37"
"Ctdspl2","ENSMUSG00000033411.16",0.0178615236,6.36523089,0.536495556,0.595632859,1,"Geno_at_37"
"Gadd45g","ENSMUSG00000021453.2",-0.0178476647,3.81324173,-0.108909132,0.914566585,1,"Geno_at_37"
"P3h2","ENSMUSG00000038168.5",-0.0178463784,-0.854124006,-0.198185178,0.844257486,1,"Geno_at_37"
"Slc9a2","ENSMUSG00000026062.12",-0.0178457763,2.19071588,-0.196167327,0.845822192,1,"Geno_at_37"
"AI662270","ENSMUSG00000087107.8",0.0178441835,6.87562124,0.432847221,0.668269059,1,"Geno_at_37"
"Podnl1","ENSMUSG00000012889.8",0.017840673,3.5923693,0.186216072,0.853741497,1,"Geno_at_37"
"Trim27","ENSMUSG00000021326.13",-0.0178369263,6.95563072,-0.532627612,0.598274678,1,"Geno_at_37"
"Tigar","ENSMUSG00000038028.9",0.0178311407,4.56613028,0.308187204,0.760102181,1,"Geno_at_37"
"F730043M19Rik","ENSMUSG00000052125.16",-0.0178293988,6.58472109,-0.541715088,0.592076794,1,"Geno_at_37"
"Chmp4c","ENSMUSG00000027536.6",-0.0178284759,0.944456018,-0.120393569,0.904986355,1,"Geno_at_37"
"Ubp1","ENSMUSG00000009741.15",-0.0178257403,7.56670341,-0.668872786,0.508769377,1,"Geno_at_37"
"Strn3","ENSMUSG00000020954.16",0.0178229171,6.17255347,0.363507778,0.718913847,1,"Geno_at_37"
"Setd5","ENSMUSG00000034269.12",0.017817978,7.79643089,0.602037972,0.551741219,1,"Geno_at_37"
"Rnpep","ENSMUSG00000041926.15",-0.017817568,5.70335172,-0.49705418,0.622829411,1,"Geno_at_37"
"Ubtf","ENSMUSG00000020923.17",0.0178076926,8.48703777,0.647025599,0.522610717,1,"Geno_at_37"
"Pnrc1","ENSMUSG00000040128.9",-0.0178026454,6.58015849,-0.408048282,0.686180172,1,"Geno_at_37"
"Arhgap4","ENSMUSG00000031389.17",-0.0177960964,7.10557269,-0.382702877,0.704911876,1,"Geno_at_37"
"Ascc2","ENSMUSG00000020412.16",-0.0177943259,6.64446603,-0.582857297,0.564411701,1,"Geno_at_37"
"Fem1c","ENSMUSG00000033319.5",-0.0177929401,6.01873395,-0.543273118,0.591017298,1,"Geno_at_37"
"Zfp408","ENSMUSG00000075040.9",-0.0177924143,4.92714627,-0.396606159,0.69450799,1,"Geno_at_37"
"Paqr6","ENSMUSG00000041423.16",-0.0177907651,-0.710178678,-0.20859577,0.836195182,1,"Geno_at_37"
"Gm16861","ENSMUSG00000097397.2",0.0177830983,0.400463691,0.160175967,0.873832518,1,"Geno_at_37"
"B130021K23Rik","ENSMUSG00000108042.1",0.0177813954,1.08680744,0.138769534,0.890573782,1,"Geno_at_37"
"Rps16-ps2","ENSMUSG00000060419.8",-0.0177792761,9.57846471,-0.511603002,0.612731411,1,"Geno_at_37"
"Ube2d1","ENSMUSG00000019927.6",-0.0177778672,4.65696031,-0.332803908,0.741632206,1,"Geno_at_37"
"AI837181","ENSMUSG00000047423.10",-0.0177758852,5.06866528,-0.374277912,0.71087028,1,"Geno_at_37"
"Lexm","ENSMUSG00000054362.9",0.0177675976,-0.835217721,0.189285781,0.851163135,1,"Geno_at_37"
"Panx1","ENSMUSG00000031934.14",-0.0177674882,5.83934681,-0.53346749,0.597700563,1,"Geno_at_37"
"Rpl31-ps11","ENSMUSG00000062896.3",0.0177489921,-0.603411654,0.180852899,0.857717885,1,"Geno_at_37"
"Calhm6","ENSMUSG00000046031.7",0.0177468287,2.50007929,0.174846483,0.862392908,1,"Geno_at_37"
"Secisbp2l","ENSMUSG00000035093.16",0.0177283946,6.89969856,0.598734723,0.55391279,1,"Geno_at_37"
"Tusc2","ENSMUSG00000010054.4",-0.0177271263,3.76601675,-0.28058476,0.780984258,1,"Geno_at_37"
"Idh1","ENSMUSG00000025950.16",0.0177162318,4.43910546,0.370989144,0.713292422,1,"Geno_at_37"
"Ppp2r5e","ENSMUSG00000021051.10",-0.0177158899,6.48415482,-0.574264381,0.570135469,1,"Geno_at_37"
"Wdr26","ENSMUSG00000038733.14",-0.0177045565,8.2456421,-0.583849656,0.563752565,1,"Geno_at_37"
"Stxbp5","ENSMUSG00000019790.17",-0.0176891174,6.25960644,-0.53382334,0.597457395,1,"Geno_at_37"
"D430013B06Rik","ENSMUSG00000103821.1",-0.0176885147,1.95093645,-0.181963392,0.856854115,1,"Geno_at_37"
"Gm38188","ENSMUSG00000103576.1",0.0176883358,1.4952172,0.168208955,0.867565043,1,"Geno_at_37"
"Myo9b","ENSMUSG00000004677.17",0.0176864017,7.54899025,0.601478053,0.552109002,1,"Geno_at_37"
"Smc2","ENSMUSG00000028312.19",0.0176796449,8.34173783,0.507540997,0.615543101,1,"Geno_at_37"
"Chfr","ENSMUSG00000014668.15",0.0176736489,6.62267385,0.652992429,0.518810321,1,"Geno_at_37"
"Erp44","ENSMUSG00000028343.10",-0.0176727049,6.31997528,-0.424171919,0.674512945,1,"Geno_at_37"
"Dusp15","ENSMUSG00000042662.16",-0.0176724723,-0.905014345,-0.227139356,0.82187969,1,"Geno_at_37"
"Mnt","ENSMUSG00000000282.12",-0.0176552975,5.89296259,-0.372729116,0.712010571,1,"Geno_at_37"
"Kin","ENSMUSG00000037262.7",-0.0176530391,4.79014463,-0.38448372,0.703373434,1,"Geno_at_37"
"Slc4a11","ENSMUSG00000074796.10",-0.0176485599,6.88500886,-0.218724469,0.829406527,1,"Geno_at_37"
"Degs2","ENSMUSG00000021263.11",-0.0176447724,0.959463598,-0.116690561,0.907902703,1,"Geno_at_37"
"Nptxr","ENSMUSG00000022421.19",0.0176404155,0.583272039,0.127007432,0.899794935,1,"Geno_at_37"
"Eif2b2","ENSMUSG00000004788.11",-0.0176381259,6.21495987,-0.512045656,0.61242537,1,"Geno_at_37"
"Gm5422","ENSMUSG00000039684.9",0.0176379671,3.64715539,0.270744175,0.788470219,1,"Geno_at_37"
"Kif3a","ENSMUSG00000018395.19",-0.0176305051,3.10068434,-0.227400133,0.821678804,1,"Geno_at_37"
"Cep19","ENSMUSG00000035790.15",-0.0176291628,3.62823376,-0.330354497,0.743463219,1,"Geno_at_37"
"Gm13680","ENSMUSG00000081400.1",0.0176207753,7.85730042,0.496566794,0.623169004,1,"Geno_at_37"
"Polr1e","ENSMUSG00000028318.14",-0.017612881,4.99671994,-0.45723372,0.650847329,1,"Geno_at_37"
"Msl2","ENSMUSG00000066415.4",-0.0175996263,6.99886015,-0.496376609,0.623301541,1,"Geno_at_37"
"Rnf19a","ENSMUSG00000022280.9",0.0175919596,6.53983603,0.436191297,0.665868621,1,"Geno_at_37"
"B4galt4","ENSMUSG00000022793.17",0.0175881023,3.28380306,0.200787907,0.842240201,1,"Geno_at_37"
"Mdm1","ENSMUSG00000020212.14",-0.0175851832,3.9406027,-0.26799779,0.790563163,1,"Geno_at_37"
"Gm25406","ENSMUSG00000088224.1",0.0175851068,-0.345327356,0.169476447,0.866576912,1,"Geno_at_37"
"Ptpn22","ENSMUSG00000027843.13",0.0175844936,7.07724188,0.451890369,0.654647945,1,"Geno_at_37"
"Gm20570","ENSMUSG00000118164.1",-0.0175664751,4.8604169,-0.237984428,0.813920166,1,"Geno_at_37"
"Cdc42se2","ENSMUSG00000052298.12",0.0175625593,6.82144126,0.568492718,0.573996262,1,"Geno_at_37"
"Traf3ip3","ENSMUSG00000037318.10",-0.0175606818,6.45164059,-0.352357242,0.727294195,1,"Geno_at_37"
"Gm5776","ENSMUSG00000099647.1",0.0175565936,3.45812949,0.277937177,0.782996271,1,"Geno_at_37"
"D8Ertd738e","ENSMUSG00000019362.8",-0.0175518937,6.11290411,-0.509613583,0.614107727,1,"Geno_at_37"
"Nemf","ENSMUSG00000020982.9",-0.0175462504,7.00197834,-0.615975897,0.542627052,1,"Geno_at_37"
"E430024I08Rik","ENSMUSG00000112964.1",0.0175441377,3.3401038,0.252248828,0.802595245,1,"Geno_at_37"
"Abcf1","ENSMUSG00000038762.15",-0.0175384124,8.03322575,-0.644405207,0.524284438,1,"Geno_at_37"
"Stoml1","ENSMUSG00000032333.6",-0.0175362574,4.34073393,-0.375457258,0.71000245,1,"Geno_at_37"
"Rnf219","ENSMUSG00000022120.4",0.0175335975,5.28038124,0.401621036,0.690853207,1,"Geno_at_37"
"Retreg3","ENSMUSG00000017802.14",-0.0175332074,6.70018238,-0.607510262,0.548153412,1,"Geno_at_37"
"Desi1","ENSMUSG00000022472.16",-0.017528664,5.36198583,-0.451614694,0.654844283,1,"Geno_at_37"
"Wdr18","ENSMUSG00000035754.8",-0.0175259796,6.00287136,-0.480200257,0.63462117,1,"Geno_at_37"
"Zfp319","ENSMUSG00000046556.7",0.0175186541,5.24437793,0.483942647,0.631994245,1,"Geno_at_37"
"Gm42748","ENSMUSG00000105742.1",0.0175112359,2.53451336,0.172306254,0.864371601,1,"Geno_at_37"
"Ambra1","ENSMUSG00000040506.16",0.0175111182,6.28621409,0.552352857,0.584861177,1,"Geno_at_37"
"Nfxl1","ENSMUSG00000072889.9",-0.0175052422,4.4460798,-0.344550167,0.732873035,1,"Geno_at_37"
"Tomm40l","ENSMUSG00000005674.9",0.0175010012,3.56619932,0.252903502,0.802094075,1,"Geno_at_37"
"5430430B14Rik","ENSMUSG00000109953.1",0.0174987215,0.2618546,0.129781602,0.897618733,1,"Geno_at_37"
"Emg1","ENSMUSG00000004268.11",-0.0174977948,7.27010282,-0.635136011,0.530228044,1,"Geno_at_37"
"Pus7l","ENSMUSG00000033356.3",0.0174885791,3.98852112,0.261786775,0.795302246,1,"Geno_at_37"
"Gm43713","ENSMUSG00000106218.1",-0.0174770517,-0.193592191,-0.140528636,0.889196,1,"Geno_at_37"
"Stac","ENSMUSG00000032502.8",-0.0174769424,-0.482147146,-0.128273079,0.898801997,1,"Geno_at_37"
"Banf1","ENSMUSG00000024844.15",-0.0174730237,7.02821291,-0.440118914,0.663053899,1,"Geno_at_37"
"Tspan6","ENSMUSG00000067377.12",0.0174724715,3.64524002,0.214975733,0.831263196,1,"Geno_at_37"
"Gm22888","ENSMUSG00000089265.1",0.0174721458,0.0789536473,0.1256368,0.900870423,1,"Geno_at_37"
"Pigc","ENSMUSG00000026698.8",0.0174614293,4.32824384,0.315020209,0.754960384,1,"Geno_at_37"
"1700034H15Rik","ENSMUSG00000055833.14",0.0174586516,0.374404286,0.14452396,0.886068055,1,"Geno_at_37"
"Cdca5","ENSMUSG00000024791.10",0.0174534066,6.28574555,0.433713319,0.667647015,1,"Geno_at_37"
"Ercc6","ENSMUSG00000054051.7",-0.0174504306,6.40711153,-0.484822028,0.631377681,1,"Geno_at_37"
"Fam104a","ENSMUSG00000041629.7",-0.0174476726,5.21476064,-0.398458362,0.693157251,1,"Geno_at_37"
"Tmem273","ENSMUSG00000041707.8",0.0174425327,1.70049224,0.147749834,0.883543873,1,"Geno_at_37"
"Pycr2","ENSMUSG00000026520.8",0.0174395003,5.67130463,0.465796646,0.644776587,1,"Geno_at_37"
"Mir7675","ENSMUSG00000098879.1",-0.017423304,-0.604452462,-0.154694475,0.878114081,1,"Geno_at_37"
"Gm23706","ENSMUSG00000077557.1",0.0174229877,-0.356843614,0.112588618,0.9111886,1,"Geno_at_37"
"Oxa1l","ENSMUSG00000000959.7",-0.0174226373,5.81135738,-0.377345642,0.708613694,1,"Geno_at_37"
"Fgfr1op","ENSMUSG00000069135.11",-0.0174182206,6.29930209,-0.516354108,0.609450322,1,"Geno_at_37"
"Snrpd3","ENSMUSG00000020180.10",0.0174144363,6.95707417,0.462618954,0.647026557,1,"Geno_at_37"
"Iqgap1","ENSMUSG00000030536.10",0.0174105936,9.31468518,0.779013907,0.442166481,1,"Geno_at_37"
"Aacs","ENSMUSG00000029482.4",-0.0174069913,6.88618607,-0.504968019,0.617327176,1,"Geno_at_37"
"Gm13408","ENSMUSG00000081992.1",0.0173999126,0.410508883,0.138392106,0.89086944,1,"Geno_at_37"
"Pld1","ENSMUSG00000027695.16",-0.0173993799,-0.623596281,-0.145661723,0.885177638,1,"Geno_at_37"
"Gpbp1","ENSMUSG00000032745.18",0.0173985155,8.23848529,0.510934618,0.613193651,1,"Geno_at_37"
"Ifi35","ENSMUSG00000010358.13",0.0173946446,5.6186364,0.446275841,0.658651605,1,"Geno_at_37"
"Aqr","ENSMUSG00000040383.16",0.0173887604,7.22832418,0.657217907,0.516128133,1,"Geno_at_37"
"Copb2","ENSMUSG00000032458.6",-0.0173837903,7.79339098,-0.66079912,0.513860835,1,"Geno_at_37"
"Gm16845","ENSMUSG00000096981.2",0.0173833922,1.42476267,0.175574962,0.861825631,1,"Geno_at_37"
"Prelid2","ENSMUSG00000056671.7",-0.0173791603,4.93421845,-0.125738417,0.901461435,1,"Geno_at_37"
"Arl11","ENSMUSG00000043157.8",0.0173768601,-0.551399172,0.157437319,0.875971183,1,"Geno_at_37"
"Rpl7a-ps5","ENSMUSG00000071052.4",-0.0173729615,3.1066292,-0.205646678,0.83847726,1,"Geno_at_37"
"Slc31a1","ENSMUSG00000066150.12",-0.0173722191,5.86937431,-0.503397217,0.618417523,1,"Geno_at_37"
"Gm20701","ENSMUSG00000093758.1",-0.0173599306,-0.548465445,-0.150718019,0.881222425,1,"Geno_at_37"
"Gm37785","ENSMUSG00000102526.1",0.0173521824,-0.574984079,0.174014523,0.863040858,1,"Geno_at_37"
"Gm50170","ENSMUSG00000117982.1",0.0173517258,-0.964440383,0.250020367,0.804301828,1,"Geno_at_37"
"Acox2","ENSMUSG00000021751.13",-0.0173496047,0.600447557,-0.121671425,0.903982987,1,"Geno_at_37"
"Desi2","ENSMUSG00000026502.13",-0.0173478512,6.10532204,-0.480595953,0.634343186,1,"Geno_at_37"
"Filip1","ENSMUSG00000034898.17",0.0173433829,-0.582594389,0.151990897,0.880227221,1,"Geno_at_37"
"Ccnyl1","ENSMUSG00000070871.10",-0.0173356656,3.15476076,-0.268892357,0.789881264,1,"Geno_at_37"
"Lifr","ENSMUSG00000054263.12",-0.0173305547,-0.633430557,-0.166773558,0.868684335,1,"Geno_at_37"
"Gemin8","ENSMUSG00000040621.14",-0.0173173774,3.43829612,-0.274361161,0.785716264,1,"Geno_at_37"
"Sgk3","ENSMUSG00000025915.14",-0.0173158007,4.54435272,-0.381515851,0.705550448,1,"Geno_at_37"
"Rapgef6","ENSMUSG00000037533.20",-0.0173061269,8.51963642,-0.550110227,0.586378777,1,"Geno_at_37"
"Sirt5","ENSMUSG00000054021.6",-0.0172965286,2.80285564,-0.203591485,0.840068464,1,"Geno_at_37"
"Syt5","ENSMUSG00000004961.7",0.0172957778,-0.193459426,0.143338245,0.886996161,1,"Geno_at_37"
"Irf2","ENSMUSG00000031627.9",-0.017291046,6.4065283,-0.491653449,0.626597144,1,"Geno_at_37"
"Bccip","ENSMUSG00000030983.4",-0.0172898869,6.21887446,-0.429319912,0.670804895,1,"Geno_at_37"
"1700025G04Rik","ENSMUSG00000032666.16",-0.017288629,5.7913107,-0.458404968,0.650015514,1,"Geno_at_37"
"Xrcc2","ENSMUSG00000028933.11",0.0172883027,5.35635803,0.413761689,0.682036703,1,"Geno_at_37"
"9330175E14Rik","ENSMUSG00000097194.2",0.0172863595,4.47371728,0.312591022,0.756787039,1,"Geno_at_37"
"Obscn","ENSMUSG00000061462.18",-0.0172747628,-0.735881359,-0.15337795,0.879142976,1,"Geno_at_37"
"Psme4","ENSMUSG00000040850.17",0.0172718907,7.12654655,0.516732467,0.609189383,1,"Geno_at_37"
"Ppp1cc","ENSMUSG00000004455.16",-0.0172690429,6.14507087,-0.498757149,0.621643506,1,"Geno_at_37"
"Fbxw5","ENSMUSG00000015095.12",-0.0172659011,5.64858748,-0.382672036,0.704702052,1,"Geno_at_37"
"Neurl4","ENSMUSG00000047284.14",0.01726465,6.11327665,0.418058214,0.678927403,1,"Geno_at_37"
"Kif7","ENSMUSG00000050382.14",0.017262988,3.27106289,0.246391579,0.807082896,1,"Geno_at_37"
"Gm12472","ENSMUSG00000085351.1",0.0172618766,-0.610600485,0.139237611,0.890207135,1,"Geno_at_37"
"Pnp2","ENSMUSG00000068417.8",-0.0172550692,0.453170444,-0.133097244,0.895018835,1,"Geno_at_37"
"Mllt1","ENSMUSG00000024212.9",-0.0172497493,6.76726494,-0.506220661,0.61645831,1,"Geno_at_37"
"Ebna1bp2","ENSMUSG00000028729.15",0.0172411781,7.07638625,0.53902787,0.593906315,1,"Geno_at_37"
"Trim21","ENSMUSG00000030966.13",-0.0172386567,4.95630799,-0.341845904,0.734886412,1,"Geno_at_37"
"Fbxo7","ENSMUSG00000001786.14",-0.0172380359,4.82772679,-0.38278163,0.704621653,1,"Geno_at_37"
"Copa","ENSMUSG00000026553.17",0.0172325348,8.35689725,0.68000072,0.501797625,1,"Geno_at_37"
"Smim12","ENSMUSG00000042380.8",-0.0172317607,3.81131935,-0.278547233,0.782532528,1,"Geno_at_37"
"Ccr1l1","ENSMUSG00000064039.4",-0.0172304405,-0.990476608,-0.256825779,0.799093271,1,"Geno_at_37"
"Aldh1b1","ENSMUSG00000035561.5",-0.0172286238,2.66504958,-0.187830055,0.852293891,1,"Geno_at_37"
"Tmed10-ps","ENSMUSG00000114251.1",0.017227649,5.18042881,0.416932358,0.679741607,1,"Geno_at_37"
"Zfp758","ENSMUSG00000044501.17",0.0172224328,4.28977999,0.317580446,0.753036742,1,"Geno_at_37"
"Gm6485","ENSMUSG00000089999.1",0.0172178096,3.67100184,0.259269813,0.797224994,1,"Geno_at_37"
"1110003F10Rik","ENSMUSG00000106291.1",0.0172045971,0.238847099,0.130955773,0.896697895,1,"Geno_at_37"
"Rint1","ENSMUSG00000028999.15",0.0172014059,4.94436474,0.381527804,0.705541675,1,"Geno_at_37"
"Eps15l1","ENSMUSG00000006276.10",0.0172012888,6.47302002,0.443001402,0.660991342,1,"Geno_at_37"
"Gne","ENSMUSG00000028479.18",-0.0171972547,4.83012214,-0.27307446,0.786762512,1,"Geno_at_37"
"Mkrn1","ENSMUSG00000029922.15",0.0171970978,6.15927675,0.525497058,0.603159473,1,"Geno_at_37"
"Mmgt1","ENSMUSG00000061273.3",0.0171954404,5.81116415,0.434567219,0.667033966,1,"Geno_at_37"
"Chchd4","ENSMUSG00000034203.8",-0.0171827895,5.32593045,-0.331959302,0.742263403,1,"Geno_at_37"
"Cwf19l2","ENSMUSG00000025898.6",-0.0171816564,5.6417647,-0.48421151,0.631805708,1,"Geno_at_37"
"Asxl1","ENSMUSG00000042548.14",-0.0171806482,8.3097963,-0.486262655,0.63036819,1,"Geno_at_37"
"Vapa","ENSMUSG00000024091.9",-0.0171773821,6.91096667,-0.476617698,0.637140445,1,"Geno_at_37"
"Gm14636","ENSMUSG00000073274.4",-0.0171699304,-0.966201945,-0.231467541,0.818547129,1,"Geno_at_37"
"Klhdc8b","ENSMUSG00000032609.12",0.0171683681,3.15563079,0.232501781,0.817751305,1,"Geno_at_37"
"Lrif1","ENSMUSG00000056260.15",-0.0171669109,5.7741429,-0.418847027,0.678357177,1,"Geno_at_37"
"Rhobtb2","ENSMUSG00000022075.7",-0.0171641284,3.99436118,-0.258399483,0.797890155,1,"Geno_at_37"
"Gm15597","ENSMUSG00000085846.1",0.0171619614,-0.363514467,0.142855595,0.887373997,1,"Geno_at_37"
"Trp53cor1","ENSMUSG00000085912.2",-0.0171616023,-0.185721572,-0.140837948,0.888953774,1,"Geno_at_37"
"Bmyc","ENSMUSG00000049086.8",-0.017147701,3.33579837,-0.248990526,0.805090825,1,"Geno_at_37"
"Zfp512","ENSMUSG00000062761.7",-0.0171444007,5.40399186,-0.375054894,0.710298488,1,"Geno_at_37"
"Btbd1","ENSMUSG00000025103.8",0.0171434227,5.92223472,0.454174853,0.653021879,1,"Geno_at_37"
"Gm42789","ENSMUSG00000107340.1",0.0171404727,-0.315000342,0.148262983,0.883142458,1,"Geno_at_37"
"Gm16045","ENSMUSG00000086050.1",-0.0171383695,-0.515720838,-0.16415003,0.870730819,1,"Geno_at_37"
"Fbxo2","ENSMUSG00000041556.8",-0.017123551,2.56125918,-0.177298802,0.860483552,1,"Geno_at_37"
"Cpm","ENSMUSG00000020183.11",0.0171181773,3.57377376,0.101931136,0.92000822,1,"Geno_at_37"
"Ndufa8","ENSMUSG00000026895.7",0.0171167396,5.82312822,0.458921737,0.649648653,1,"Geno_at_37"
"Msto1","ENSMUSG00000068922.14",-0.0171150993,4.9865886,-0.436502638,0.665645318,1,"Geno_at_37"
"Cdpf1","ENSMUSG00000064284.12",-0.0171139238,3.42287491,-0.266037302,0.792058171,1,"Geno_at_37"
"Rad23b","ENSMUSG00000028426.10",0.0171132704,7.94661683,0.593902425,0.557097472,1,"Geno_at_37"
"Emc2","ENSMUSG00000022337.7",0.0171092204,5.20665213,0.369274699,0.7145563,1,"Geno_at_37"
"Ola1","ENSMUSG00000027108.15",-0.0171071133,6.61589443,-0.474075727,0.638930653,1,"Geno_at_37"
"Snx5","ENSMUSG00000027423.15",-0.0171018973,8.46608088,-0.574276661,0.570127268,1,"Geno_at_37"
"Crygn","ENSMUSG00000038135.4",0.0171001185,-0.466408154,0.157747684,0.875728765,1,"Geno_at_37"
"Arl1","ENSMUSG00000060904.14",-0.0170994677,6.75266523,-0.512832368,0.61188163,1,"Geno_at_37"
"Grhl1","ENSMUSG00000020656.16",-0.0170901809,2.63468688,-0.214864109,0.831349427,1,"Geno_at_37"
"Prmt1","ENSMUSG00000109324.2",0.0170896465,7.75976132,0.430306226,0.67009542,1,"Geno_at_37"
"Tyw3","ENSMUSG00000047583.9",-0.0170853417,3.03986776,-0.264686191,0.793088955,1,"Geno_at_37"
"Lyar","ENSMUSG00000067367.9",0.0170840439,6.71480154,0.407453036,0.686612429,1,"Geno_at_37"
"Cdipt","ENSMUSG00000030682.4",-0.0170723721,6.65736476,-0.599123854,0.553656745,1,"Geno_at_37"
"Qprt","ENSMUSG00000030674.5",0.0170711833,2.95340944,0.199802938,0.843003489,1,"Geno_at_37"
"Mef2c","ENSMUSG00000005583.16",-0.0170708696,-0.7465772,-0.159566916,0.874308055,1,"Geno_at_37"
"Brox","ENSMUSG00000046836.13",0.0170671708,6.10969473,0.483650012,0.632199481,1,"Geno_at_37"
"Cdk5rap2","ENSMUSG00000039298.16",0.0170659355,5.78197394,0.398282178,0.693285691,1,"Geno_at_37"
"Kif26b","ENSMUSG00000026494.12",-0.0170601253,-0.762845066,-0.187959729,0.852193151,1,"Geno_at_37"
"Wdr48","ENSMUSG00000032512.7",0.0170554092,6.62181832,0.569752938,0.573152162,1,"Geno_at_37"
"Senp5","ENSMUSG00000022772.12",-0.0170534167,6.25249362,-0.429384968,0.67075809,1,"Geno_at_37"
"C330011M18Rik","ENSMUSG00000056753.3",0.0170481518,0.650212782,0.133170338,0.894961533,1,"Geno_at_37"
"4933430I17Rik","ENSMUSG00000058046.1",0.01704394,3.27105153,0.210325867,0.834857064,1,"Geno_at_37"
"Faap20","ENSMUSG00000073684.13",0.0170348639,4.71870235,0.34025026,0.736075301,1,"Geno_at_37"
"Ttc26","ENSMUSG00000056832.14",-0.0170226399,0.385911396,-0.133599895,0.894624794,1,"Geno_at_37"
"Gba2","ENSMUSG00000028467.15",-0.017021866,4.83209771,-0.301875221,0.764861841,1,"Geno_at_37"
"Casp2","ENSMUSG00000029863.13",-0.017020758,7.25189402,-0.506526184,0.616246476,1,"Geno_at_37"
"Rhbdd2","ENSMUSG00000039917.10",0.0170159251,4.23490352,0.314293723,0.755506523,1,"Geno_at_37"
"Gm37248","ENSMUSG00000103216.1",0.0170149076,-0.270562344,0.152070322,0.880165129,1,"Geno_at_37"
"Grcc10","ENSMUSG00000072772.3",-0.0170102931,2.9407416,-0.237299516,0.814062156,1,"Geno_at_37"
"Fam161a","ENSMUSG00000049811.17",0.0170079575,0.706708093,0.128582914,0.898558947,1,"Geno_at_37"
"A530041M06Rik","ENSMUSG00000104973.1",-0.0170066355,0.175338446,-0.130143702,0.897334742,1,"Geno_at_37"
"Atl3","ENSMUSG00000024759.14",0.0170040715,8.11069544,0.622170339,0.538601898,1,"Geno_at_37"
"Gm29676","ENSMUSG00000113689.1",-0.0169964059,-0.745275404,-0.173101915,0.86375173,1,"Geno_at_37"
"Rpl27-ps3","ENSMUSG00000073640.3",0.0169939483,0.912866548,0.160819056,0.873330457,1,"Geno_at_37"
"Mob1a","ENSMUSG00000043131.14",-0.0169895645,8.26822882,-0.615272945,0.543084825,1,"Geno_at_37"
"Gm47817","ENSMUSG00000113752.1",-0.0169893081,0.912874265,-0.147186052,0.883984933,1,"Geno_at_37"
"2210016F16Rik","ENSMUSG00000021550.6",-0.0169806579,5.65657881,-0.410251676,0.684581045,1,"Geno_at_37"
"Rragc","ENSMUSG00000028646.16",-0.0169740553,6.41081001,-0.5159661,0.60971797,1,"Geno_at_37"
"Cmtm3","ENSMUSG00000031875.7",0.016971654,2.51842899,0.210328751,0.834854833,1,"Geno_at_37"
"Zfp445","ENSMUSG00000047036.8",0.0169696142,7.6255227,0.605214963,0.549656806,1,"Geno_at_37"
"Prelid3a","ENSMUSG00000024530.8",0.0169672383,-0.284934677,0.149560124,0.8821279,1,"Geno_at_37"
"Med20","ENSMUSG00000092558.3",-0.0169656884,5.48392518,-0.429622403,0.670587275,1,"Geno_at_37"
"Rnf141","ENSMUSG00000030788.16",0.0169649223,5.57887851,0.394749001,0.695863368,1,"Geno_at_37"
"Gm43703","ENSMUSG00000105699.1",0.0169593748,0.781552197,0.151915025,0.880286536,1,"Geno_at_37"
"Gng5","ENSMUSG00000068523.12",-0.0169579231,5.6534154,-0.383234639,0.70428936,1,"Geno_at_37"
"Rgs19","ENSMUSG00000002458.13",0.0169568133,5.6499403,0.389309895,0.699838764,1,"Geno_at_37"
"Sap18","ENSMUSG00000021963.17",-0.016952305,4.29894565,-0.363389733,0.718900907,1,"Geno_at_37"
"Txlng","ENSMUSG00000038344.14",-0.0169439819,5.29853839,-0.371138636,0.713182257,1,"Geno_at_37"
"Mtmr14","ENSMUSG00000030269.14",-0.0169412689,5.33243892,-0.401111718,0.691224048,1,"Geno_at_37"
"Dgkd","ENSMUSG00000070738.10",0.0169389024,7.49037544,0.572870561,0.571066633,1,"Geno_at_37"
"Copg2","ENSMUSG00000025607.15",0.0169385111,6.17112299,0.449646342,0.656246892,1,"Geno_at_37"
"Gm38062","ENSMUSG00000104488.1",0.016931932,-0.36476911,0.139027433,0.890371765,1,"Geno_at_37"
"Fndc7","ENSMUSG00000045326.13",0.0169314809,-0.431849562,0.139663705,0.889873396,1,"Geno_at_37"
"Cdkn2d","ENSMUSG00000096472.2",0.0169244409,5.08709851,0.305544068,0.762094134,1,"Geno_at_37"
"Aldh9a1","ENSMUSG00000026687.14",0.0169223799,6.08811199,0.498350805,0.62192638,1,"Geno_at_37"
"Crip1","ENSMUSG00000006360.11",0.0169219855,5.52324742,0.322012645,0.749716953,1,"Geno_at_37"
"Gm6263","ENSMUSG00000080966.1",-0.0169162315,0.848753053,-0.149073588,0.88250842,1,"Geno_at_37"
"Ddx25","ENSMUSG00000032101.6",0.0169157592,-0.822422204,0.20613302,0.838100818,1,"Geno_at_37"
"Gngt2","ENSMUSG00000038811.13",0.0169155541,2.11912031,0.174406615,0.862735475,1,"Geno_at_37"
"Sumo3","ENSMUSG00000020265.16",0.0169107461,6.78748873,0.447135234,0.65803811,1,"Geno_at_37"
"Anapc15","ENSMUSG00000030649.18",0.0168992744,4.508395,0.350219255,0.728658568,1,"Geno_at_37"
"Itpkb","ENSMUSG00000038855.10",-0.016895178,7.23564635,-0.421438179,0.676485424,1,"Geno_at_37"
"Cipc","ENSMUSG00000034157.12",0.0168942001,5.35182371,0.417410074,0.679396081,1,"Geno_at_37"
"Spred3","ENSMUSG00000037239.8",-0.016893755,1.67227444,-0.132283762,0.895656603,1,"Geno_at_37"
"N6amt1","ENSMUSG00000044442.11",0.0168720324,4.3305443,0.332786266,0.741645389,1,"Geno_at_37"
"Zfp189","ENSMUSG00000039634.12",-0.0168671606,3.22778711,-0.230277268,0.819463259,1,"Geno_at_37"
"Scaf4","ENSMUSG00000022983.16",-0.01686357,6.918661,-0.505793107,0.616754809,1,"Geno_at_37"
"Sptbn5","ENSMUSG00000074899.6",-0.0168601995,-0.245444451,-0.143721468,0.88669618,1,"Geno_at_37"
"Clint1","ENSMUSG00000006169.20",-0.0168589253,7.6484599,-0.521202775,0.606110351,1,"Geno_at_37"
"Plekhf2","ENSMUSG00000049969.3",-0.0168515099,7.24893681,-0.317756988,0.753519046,1,"Geno_at_37"
"Gm22513","ENSMUSG00000096349.1",-0.0168486739,0.104253062,-0.113893856,0.91009234,1,"Geno_at_37"
"Rnf32","ENSMUSG00000029130.12",0.016839616,0.503406758,0.13680825,0.892110328,1,"Geno_at_37"
"Lgr4","ENSMUSG00000050199.13",0.0168386383,0.283790724,0.13381787,0.894453926,1,"Geno_at_37"
"Txn1","ENSMUSG00000028367.5",-0.0168340817,8.23183018,-0.466951004,0.643960086,1,"Geno_at_37"
"Ablim1","ENSMUSG00000025085.16",0.0168329764,8.72406084,0.409055567,0.685716709,1,"Geno_at_37"
"Haus3","ENSMUSG00000079555.2",-0.0168315087,6.12948711,-0.405471238,0.688052352,1,"Geno_at_37"
"C1d","ENSMUSG00000000581.8",-0.016831071,5.80271131,-0.395889221,0.6950311,1,"Geno_at_37"
"Trav13n-1","ENSMUSG00000104629.1",-0.016830992,0.300007124,-0.140483063,0.88923169,1,"Geno_at_37"
"Bcl2l11","ENSMUSG00000027381.16",0.0168286478,5.55229313,0.305999282,0.761865087,1,"Geno_at_37"
"Ogfrl1","ENSMUSG00000026158.11",0.0168277751,3.87829845,0.253914363,0.801320403,1,"Geno_at_37"
"Gm33994","ENSMUSG00000104509.1",-0.0168258923,-0.337610131,-0.150477087,0.88141082,1,"Geno_at_37"
"Itpa-ps1","ENSMUSG00000081476.1",0.0168195866,5.15687629,0.394008181,0.696404314,1,"Geno_at_37"
"Zbtb2","ENSMUSG00000075327.10",0.0168185444,5.41621311,0.314598505,0.755278088,1,"Geno_at_37"
"Vcpip1","ENSMUSG00000045210.8",0.0168111299,6.55738825,0.544660553,0.590074582,1,"Geno_at_37"
"Arhgap33","ENSMUSG00000036882.7",-0.0168107757,4.46987938,-0.318678677,0.752212076,1,"Geno_at_37"
"Zfp995","ENSMUSG00000078546.8",-0.0168077022,3.2475574,-0.222769097,0.825248078,1,"Geno_at_37"
"E030030I06Rik","ENSMUSG00000097327.7",-0.0168054999,0.942117897,-0.127839583,0.899142069,1,"Geno_at_37"
"Nek11","ENSMUSG00000035032.12",-0.0168051927,-0.875898519,-0.213479072,0.83241956,1,"Geno_at_37"
"Ncoa2","ENSMUSG00000005886.14",0.0167974257,7.60961524,0.512566363,0.612065456,1,"Geno_at_37"
"Adal","ENSMUSG00000027259.15",0.0167954598,4.37553259,0.267823682,0.7906959,1,"Geno_at_37"
"Gm14429","ENSMUSG00000081574.1",0.016791787,-0.47160417,0.120117222,0.905218365,1,"Geno_at_37"
"Ssbp3","ENSMUSG00000061887.14",0.0167893611,6.22479815,0.48203299,0.633334098,1,"Geno_at_37"
"Rptor","ENSMUSG00000025583.15",0.0167863335,5.95711059,0.346372445,0.7315174,1,"Geno_at_37"
"Faf1","ENSMUSG00000010517.7",0.0167862648,5.88735662,0.400746888,0.691489734,1,"Geno_at_37"
"Baiap2l1","ENSMUSG00000038859.7",0.0167794371,0.376143209,0.129765704,0.897631202,1,"Geno_at_37"
"Gm9387","ENSMUSG00000074236.3",-0.0167765838,1.23965703,-0.143926178,0.886535942,1,"Geno_at_37"
"Gm43254","ENSMUSG00000105957.1",-0.0167746321,0.726106575,-0.138204288,0.891016573,1,"Geno_at_37"
"Tada2a","ENSMUSG00000018651.14",-0.0167712596,4.78708276,-0.39822203,0.693329542,1,"Geno_at_37"
"Insrr","ENSMUSG00000005640.11",-0.0167601783,0.777509997,-0.127202035,0.899642252,1,"Geno_at_37"
"Gm28180","ENSMUSG00000101295.1",0.0167544516,-0.66531428,0.136242201,0.892553872,1,"Geno_at_37"
"Sh2d4b","ENSMUSG00000037833.14",-0.016751081,0.921842699,-0.140219716,0.88943793,1,"Geno_at_37"
"Rrn3","ENSMUSG00000022682.8",0.0167505212,6.70754012,0.489219964,0.628298188,1,"Geno_at_37"
"Bysl","ENSMUSG00000023988.8",0.016745096,5.88618734,0.401572956,0.690888211,1,"Geno_at_37"
"Cdc42ep4","ENSMUSG00000041598.7",0.0167437732,3.94419956,0.263111957,0.794290442,1,"Geno_at_37"
"Xpo6","ENSMUSG00000000131.15",0.0167430097,8.17610926,0.660755944,0.513888138,1,"Geno_at_37"
"Bend5","ENSMUSG00000028545.13",0.0167400286,1.22687117,0.160247568,0.873776616,1,"Geno_at_37"
"Klhl22","ENSMUSG00000022750.18",-0.0167314221,3.81320157,-0.301105437,0.765442954,1,"Geno_at_37"
"Lrrc59","ENSMUSG00000020869.8",0.016729141,7.5306401,0.472422249,0.640096321,1,"Geno_at_37"
"Cdk12","ENSMUSG00000003119.14",0.0167274633,6.96978035,0.487159756,0.629739931,1,"Geno_at_37"
"Surf6","ENSMUSG00000036160.13",0.0167209643,5.99617374,0.426050549,0.673158817,1,"Geno_at_37"
"Tmem50a","ENSMUSG00000028822.11",-0.016716628,7.09491404,-0.401224703,0.691141776,1,"Geno_at_37"
"Scpep1","ENSMUSG00000000278.10",-0.0167142047,6.01708285,-0.471403761,0.6408148,1,"Geno_at_37"
"Tmub1","ENSMUSG00000028958.15",-0.0167107061,3.77551911,-0.283411035,0.778838149,1,"Geno_at_37"
"Gm29585","ENSMUSG00000100548.1",0.0167080781,1.47691163,0.181372873,0.857313414,1,"Geno_at_37"
"Dapp1","ENSMUSG00000028159.14",-0.0166985698,4.68929895,-0.36278709,0.719346354,1,"Geno_at_37"
"Map3k4","ENSMUSG00000014426.9",-0.0166902548,6.40825769,-0.483651464,0.632198463,1,"Geno_at_37"
"Agrp","ENSMUSG00000005705.10",0.016687718,0.255998713,0.137263079,0.891753959,1,"Geno_at_37"
"Oaz1","ENSMUSG00000035242.15",-0.0166818382,6.03408607,-0.425331811,0.673676756,1,"Geno_at_37"
"Snord72","ENSMUSG00000077737.1",0.0166732353,1.84843516,0.164745799,0.870266009,1,"Geno_at_37"
"2500004C02Rik","ENSMUSG00000073236.4",-0.0166641137,2.09569574,-0.184593832,0.854808813,1,"Geno_at_37"
"Mif4gd","ENSMUSG00000020743.15",-0.0166539291,6.39998676,-0.361493929,0.720319793,1,"Geno_at_37"
"Ccdc189","ENSMUSG00000057176.4",-0.016653531,0.00702484824,-0.133520132,0.894687321,1,"Geno_at_37"
"Brix1","ENSMUSG00000022247.12",0.0166504966,6.56424092,0.43711901,0.665203328,1,"Geno_at_37"
"Ttc3","ENSMUSG00000040785.19",0.0166388049,6.23748945,0.413164562,0.682469282,1,"Geno_at_37"
"Ankrd40","ENSMUSG00000020864.13",-0.0166352422,6.40639568,-0.43490656,0.666790405,1,"Geno_at_37"
"H2-DMa","ENSMUSG00000037649.10",0.0166189308,4.94319189,0.288974089,0.77461908,1,"Geno_at_37"
"Gm49205","ENSMUSG00000115384.1",0.0166168041,-0.548398666,0.162111315,0.872321749,1,"Geno_at_37"
"Fam174c","ENSMUSG00000035595.6",-0.0166120085,2.82716065,-0.239228318,0.812580248,1,"Geno_at_37"
"Aebp2","ENSMUSG00000030232.18",0.0166094111,8.73570522,0.56674791,0.57516596,1,"Geno_at_37"
"Pwwp3a","ENSMUSG00000020156.16",0.0166065359,6.80410176,0.537543721,0.594917923,1,"Geno_at_37"
"Slc1a5","ENSMUSG00000001918.17",-0.0166037894,8.75883879,-0.617749346,0.541473055,1,"Geno_at_37"
"Sin3a","ENSMUSG00000042557.14",0.0165945725,7.2478846,0.493355425,0.625408676,1,"Geno_at_37"
"Dntt","ENSMUSG00000025014.13",0.0165804536,1.39203885,0.0968018406,0.923697201,1,"Geno_at_37"
"Txnl1","ENSMUSG00000024583.3",0.0165787705,7.08331112,0.56813598,0.574235318,1,"Geno_at_37"
"Snx18","ENSMUSG00000042364.11",0.0165742369,5.5394964,0.433843648,0.667553431,1,"Geno_at_37"
"Plekho2","ENSMUSG00000050721.9",-0.0165688683,5.00852762,-0.359391359,0.721858197,1,"Geno_at_37"
"Atp6v1c1","ENSMUSG00000022295.8",-0.0165649259,6.07681875,-0.495829962,0.623682562,1,"Geno_at_37"
"Uchl4","ENSMUSG00000035337.3",0.0165642029,4.85584547,0.377865667,0.708231435,1,"Geno_at_37"
"Tmed8","ENSMUSG00000034111.6",0.0165632856,5.47120577,0.435275732,0.666525474,1,"Geno_at_37"
"Tcf19","ENSMUSG00000050410.15",0.016558574,6.35808743,0.331287042,0.742953874,1,"Geno_at_37"
"Ccdc59","ENSMUSG00000019897.8",-0.0165577734,5.79481051,-0.38542435,0.702683989,1,"Geno_at_37"
"Pafah2","ENSMUSG00000037366.14",-0.0165544719,2.42146149,-0.178243379,0.85974834,1,"Geno_at_37"
"Xrn2","ENSMUSG00000027433.5",0.0165485161,8.00503595,0.59674791,0.555221046,1,"Geno_at_37"
"Ppp4r2","ENSMUSG00000052144.8",0.0165364832,7.00089205,0.529187266,0.600629135,1,"Geno_at_37"
"Bcas2","ENSMUSG00000005687.14",-0.0165321866,6.58724181,-0.548453372,0.587501213,1,"Geno_at_37"
"Coa5","ENSMUSG00000026112.7",-0.0165302951,6.88391076,-0.53103499,0.599364067,1,"Geno_at_37"
"Nars2","ENSMUSG00000018995.12",-0.0165261281,3.65788723,-0.253141255,0.80191209,1,"Geno_at_37"
"Clic3","ENSMUSG00000015093.15",0.0165260518,1.46566233,0.157654603,0.875801467,1,"Geno_at_37"
"Tmem217","ENSMUSG00000079580.9",-0.0165231843,-0.348697403,-0.143380188,0.886963328,1,"Geno_at_37"
"Zfp422","ENSMUSG00000059878.12",0.0165136387,5.97407671,0.414553452,0.681463293,1,"Geno_at_37"
"Gm4117","ENSMUSG00000089940.1",-0.0165131353,-0.0468730656,-0.143245578,0.887068702,1,"Geno_at_37"
"Anxa2","ENSMUSG00000032231.14",0.0165057866,7.86244505,0.100305549,0.921331999,1,"Geno_at_37"
"Hadhb-ps","ENSMUSG00000063684.9",-0.0165055616,5.97506524,-0.378630746,0.707669184,1,"Geno_at_37"
"Ube2b","ENSMUSG00000020390.12",-0.0165043094,7.56210712,-0.464347079,0.645802532,1,"Geno_at_37"
"Gm28791","ENSMUSG00000100394.1",-0.0165008906,-0.119692958,-0.127752276,0.899210562,1,"Geno_at_37"
"Foxj3","ENSMUSG00000032998.16",0.0164955275,6.97275774,0.471987031,0.640403296,1,"Geno_at_37"
"Trbj2-3","ENSMUSG00000076494.1",-0.0164937473,1.50280348,-0.145768267,0.885094265,1,"Geno_at_37"
"Gm22005","ENSMUSG00000075837.1",0.0164856745,-0.379084025,0.127054082,0.899758333,1,"Geno_at_37"
"Capn15","ENSMUSG00000037326.10",-0.0164804711,5.51765344,-0.374814401,0.710475452,1,"Geno_at_37"
"Wdr82","ENSMUSG00000020257.13",0.0164797384,8.67053268,0.541815225,0.592008671,1,"Geno_at_37"
"Kdm4c","ENSMUSG00000028397.13",0.0164699723,5.478803,0.438790433,0.664005396,1,"Geno_at_37"
"Mrrf","ENSMUSG00000026887.9",0.0164673107,4.94350504,0.307336778,0.760742907,1,"Geno_at_37"
"Naxd","ENSMUSG00000031505.11",0.0164636137,5.31491693,0.483341188,0.632416104,1,"Geno_at_37"
"Spag5","ENSMUSG00000002055.9",-0.0164605832,6.77432547,-0.463437837,0.64644642,1,"Geno_at_37"
"Pdia6","ENSMUSG00000020571.13",0.0164571326,7.9376495,0.50625671,0.616433313,1,"Geno_at_37"
"Ccnj","ENSMUSG00000025010.14",0.0164501385,4.02396866,0.287851297,0.775470056,1,"Geno_at_37"
"Mecom","ENSMUSG00000027684.16",0.0164499947,-0.983792912,0.239996688,0.811990102,1,"Geno_at_37"
"Kcnk12","ENSMUSG00000050138.8",0.0164463107,-0.274438629,0.126335911,0.90032183,1,"Geno_at_37"
"Gm10461","ENSMUSG00000107277.1",0.0164301142,-0.511358757,0.164888271,0.870154861,1,"Geno_at_37"
"Igkj5","ENSMUSG00000076608.2",0.0164296695,-0.697571243,0.180967886,0.857628437,1,"Geno_at_37"
"Sipa1","ENSMUSG00000056917.13",-0.0164223734,6.64580683,-0.32048755,0.751193067,1,"Geno_at_37"
"Slc20a2","ENSMUSG00000037656.9",-0.0164117039,4.84865403,-0.382266212,0.704999797,1,"Geno_at_37"
"Adi1","ENSMUSG00000020629.12",-0.0163906777,4.98905197,-0.355223734,0.724945328,1,"Geno_at_37"
"Calu","ENSMUSG00000029767.16",0.0163903235,7.6461359,0.499588757,0.621064769,1,"Geno_at_37"
"Adap1","ENSMUSG00000056413.16",0.0163877639,4.69833532,0.195696947,0.846655643,1,"Geno_at_37"
"Smarca4","ENSMUSG00000032187.16",0.0163864625,8.17938368,0.53464516,0.596895988,1,"Geno_at_37"
"Ino80b","ENSMUSG00000030034.12",-0.0163779253,3.94207506,-0.280344517,0.781166765,1,"Geno_at_37"
"Xbp1","ENSMUSG00000020484.19",-0.0163775556,7.9344847,-0.372268374,0.71261667,1,"Geno_at_37"
"Med12","ENSMUSG00000079487.11",-0.0163757206,7.38146295,-0.533971527,0.597356146,1,"Geno_at_37"
"Isg20l2","ENSMUSG00000048039.8",-0.0163719891,6.45134682,-0.478224706,0.63600984,1,"Geno_at_37"
"Bud31","ENSMUSG00000038722.17",0.016365459,6.26592076,0.49115989,0.626941981,1,"Geno_at_37"
"Mmp23","ENSMUSG00000029061.2",-0.0163586153,-0.22249242,-0.128357355,0.898735885,1,"Geno_at_37"
"Gskip","ENSMUSG00000044715.7",-0.0163585616,4.74975204,-0.38676906,0.701698815,1,"Geno_at_37"
"Map1lc3a","ENSMUSG00000027602.9",-0.0163576724,3.40523371,-0.24883539,0.805209699,1,"Geno_at_37"
"Telo2","ENSMUSG00000024170.15",-0.016351122,4.84013868,-0.339822721,0.736393967,1,"Geno_at_37"
"Tbk1","ENSMUSG00000020115.3",-0.0163477509,6.2259716,-0.530370934,0.599818576,1,"Geno_at_37"
"Jmy","ENSMUSG00000021690.10",0.0163387764,5.59356795,0.322404701,0.749416411,1,"Geno_at_37"
"Gm37933","ENSMUSG00000103408.1",-0.0163302123,-0.694622255,-0.161616219,0.872708183,1,"Geno_at_37"
"Tapbpl","ENSMUSG00000038213.7",0.0163225444,5.87887487,0.371405515,0.712985601,1,"Geno_at_37"
"Gm27008","ENSMUSG00000098108.7",0.0163223327,-0.831124951,0.172983368,0.863844081,1,"Geno_at_37"
"Idnk","ENSMUSG00000050002.14",-0.0163218666,5.15667021,-0.384831001,0.703118861,1,"Geno_at_37"
"Prpf4","ENSMUSG00000066148.3",0.0163210311,6.5048058,0.594406124,0.556765076,1,"Geno_at_37"
"Gpt","ENSMUSG00000022546.5",0.0163178515,2.69190929,0.205508637,0.838584114,1,"Geno_at_37"
"Cd2bp2","ENSMUSG00000042502.10",0.0163099066,7.26912147,0.621663818,0.538930444,1,"Geno_at_37"
"Ech1","ENSMUSG00000053898.12",-0.0163062504,5.65048343,-0.371495229,0.712919497,1,"Geno_at_37"
"Traf3","ENSMUSG00000021277.16",0.0163002268,6.97413395,0.475144156,0.638177931,1,"Geno_at_37"
"Pramef8","ENSMUSG00000046862.14",0.0162903701,4.78126606,0.314723038,0.755183767,1,"Geno_at_37"
"Dancr","ENSMUSG00000106943.2",-0.0162824951,3.78562974,-0.263571155,0.793939919,1,"Geno_at_37"
"Sdf4","ENSMUSG00000029076.14",0.016281725,8.20321954,0.452412725,0.654275986,1,"Geno_at_37"
"Relch","ENSMUSG00000026319.13",-0.0162683663,6.00004408,-0.415600355,0.680705402,1,"Geno_at_37"
"Gm45471","ENSMUSG00000110114.1",-0.0162649936,-0.875255302,-0.192521963,0.848650541,1,"Geno_at_37"
"Syf2","ENSMUSG00000028821.8",-0.0162577111,6.47766605,-0.475305968,0.638063967,1,"Geno_at_37"
"Akr1c12","ENSMUSG00000021211.4",0.0162564108,2.05263538,0.186742505,0.853138869,1,"Geno_at_37"
"Gm29650","ENSMUSG00000099876.1",-0.016255056,1.67658141,-0.12446545,0.901789693,1,"Geno_at_37"
"Brd2","ENSMUSG00000024335.20",-0.0162499239,8.37464041,-0.527796759,0.601581999,1,"Geno_at_37"
"Nop53","ENSMUSG00000041560.12",-0.0162383005,8.15432177,-0.496701777,0.623074945,1,"Geno_at_37"
"Gm8652","ENSMUSG00000097900.1",0.0162361492,4.1220689,0.276320273,0.784225779,1,"Geno_at_37"
"Lrrc27","ENSMUSG00000015980.14",0.0162358927,0.681971128,0.149632774,0.882071082,1,"Geno_at_37"
"Senp7","ENSMUSG00000052917.15",0.0162354862,4.96794414,0.228742489,0.820976962,1,"Geno_at_37"
"Srprb","ENSMUSG00000032553.14",0.016226712,5.94846675,0.471342467,0.64085805,1,"Geno_at_37"
"Hdlbp","ENSMUSG00000034088.15",0.0162242874,8.56547969,0.516763098,0.60916826,1,"Geno_at_37"
"Cebpz","ENSMUSG00000024081.9",0.0162226513,6.92395046,0.49981919,0.620904449,1,"Geno_at_37"
"Map4k1","ENSMUSG00000037337.11",-0.016219461,6.71417399,-0.428191459,0.671616992,1,"Geno_at_37"
"Ccdc30","ENSMUSG00000028637.16",0.016217154,-0.04892996,0.119492726,0.905693789,1,"Geno_at_37"
"Supt5","ENSMUSG00000003435.9",0.0162132112,7.84788283,0.549367339,0.586881917,1,"Geno_at_37"
"Rnf38","ENSMUSG00000035696.15",-0.0162126316,6.99225973,-0.434096309,0.667372022,1,"Geno_at_37"
"Dazap2","ENSMUSG00000000346.9",-0.0162061379,8.18499953,-0.571673665,0.571866845,1,"Geno_at_37"
"Romo1","ENSMUSG00000067847.13",-0.0162053591,4.49429857,-0.319787259,0.751379939,1,"Geno_at_37"
"Tigd2","ENSMUSG00000049232.3",0.0162047238,6.9690125,0.382661023,0.704710131,1,"Geno_at_37"
"Zfp692","ENSMUSG00000037243.17",-0.0162044712,5.26052143,-0.32256636,0.749295195,1,"Geno_at_37"
"Mid1ip1","ENSMUSG00000008035.12",0.0161978097,4.91068268,0.307485691,0.760630701,1,"Geno_at_37"
"Scn9a","ENSMUSG00000075316.11",0.0161960172,1.1267671,0.144249252,0.886283065,1,"Geno_at_37"
"Zfp511","ENSMUSG00000025470.11",0.0161953715,4.35368356,0.32724899,0.745786877,1,"Geno_at_37"
"Btbd3","ENSMUSG00000062098.11",-0.0161930667,-0.472330982,-0.153033759,0.879412004,1,"Geno_at_37"
"Pdcd7","ENSMUSG00000041837.4",-0.0161901124,5.05609643,-0.340056998,0.736219343,1,"Geno_at_37"
"Acvr1b","ENSMUSG00000000532.11",-0.0161879166,6.13552928,-0.31306607,0.756614388,1,"Geno_at_37"
"Slc27a4","ENSMUSG00000059316.2",-0.0161833461,4.31973884,-0.282117793,0.779819943,1,"Geno_at_37"
"Gm16302","ENSMUSG00000090023.1",-0.0161824091,-0.145795681,-0.129951368,0.897485586,1,"Geno_at_37"
"Pacs1","ENSMUSG00000024855.10",-0.0161770738,6.36739567,-0.428092566,0.67168818,1,"Geno_at_37"
"9530068E07Rik","ENSMUSG00000036275.13",-0.0161737075,6.90291276,-0.481093878,0.633993462,1,"Geno_at_37"
"Cuedc1","ENSMUSG00000018378.13",-0.0161733005,2.44066283,-0.16028959,0.873743808,1,"Geno_at_37"
"Wdr43","ENSMUSG00000041057.10",-0.0161723775,7.85072275,-0.492670067,0.62588713,1,"Geno_at_37"
"Ate1","ENSMUSG00000030850.17",0.016166062,5.6599055,0.463688412,0.646268945,1,"Geno_at_37"
"Txnrd1","ENSMUSG00000020250.10",0.016164931,7.25130128,0.566459969,0.575359106,1,"Geno_at_37"
"Gm2106","ENSMUSG00000117886.1",0.0161563576,-0.625549327,0.165496075,0.869680721,1,"Geno_at_37"
"Gm6063","ENSMUSG00000108772.1",-0.0161441981,-0.465781982,-0.170802159,0.865543628,1,"Geno_at_37"
"C1ql3","ENSMUSG00000049630.6",-0.0161412324,-0.587356305,-0.14130215,0.888590271,1,"Geno_at_37"
"Gm38080","ENSMUSG00000104361.1",0.0161369768,-0.498907597,0.142399482,0.887731083,1,"Geno_at_37"
"Gm45873","ENSMUSG00000110499.1",-0.0161360633,-0.466146428,-0.119783066,0.905465776,1,"Geno_at_37"
"Rft1","ENSMUSG00000052395.17",0.0161346264,3.97568786,0.322048673,0.749683392,1,"Geno_at_37"
"Plcl2","ENSMUSG00000038910.7",-0.0161305481,6.36470974,-0.531636094,0.598952787,1,"Geno_at_37"
"Atp5l","ENSMUSG00000038717.8",0.0161285606,4.01002914,0.273080615,0.786690944,1,"Geno_at_37"
"Mir17hg","ENSMUSG00000089726.2",0.0161256396,6.73826884,0.169511983,0.867434355,1,"Geno_at_37"
"Ppfibp1","ENSMUSG00000016487.15",0.0161232027,6.39338331,0.4460383,0.658821221,1,"Geno_at_37"
"Gtpbp6","ENSMUSG00000033434.15",-0.0161193832,3.72979207,-0.255482704,0.800120464,1,"Geno_at_37"
"Zbtb4","ENSMUSG00000018750.14",0.0161161387,4.1357653,0.265071825,0.792794709,1,"Geno_at_37"
"Marchf5","ENSMUSG00000023307.14",-0.0161139147,6.12406323,-0.533522439,0.597663011,1,"Geno_at_37"
"Nfx1","ENSMUSG00000028423.15",-0.0161106754,7.92432693,-0.583369918,0.564071164,1,"Geno_at_37"
"Trmt13","ENSMUSG00000033439.12",0.0161103644,3.92216381,0.287083304,0.77605229,1,"Geno_at_37"
"Dennd2d","ENSMUSG00000027901.12",-0.0161098227,6.04843368,-0.307580882,0.760740171,1,"Geno_at_37"
"Ube2f","ENSMUSG00000034343.14",-0.0161070301,6.54879112,-0.362847693,0.719301554,1,"Geno_at_37"
"Fam136a","ENSMUSG00000057497.8",0.016106031,5.59153388,0.489343229,0.628211974,1,"Geno_at_37"
"Meg3","ENSMUSG00000021268.17",-0.0161017453,-0.88847761,-0.199444557,0.84328125,1,"Geno_at_37"
"Exog","ENSMUSG00000042787.15",-0.0160916243,5.10293771,-0.31725187,0.753283529,1,"Geno_at_37"
"Kantr","ENSMUSG00000087403.9",0.0160902584,3.4671767,0.185724755,0.853942417,1,"Geno_at_37"
"Fut8","ENSMUSG00000021065.16",0.0160775602,4.24247558,0.242755437,0.809872174,1,"Geno_at_37"
"Ppil1","ENSMUSG00000024007.15",-0.0160773464,6.37844352,-0.483910595,0.632016723,1,"Geno_at_37"
"Gm16209","ENSMUSG00000083734.1",0.016077294,0.0979925223,0.123150898,0.902821512,1,"Geno_at_37"
"Ier2","ENSMUSG00000053560.5",0.0160746268,7.16448947,0.196134911,0.846810784,1,"Geno_at_37"
"Ap2a1","ENSMUSG00000060279.14",0.0160644487,6.62173545,0.494943394,0.624300739,1,"Geno_at_37"
"Rtn3","ENSMUSG00000024758.15",-0.0160635504,8.06500755,-0.537437162,0.594990586,1,"Geno_at_37"
"4930594M22Rik","ENSMUSG00000075463.3",-0.0160594603,0.575557739,-0.146849648,0.884248127,1,"Geno_at_37"
"Prkar1a","ENSMUSG00000020612.16",-0.0160556858,9.22565081,-0.667697991,0.509508501,1,"Geno_at_37"
"Ncor1","ENSMUSG00000018501.17",0.0160531287,8.5293924,0.467475743,0.643589076,1,"Geno_at_37"
"Rc3h2","ENSMUSG00000075376.10",0.0160504568,6.59838209,0.376749691,0.709051859,1,"Geno_at_37"
"Mettl2","ENSMUSG00000020691.13",0.0160437297,5.04199773,0.395714857,0.695158346,1,"Geno_at_37"
"Mocos","ENSMUSG00000039616.10",0.0160408594,2.03257283,0.13128585,0.896444659,1,"Geno_at_37"
"Asb13","ENSMUSG00000033781.7",0.0160383957,4.53947427,0.276875081,0.783803834,1,"Geno_at_37"
"Rpl9-ps7","ENSMUSG00000047965.9",-0.0160380631,4.99859884,-0.374751901,0.710521445,1,"Geno_at_37"
"Tbc1d15","ENSMUSG00000020130.9",0.0160363146,7.07103796,0.542106452,0.591810571,1,"Geno_at_37"
"Gm15246","ENSMUSG00000087159.7",-0.0160289456,-0.055329017,-0.11991855,0.905359379,1,"Geno_at_37"
"Eif6","ENSMUSG00000027613.15",0.0160233565,7.27639224,0.508870395,0.614622244,1,"Geno_at_37"
"Dnajc18","ENSMUSG00000024350.6",0.0160114313,4.29467621,0.335357671,0.739724824,1,"Geno_at_37"
"Cpa2","ENSMUSG00000071553.10",0.0160111164,-0.0075626092,0.119929822,0.905350527,1,"Geno_at_37"
"Fbln5","ENSMUSG00000021186.9",0.0160066009,-0.839591779,0.184306544,0.855032145,1,"Geno_at_37"
"Aspscr1","ENSMUSG00000025142.18",-0.0159994617,5.66194776,-0.453944323,0.653185889,1,"Geno_at_37"
"1700063D05Rik","ENSMUSG00000100837.7",0.0159816782,-0.855545708,0.194100244,0.847425737,1,"Geno_at_37"
"Zdhhc1","ENSMUSG00000039199.6",-0.015977645,2.52294721,-0.199912399,0.842918657,1,"Geno_at_37"
"Vasp","ENSMUSG00000030403.9",-0.0159708839,7.86153475,-0.543729544,0.590707091,1,"Geno_at_37"
"Cyfip1","ENSMUSG00000030447.15",0.0159668202,6.11677189,0.437550358,0.664894089,1,"Geno_at_37"
"Hint3","ENSMUSG00000019791.12",-0.0159645707,3.1840066,-0.235158713,0.815707766,1,"Geno_at_37"
"Myo16","ENSMUSG00000039057.11",-0.0159629923,0.434259764,-0.113531257,0.910377304,1,"Geno_at_37"
"Paox","ENSMUSG00000025464.15",0.0159499669,2.75744935,0.196855188,0.845288731,1,"Geno_at_37"
"Gm14494","ENSMUSG00000083097.3",-0.0159487862,6.06093159,-0.469158547,0.642399905,1,"Geno_at_37"
"Gm27651","ENSMUSG00000098755.1",-0.0159380537,-0.274538784,-0.141064738,0.888776179,1,"Geno_at_37"
"Rasgrf2","ENSMUSG00000021708.17",-0.0159359287,0.696048571,-0.140136671,0.889502968,1,"Geno_at_37"
"Vps39","ENSMUSG00000027291.15",-0.0159351017,6.34901826,-0.472134659,0.640299162,1,"Geno_at_37"
"Abcb8","ENSMUSG00000028973.18",0.0159336221,5.62391615,0.437259139,0.665102861,1,"Geno_at_37"
"Trappc12","ENSMUSG00000020628.16",0.0159238951,6.06223212,0.439527952,0.663477093,1,"Geno_at_37"
"Orc1","ENSMUSG00000028587.18",-0.0159208457,4.87506405,-0.36260757,0.719479067,1,"Geno_at_37"
"Gm48960","ENSMUSG00000115829.1",-0.0159194221,-0.468957974,-0.122011056,0.903716337,1,"Geno_at_37"
"Ktn1","ENSMUSG00000021843.17",0.0159183332,6.91514708,0.430690598,0.669819017,1,"Geno_at_37"
"Gm6088","ENSMUSG00000083646.1",-0.0159176698,-0.0102137328,-0.104587326,0.917414461,1,"Geno_at_37"
"Abca4","ENSMUSG00000028125.14",-0.0159106517,-0.95975689,-0.228653007,0.82071384,1,"Geno_at_37"
"Pcid2","ENSMUSG00000038542.14",-0.0159074664,5.59083505,-0.420592973,0.67709574,1,"Geno_at_37"
"BE692007","ENSMUSG00000099757.1",0.0158949486,4.48658371,0.20075638,0.842542174,1,"Geno_at_37"
"Slc22a23","ENSMUSG00000038267.15",0.0158926741,1.65138818,0.123464725,0.902575167,1,"Geno_at_37"
"Ap1s3","ENSMUSG00000054702.14",0.0158918643,4.76636952,0.320369037,0.75094336,1,"Geno_at_37"
"Cltc","ENSMUSG00000047126.17",0.015884381,9.05853481,0.572250445,0.571481156,1,"Geno_at_37"
"Gm45819","ENSMUSG00000109904.1",0.0158841877,1.92179875,0.143080642,0.887197818,1,"Geno_at_37"
"Dlgap4","ENSMUSG00000061689.15",0.0158791502,5.44563335,0.400265893,0.691840077,1,"Geno_at_37"
"Rasa3","ENSMUSG00000031453.16",-0.0158773166,7.08330422,-0.316354343,0.754349592,1,"Geno_at_37"
"Gm1866","ENSMUSG00000082070.1",0.0158690622,3.35826743,0.239891937,0.812070549,1,"Geno_at_37"
"Firre","ENSMUSG00000085396.7",-0.015867567,6.26516509,-0.435504393,0.666361401,1,"Geno_at_37"
"Taf1d","ENSMUSG00000031939.16",-0.0158671507,7.54782136,-0.469443542,0.642198606,1,"Geno_at_37"
"Ptp4a3","ENSMUSG00000059895.13",0.0158568708,7.08561104,0.423509979,0.674990341,1,"Geno_at_37"
"Mcmbp","ENSMUSG00000048170.14",0.0158546479,7.61630311,0.55945972,0.580064648,1,"Geno_at_37"
"Gm37805","ENSMUSG00000103755.1",-0.0158542378,-0.0981802983,-0.101952268,0.919512766,1,"Geno_at_37"
"Sars2","ENSMUSG00000070699.5",0.015849748,4.64138063,0.320073579,0.751165067,1,"Geno_at_37"
"Gm42727","ENSMUSG00000106767.1",-0.015845873,1.39076392,-0.156645159,0.876589976,1,"Geno_at_37"
"Rcn2","ENSMUSG00000032320.7",-0.0158423797,5.16971742,-0.339288668,0.736792089,1,"Geno_at_37"
"Slc39a4","ENSMUSG00000063354.7",-0.0158295012,3.82946863,-0.269653219,0.789301415,1,"Geno_at_37"
"Cgnl1","ENSMUSG00000032232.14",0.0158276718,2.08590877,0.13216704,0.895748119,1,"Geno_at_37"
"Ndst1","ENSMUSG00000054008.9",0.0158275722,7.13162913,0.45460454,0.652716226,1,"Geno_at_37"
"Gde1","ENSMUSG00000033917.15",-0.0158206204,5.15696867,-0.44930341,0.65649139,1,"Geno_at_37"
"Rab21","ENSMUSG00000020132.10",-0.0158184583,6.90442321,-0.495570163,0.623863683,1,"Geno_at_37"
"Notch3","ENSMUSG00000038146.8",-0.0158129362,0.970892448,-0.137854241,0.891290804,1,"Geno_at_37"
"Gm46209","ENSMUSG00000112474.1",-0.015812144,0.646541325,-0.122279811,0.903505341,1,"Geno_at_37"
"Rfxap","ENSMUSG00000036615.7",0.0157984161,4.16725966,0.282621452,0.779437534,1,"Geno_at_37"
"Gm43442","ENSMUSG00000107145.1",-0.0157918454,2.06528077,-0.140135823,0.889503633,1,"Geno_at_37"
"Atad1","ENSMUSG00000013662.6",-0.0157914507,7.10457758,-0.512658301,0.612001918,1,"Geno_at_37"
"Dusp14","ENSMUSG00000018648.15",-0.0157838813,4.30789771,-0.19101553,0.850080527,1,"Geno_at_37"
"Gm7535","ENSMUSG00000090957.2",0.0157826991,4.58499608,0.226430365,0.822545832,1,"Geno_at_37"
"Cttnbp2nl","ENSMUSG00000062127.11",-0.015782398,1.32300664,-0.129062475,0.898182776,1,"Geno_at_37"
"Gm36723","ENSMUSG00000113669.1",0.0157718709,-0.73873801,0.168148423,0.86761224,1,"Geno_at_37"
"Reep6","ENSMUSG00000035504.16",0.0157676124,0.593005658,0.125856576,0.900697959,1,"Geno_at_37"
"Smyd4","ENSMUSG00000018809.2",-0.0157669698,4.1066571,-0.291429927,0.772758766,1,"Geno_at_37"
"Bcl2l2","ENSMUSG00000089682.10",-0.0157652149,4.3365472,-0.315099684,0.754900646,1,"Geno_at_37"
"Pcnx3","ENSMUSG00000054874.12",0.0157646385,6.85184086,0.418568499,0.6785585,1,"Geno_at_37"
"Lancl3","ENSMUSG00000047344.9",0.0157644378,1.24929777,0.115021583,0.909206145,1,"Geno_at_37"
"Gm7390","ENSMUSG00000110644.1",0.0157559278,5.19092373,0.3683988,0.715202326,1,"Geno_at_37"
"Pigq","ENSMUSG00000025728.16",0.0157542405,6.35265815,0.461961669,0.647492373,1,"Geno_at_37"
"Cybb","ENSMUSG00000015340.10",0.0157443801,-0.446209803,0.140641742,0.889107424,1,"Geno_at_37"
"Gm8210","ENSMUSG00000094497.1",0.015742509,2.04412615,0.148595279,0.882882534,1,"Geno_at_37"
"Gm43999","ENSMUSG00000107835.1",-0.015741133,-0.984121461,-0.235236943,0.815647616,1,"Geno_at_37"
"Prtg","ENSMUSG00000036030.9",-0.015741133,-0.984338418,-0.235398782,0.815523185,1,"Geno_at_37"
"Ninj2","ENSMUSG00000041377.12",0.0157406523,0.449730256,0.107500485,0.9151186,1,"Geno_at_37"
"Snapin","ENSMUSG00000001018.15",-0.0157379803,5.08537483,-0.332640176,0.741754554,1,"Geno_at_37"
"Mief1","ENSMUSG00000022412.14",-0.0157361548,5.97978191,-0.435602536,0.666290985,1,"Geno_at_37"
"Hipk1","ENSMUSG00000008730.17",-0.0157352261,7.51823222,-0.550735168,0.585955684,1,"Geno_at_37"
"Mvd","ENSMUSG00000006517.5",-0.0157282349,6.10874953,-0.364562659,0.71803422,1,"Geno_at_37"
"Gm26175","ENSMUSG00000065728.1",-0.0157231487,-0.418022813,-0.106122817,0.916246974,1,"Geno_at_37"
"Endog","ENSMUSG00000015337.5",0.0157207257,2.54888481,0.218200914,0.828772635,1,"Geno_at_37"
"Lars","ENSMUSG00000024493.9",0.0157184615,7.28696213,0.426485917,0.672845159,1,"Geno_at_37"
"Utp15","ENSMUSG00000041747.3",-0.0157149963,6.64545759,-0.509875632,0.613926354,1,"Geno_at_37"
"Eif3s6-ps1","ENSMUSG00000081629.1",-0.0157105587,1.78346554,-0.177414081,0.860393818,1,"Geno_at_37"
"Meis2","ENSMUSG00000027210.20",-0.0157093187,-0.9355985,-0.207483477,0.837055732,1,"Geno_at_37"
"Gm5847","ENSMUSG00000082280.4",0.015706664,0.0214311632,0.115453381,0.908866858,1,"Geno_at_37"
"Gm9493","ENSMUSG00000044424.4",-0.015704002,7.00655686,-0.385686354,0.702491996,1,"Geno_at_37"
"Poc1b","ENSMUSG00000019952.15",0.0157002977,4.49279771,0.311697139,0.757459565,1,"Geno_at_37"
"Bdkrb1","ENSMUSG00000041347.5",-0.015697635,-0.703914438,-0.183778146,0.855442942,1,"Geno_at_37"
"Cpeb2","ENSMUSG00000039782.15",0.015694944,3.71956585,0.166313334,0.869241982,1,"Geno_at_37"
"Gm13246","ENSMUSG00000083235.1",0.0156907067,-0.329437429,0.136271543,0.89253088,1,"Geno_at_37"
"Unc13d","ENSMUSG00000057948.12",-0.0156894075,6.95462113,-0.455850846,0.65183003,1,"Geno_at_37"
"Polr3h","ENSMUSG00000022476.8",0.0156880671,4.84933369,0.329150458,0.744363837,1,"Geno_at_37"
"Nsun5","ENSMUSG00000000916.15",-0.0156876258,4.81100184,-0.33295153,0.741521903,1,"Geno_at_37"
"Gm26708","ENSMUSG00000097016.2",0.0156844762,-0.625073017,0.139851612,0.889726224,1,"Geno_at_37"
"Ap2b1","ENSMUSG00000035152.14",0.015667389,7.56711008,0.600420558,0.552803964,1,"Geno_at_37"
"Crot","ENSMUSG00000003623.4",-0.0156489051,4.6833535,-0.344768236,0.732710762,1,"Geno_at_37"
"Psmb9","ENSMUSG00000096727.3",0.0156426822,6.82517735,0.258579444,0.798468255,1,"Geno_at_37"
"4933440N22Rik","ENSMUSG00000042087.5",0.0156388777,1.03920783,0.135528252,0.893113358,1,"Geno_at_37"
"Epm2aip1","ENSMUSG00000046785.8",0.0156357334,6.02843589,0.437059239,0.665246184,1,"Geno_at_37"
"Entpd5","ENSMUSG00000021236.16",0.0156327994,5.45812609,0.44366338,0.660518046,1,"Geno_at_37"
"Mef2d","ENSMUSG00000001419.17",-0.0156287927,7.08811389,-0.391325256,0.698364738,1,"Geno_at_37"
"Mmp12","ENSMUSG00000049723.14",-0.0156274848,-0.544450087,-0.0912049409,0.928123877,1,"Geno_at_37"
"Ipp","ENSMUSG00000028696.12",0.0156264574,4.58339276,0.347886235,0.730391927,1,"Geno_at_37"
"Tcf25","ENSMUSG00000001472.17",-0.0156184678,8.31260454,-0.490133422,0.627659423,1,"Geno_at_37"
"5330439K02Rik","ENSMUSG00000097827.1",0.0156175782,-0.40082644,0.137542746,0.891534845,1,"Geno_at_37"
"Gm19522","ENSMUSG00000116903.1",0.0156129381,0.534920859,0.112157813,0.911456795,1,"Geno_at_37"
"Mbtd1","ENSMUSG00000059474.13",0.015612361,6.61510331,0.469918667,0.641863073,1,"Geno_at_37"
"Gm14017","ENSMUSG00000081967.1",0.0156079655,0.730989307,0.142839345,0.887386718,1,"Geno_at_37"
"Ankrd26","ENSMUSG00000007827.10",0.0156050254,5.27229622,0.344907009,0.732607503,1,"Geno_at_37"
"Gm49520","ENSMUSG00000116239.1",-0.0156048407,-0.625226526,-0.161038557,0.873159104,1,"Geno_at_37"
"Cep250","ENSMUSG00000038241.16",0.0156028631,7.2546933,0.281836503,0.780683724,1,"Geno_at_37"
"Cep290","ENSMUSG00000019971.10",-0.0155996697,4.4954472,-0.203117043,0.840665096,1,"Geno_at_37"
"Gpr4","ENSMUSG00000044317.7",0.0155864732,0.449733925,0.10571301,0.916524502,1,"Geno_at_37"
"Morc4","ENSMUSG00000031434.15",0.0155766291,-0.508291769,0.141048132,0.888789182,1,"Geno_at_37"
"Lsm14b","ENSMUSG00000039108.14",-0.0155742706,5.83555619,-0.428896745,0.671109382,1,"Geno_at_37"
"B4galnt1","ENSMUSG00000006731.10",-0.0155606801,6.52282732,-0.421163476,0.67668376,1,"Geno_at_37"
"Loxl4","ENSMUSG00000025185.14",-0.015551264,4.87080617,-0.237875058,0.813751224,1,"Geno_at_37"
"Dync1li1","ENSMUSG00000032435.9",-0.0155512622,6.39426026,-0.49570231,0.623771553,1,"Geno_at_37"
"Tubb6","ENSMUSG00000001473.7",-0.0155419805,5.54024902,-0.24933224,0.805167201,1,"Geno_at_37"
"Mfsd1","ENSMUSG00000027775.9",-0.0155376168,6.32547601,-0.467674487,0.643448582,1,"Geno_at_37"
"2310039H08Rik","ENSMUSG00000062619.6",-0.0155296206,2.58991625,-0.193148449,0.848164319,1,"Geno_at_37"
"Prkcd","ENSMUSG00000021948.17",0.0155118623,6.68035129,0.450750846,0.655459687,1,"Geno_at_37"
"Anapc13","ENSMUSG00000035048.13",0.0155083576,4.70683006,0.342010931,0.734763491,1,"Geno_at_37"
"Tfam","ENSMUSG00000003923.14",-0.0155031566,6.2213403,-0.450283878,0.655792457,1,"Geno_at_37"
"Nop56","ENSMUSG00000027405.16",0.0154938768,8.38968539,0.487614648,0.629421467,1,"Geno_at_37"
"Rpl19-ps11","ENSMUSG00000081094.4",-0.0154920421,8.89679655,-0.524743381,0.603676881,1,"Geno_at_37"
"Gm28557","ENSMUSG00000100235.8",0.0154868187,0.271377909,0.0837464193,0.933924655,1,"Geno_at_37"
"Ms4a4c","ENSMUSG00000024675.19",0.0154865907,-0.371241152,0.113076324,0.910734851,1,"Geno_at_37"
"Ndfip2","ENSMUSG00000053253.16",-0.0154856464,6.50413125,-0.513420126,0.611475545,1,"Geno_at_37"
"Gm6397","ENSMUSG00000089640.1",-0.0154766574,0.367724379,-0.113261226,0.910589528,1,"Geno_at_37"
"Nr3c1","ENSMUSG00000024431.15",0.015475055,6.99626954,0.370598742,0.713580151,1,"Geno_at_37"
"Gm13588","ENSMUSG00000084124.1",-0.0154730779,-0.70957278,-0.149667015,0.882044304,1,"Geno_at_37"
"Gm4869","ENSMUSG00000106350.2",0.0154724271,-0.607403568,0.102035929,0.919516748,1,"Geno_at_37"
"Eif4a3l2","ENSMUSG00000107906.1",0.0154670022,4.04415629,0.28151318,0.780279075,1,"Geno_at_37"
"Kri1","ENSMUSG00000035047.9",0.0154660017,5.25128577,0.327217914,0.745810142,1,"Geno_at_37"
"Scyl2","ENSMUSG00000069539.11",0.0154645567,6.60890217,0.459529031,0.649217641,1,"Geno_at_37"
"Gm6136","ENSMUSG00000084106.4",-0.0154635194,9.02976934,-0.537794534,0.594746909,1,"Geno_at_37"
"Eif4ebp2","ENSMUSG00000020091.15",-0.0154579343,8.39951963,-0.438195152,0.664431939,1,"Geno_at_37"
"Olfr90","ENSMUSG00000056600.4",0.0154502279,-0.874537115,0.179213513,0.858993369,1,"Geno_at_37"
"Gm37249","ENSMUSG00000103857.1",0.0154434377,0.278621382,0.124690766,0.901612855,1,"Geno_at_37"
"Crlf3","ENSMUSG00000017561.16",0.0154429663,6.93608596,0.451316863,0.65505643,1,"Geno_at_37"
"Mindy3","ENSMUSG00000026767.12",0.015437604,5.7437769,0.392396996,0.697581358,1,"Geno_at_37"
"Gm11353","ENSMUSG00000060198.7",-0.0154328262,2.36074613,-0.179749411,0.858576384,1,"Geno_at_37"
"Gm45001","ENSMUSG00000108842.1",0.0154259457,0.646103262,0.115439224,0.908877982,1,"Geno_at_37"
"Cnih2","ENSMUSG00000024873.7",0.0154254,1.18292106,0.145116244,0.885604513,1,"Geno_at_37"
"9330154J02Rik","ENSMUSG00000056031.13",-0.015422298,-0.906228451,-0.172360518,0.864329323,1,"Geno_at_37"
"Tysnd1","ENSMUSG00000020087.5",0.0154118004,5.15145227,0.378966746,0.707422313,1,"Geno_at_37"
"Dhx29","ENSMUSG00000042426.6",0.0154114246,5.74758949,0.469193612,0.642375136,1,"Geno_at_37"
"Gm5547","ENSMUSG00000104835.4",-0.0154089976,3.2072547,-0.207411011,0.837111804,1,"Geno_at_37"
"Pias2","ENSMUSG00000025423.16",0.015404952,6.36961826,0.432494828,0.668522221,1,"Geno_at_37"
"Epha1","ENSMUSG00000029859.6",-0.0154014885,0.238309392,-0.103384873,0.918356062,1,"Geno_at_37"
"Rtf1","ENSMUSG00000027304.9",-0.015399617,7.136786,-0.490526441,0.627384682,1,"Geno_at_37"
"Aars","ENSMUSG00000031960.14",0.0153972336,7.68025153,0.555740739,0.582572226,1,"Geno_at_37"
"Nbn","ENSMUSG00000028224.14",-0.0153941216,5.57404259,-0.356077135,0.724312794,1,"Geno_at_37"
"Apold1","ENSMUSG00000090698.2",0.0153938581,0.439931301,0.128193385,0.898864514,1,"Geno_at_37"
"Gm2058","ENSMUSG00000074903.5",0.0153908524,4.06022803,0.24410728,0.808834878,1,"Geno_at_37"
"Larp1","ENSMUSG00000037331.15",-0.0153836622,9.2561686,-0.478011963,0.636159464,1,"Geno_at_37"
"1520401A03Rik","ENSMUSG00000043747.12",-0.0153795923,-0.545233058,-0.146249956,0.884717345,1,"Geno_at_37"
"Nup54","ENSMUSG00000034826.14",0.0153680758,6.12521715,0.356423527,0.724056107,1,"Geno_at_37"
"Gpcpd1","ENSMUSG00000027346.15",-0.0153646737,5.52657326,-0.288154723,0.775270309,1,"Geno_at_37"
"Exosc8","ENSMUSG00000027752.15",0.0153528727,6.83610242,0.494349258,0.624715167,1,"Geno_at_37"
"Snrpert","ENSMUSG00000082044.1",0.0153427113,5.97473956,0.30734725,0.760789988,1,"Geno_at_37"
"Stat5b","ENSMUSG00000020919.11",-0.015331356,8.21246268,-0.505526107,0.616940001,1,"Geno_at_37"
"Chpf","ENSMUSG00000032997.16",0.0153299453,5.09411895,0.324871726,0.747567282,1,"Geno_at_37"
"Ddx21","ENSMUSG00000020075.8",0.0153249469,9.08269421,0.604130711,0.550367721,1,"Geno_at_37"
"Pdpk1","ENSMUSG00000024122.16",0.0153196143,7.45669664,0.468933885,0.642558609,1,"Geno_at_37"
"Fcmr","ENSMUSG00000042474.6",0.0153194356,0.720255906,0.110411746,0.912829406,1,"Geno_at_37"
"Celf1","ENSMUSG00000005506.16",0.015312811,8.10083641,0.58609362,0.562263539,1,"Geno_at_37"
"Tecpr2","ENSMUSG00000021275.16",0.0153097612,4.37352436,0.309687151,0.758972515,1,"Geno_at_37"
"Pus7","ENSMUSG00000057541.14",-0.0153018328,6.25844355,-0.479716947,0.634960778,1,"Geno_at_37"
"Pgbd1","ENSMUSG00000055313.15",0.0152961124,1.44090054,0.140048697,0.889571868,1,"Geno_at_37"
"B3galnt1","ENSMUSG00000043300.2",-0.0152863812,1.57393021,-0.136086554,0.892675841,1,"Geno_at_37"
"Cd33","ENSMUSG00000004609.11",-0.0152791593,0.415765205,-0.117193501,0.907499733,1,"Geno_at_37"
"Irf1","ENSMUSG00000018899.16",-0.0152691938,8.15941505,-0.132197242,0.896451972,1,"Geno_at_37"
"Tmem62","ENSMUSG00000054484.14",-0.0152667148,3.52078554,-0.211901456,0.833638885,1,"Geno_at_37"
"Spata2l","ENSMUSG00000033594.11",0.0152643496,1.97692459,0.141507313,0.888429622,1,"Geno_at_37"
"Tiparp","ENSMUSG00000034640.9",-0.0152598847,4.0361127,-0.185630565,0.854137798,1,"Geno_at_37"
"Il10rb","ENSMUSG00000022969.13",-0.0152596927,4.74782607,-0.332859131,0.741590943,1,"Geno_at_37"
"Azi2","ENSMUSG00000039285.12",-0.0152583579,6.51173704,-0.485883647,0.630633702,1,"Geno_at_37"
"Rpl27a-ps1","ENSMUSG00000061488.5",0.015251475,-0.57154632,0.182822073,0.856186334,1,"Geno_at_37"
"Cenpx","ENSMUSG00000025144.17",-0.0152487235,4.66365758,-0.2472239,0.806444785,1,"Geno_at_37"
"Glrx5","ENSMUSG00000021102.4",-0.0152463204,5.45660736,-0.356547382,0.723964335,1,"Geno_at_37"
"Rabgef1","ENSMUSG00000025340.14",-0.0152435655,5.14967442,-0.338226509,0.737584122,1,"Geno_at_37"
"Cx3cl1","ENSMUSG00000031778.13",-0.0152421245,2.42612399,-0.145167991,0.885564016,1,"Geno_at_37"
"Slc39a7","ENSMUSG00000024327.16",0.0152324096,1.86105757,0.152063405,0.880170536,1,"Geno_at_37"
"Rnh1","ENSMUSG00000038650.15",0.0152269537,6.406761,0.488459275,0.628830349,1,"Geno_at_37"
"Zdhhc5","ENSMUSG00000034075.10",0.0152240762,7.05624267,0.499833161,0.62089473,1,"Geno_at_37"
"Anxa7","ENSMUSG00000021814.17",-0.0152197909,5.88524073,-0.430741465,0.669782443,1,"Geno_at_37"
"Ipo5","ENSMUSG00000030662.10",0.0152156326,9.03053037,0.567564109,0.574618642,1,"Geno_at_37"
"Cbl","ENSMUSG00000034342.9",0.0152111805,8.38629934,0.544062117,0.59048111,1,"Geno_at_37"
"Gm50092","ENSMUSG00000117477.1",0.0152039536,-0.734370558,0.168812634,0.867094391,1,"Geno_at_37"
"Egfl7","ENSMUSG00000026921.20",-0.0151974317,1.55388543,-0.155256538,0.877674882,1,"Geno_at_37"
"Pex3","ENSMUSG00000019809.16",-0.015194267,4.46945397,-0.263495529,0.793997645,1,"Geno_at_37"
"Zfp703","ENSMUSG00000085795.8",-0.0151847865,4.54852357,-0.235946599,0.815102028,1,"Geno_at_37"
"2010315B03Rik","ENSMUSG00000074829.10",0.015180352,4.55292766,0.222183872,0.825777025,1,"Geno_at_37"
"Thumpd3","ENSMUSG00000030264.14",0.0151696557,6.39111187,0.51905956,0.607585628,1,"Geno_at_37"
"Zfp212","ENSMUSG00000052763.7",-0.0151589349,4.98821757,-0.323054313,0.748929355,1,"Geno_at_37"
"Ddx11","ENSMUSG00000035842.10",0.0151587129,5.16599685,0.322193047,0.749575124,1,"Geno_at_37"
"Rpl35","ENSMUSG00000062997.6",-0.0151526869,7.15484652,-0.395454962,0.695348028,1,"Geno_at_37"
"Gm37123","ENSMUSG00000103039.1",-0.015150573,2.07998514,-0.19099094,0.849839038,1,"Geno_at_37"
"Gm10250","ENSMUSG00000068706.3",0.0151492588,5.96541794,0.434936288,0.666769069,1,"Geno_at_37"
"Tfdp1","ENSMUSG00000038482.11",0.0151387259,8.001813,0.499063079,0.621430573,1,"Geno_at_37"
"Tnfrsf8","ENSMUSG00000028602.12",0.0151324274,1.99364098,0.116940567,0.907740955,1,"Geno_at_37"
"Eci1","ENSMUSG00000024132.6",0.0151181473,4.51585026,0.311469703,0.757630711,1,"Geno_at_37"
"Stk16","ENSMUSG00000026201.12",0.0151109872,5.56364582,0.343713449,0.733495782,1,"Geno_at_37"
"Rpl18","ENSMUSG00000059070.16",-0.015107343,8.44327271,-0.51402758,0.611055984,1,"Geno_at_37"
"Gm7045","ENSMUSG00000113473.1",-0.0151021026,1.4932539,-0.120262965,0.905088914,1,"Geno_at_37"
"Gpn1","ENSMUSG00000064037.13",0.0151012781,5.13021022,0.314082533,0.75566531,1,"Geno_at_37"
"Ap3s1-ps1","ENSMUSG00000085611.3",0.0150951537,3.07987991,0.201782196,0.841469849,1,"Geno_at_37"
"Gm6195","ENSMUSG00000046334.4",0.0150934633,3.29417899,0.212304499,0.833327337,1,"Geno_at_37"
"Htr7","ENSMUSG00000024798.15",-0.0150933858,-0.939943509,-0.207913336,0.836723138,1,"Geno_at_37"
"Cabin1","ENSMUSG00000020196.10",0.0150925639,7.09014341,0.473554536,0.639297981,1,"Geno_at_37"
"Prkd3","ENSMUSG00000024070.15",0.0150838224,5.65308659,0.361112771,0.720584462,1,"Geno_at_37"
"Phf13","ENSMUSG00000047777.9",0.0150822339,4.85528124,0.252572553,0.802347415,1,"Geno_at_37"
"Atxn10","ENSMUSG00000016541.10",-0.0150818971,6.700422,-0.444365813,0.660015982,1,"Geno_at_37"
"Pde6b","ENSMUSG00000029491.7",0.015080541,-0.307376075,0.116154493,0.908315995,1,"Geno_at_37"
"Gm31749","ENSMUSG00000108617.1",-0.0150792584,1.04792403,-0.124600264,0.901683884,1,"Geno_at_37"
"Kcnj10","ENSMUSG00000044708.5",-0.0150781331,-0.650260375,-0.133204666,0.894934622,1,"Geno_at_37"
"Ccdc86","ENSMUSG00000024732.7",-0.0150773308,5.05371147,-0.312475695,0.756873797,1,"Geno_at_37"
"Gm34680","ENSMUSG00000116957.1",0.0150644735,0.754013753,0.128374875,0.898722142,1,"Geno_at_37"
"Pus10","ENSMUSG00000020280.12",-0.0150546077,5.62907555,-0.341737868,0.734966887,1,"Geno_at_37"
"Psmc1","ENSMUSG00000021178.9",-0.0150528064,7.65864165,-0.493605926,0.62523384,1,"Geno_at_37"
"Gosr1","ENSMUSG00000010392.8",0.0150517287,5.9862128,0.498338529,0.621934927,1,"Geno_at_37"
"Wdr6","ENSMUSG00000066357.6",-0.0150494234,6.63728076,-0.348944255,0.729605673,1,"Geno_at_37"
"Znrf2","ENSMUSG00000058446.14",-0.0150474002,7.04075176,-0.469656767,0.642048017,1,"Geno_at_37"
"Tln1","ENSMUSG00000028465.16",-0.015046697,8.88943728,-0.45988957,0.648961815,1,"Geno_at_37"
"Sv2c","ENSMUSG00000051111.16",-0.0150466672,0.893732064,-0.134290573,0.894083398,1,"Geno_at_37"
"Slc2a4rg-ps","ENSMUSG00000085028.2",0.0150378687,4.42009982,0.243832148,0.809045964,1,"Geno_at_37"
"Bola3","ENSMUSG00000045160.14",-0.0150347959,4.53106088,-0.330036384,0.743701131,1,"Geno_at_37"
"Gm5913","ENSMUSG00000081111.3",0.0150343721,5.22339942,0.333521303,0.741096222,1,"Geno_at_37"
"Senp1","ENSMUSG00000033075.17",0.0150273005,6.67000847,0.495889928,0.62364076,1,"Geno_at_37"
"Dhdds","ENSMUSG00000012117.13",0.0150130122,5.91604667,0.379345038,0.707144406,1,"Geno_at_37"
"Rnf130","ENSMUSG00000020376.17",-0.0150088346,3.77011333,-0.224152627,0.824181349,1,"Geno_at_37"
"Cflar","ENSMUSG00000026031.15",-0.0150033628,7.17689202,-0.377072022,0.708814857,1,"Geno_at_37"
"Cacnb1","ENSMUSG00000020882.17",-0.0149995978,3.00130977,-0.166044337,0.869253072,1,"Geno_at_37"
"Pura","ENSMUSG00000043991.5",0.0149942506,6.24570276,0.444321732,0.660047485,1,"Geno_at_37"
"Cetn2","ENSMUSG00000031347.12",-0.0149920372,4.99525804,-0.364726318,0.717913322,1,"Geno_at_37"
"2210016L21Rik","ENSMUSG00000029559.15",-0.0149897567,4.62559907,-0.314932469,0.755026336,1,"Geno_at_37"
"Zyg11b","ENSMUSG00000034636.9",0.014983918,6.36022524,0.405044602,0.68836249,1,"Geno_at_37"
"Vgll4","ENSMUSG00000030315.15",-0.0149815623,6.11359735,-0.40307677,0.689793698,1,"Geno_at_37"
"Usp19","ENSMUSG00000006676.16",0.0149810667,7.84818386,0.467755044,0.643391639,1,"Geno_at_37"
"Gm11110","ENSMUSG00000079414.3",0.0149793581,2.59399306,0.165647128,0.869562895,1,"Geno_at_37"
"Hspg2","ENSMUSG00000028763.18",-0.014977947,1.17146394,-0.120965193,0.904537498,1,"Geno_at_37"
"Mtres1","ENSMUSG00000019797.11",-0.0149752795,3.56521775,-0.267184461,0.791183285,1,"Geno_at_37"
"Ubn1","ENSMUSG00000039473.8",-0.0149743315,7.59423413,-0.464632103,0.645600748,1,"Geno_at_37"
"Gm5946","ENSMUSG00000048592.9",0.014965309,0.0402503363,0.129421481,0.897901185,1,"Geno_at_37"
"Ccsap","ENSMUSG00000031971.15",-0.0149611927,4.34594633,-0.256269378,0.799518766,1,"Geno_at_37"
"Gm5844","ENSMUSG00000082896.1",0.0149604953,5.48852651,0.299243281,0.766849276,1,"Geno_at_37"
"Abr","ENSMUSG00000017631.19",0.0149532226,5.83965572,0.303389013,0.763719481,1,"Geno_at_37"
"Uba2","ENSMUSG00000052997.15",-0.0149494151,7.84373869,-0.544780105,0.589993384,1,"Geno_at_37"
"Pphln1","ENSMUSG00000036167.16",-0.0149489975,6.52177212,-0.472618239,0.639958104,1,"Geno_at_37"
"Gm4032","ENSMUSG00000110165.1",-0.0149418465,-0.0334255194,-0.116658937,0.907919683,1,"Geno_at_37"
"Zcchc7","ENSMUSG00000035649.17",-0.0149395475,6.35915966,-0.481231877,0.633896552,1,"Geno_at_37"
"Gm11998","ENSMUSG00000087452.1",0.0149395244,-0.0958749465,0.106907733,0.915584786,1,"Geno_at_37"
"Bsdc1","ENSMUSG00000040859.14",-0.0149358598,5.13439981,-0.350364871,0.728550428,1,"Geno_at_37"
"Egr2","ENSMUSG00000037868.15",-0.0149264995,6.36931408,-0.109021046,0.914521387,1,"Geno_at_37"
"Pank4","ENSMUSG00000029056.13",0.0149259756,5.69284327,0.394401076,0.696117402,1,"Geno_at_37"
"Ckap5","ENSMUSG00000040549.16",0.0149255696,7.89514558,0.518682464,0.607845376,1,"Geno_at_37"
"Taf13","ENSMUSG00000048100.13",0.0149171948,4.06681204,0.278284165,0.782732493,1,"Geno_at_37"
"Gm38228","ENSMUSG00000103945.1",0.0149132902,0.7058163,0.1033725,0.918365797,1,"Geno_at_37"
"Naa15","ENSMUSG00000063273.11",0.0149033587,8.39037327,0.581082059,0.565591806,1,"Geno_at_37"
"Ccdc47","ENSMUSG00000078622.8",0.0148957457,6.86319555,0.425889984,0.673274509,1,"Geno_at_37"
"Rassf7","ENSMUSG00000038618.12",0.0148925353,2.79826953,0.196124684,0.845855266,1,"Geno_at_37"
"Ylpm1","ENSMUSG00000021244.15",0.01488533,7.4270442,0.543878916,0.590605588,1,"Geno_at_37"
"Bap1","ENSMUSG00000021901.10",-0.0148818879,6.81462578,-0.457395456,0.650732438,1,"Geno_at_37"
"E230001N04Rik","ENSMUSG00000066170.7",-0.0148795606,0.103910998,-0.111666999,0.911842604,1,"Geno_at_37"
"Mrpl17","ENSMUSG00000030879.10",-0.0148755185,5.35719367,-0.385068531,0.70294476,1,"Geno_at_37"
"Timm8b","ENSMUSG00000039016.5",-0.0148748726,4.80326871,-0.358137428,0.722786537,1,"Geno_at_37"
"Suds3","ENSMUSG00000066900.11",0.0148729031,7.04441919,0.421962972,0.676106588,1,"Geno_at_37"
"Slc39a11","ENSMUSG00000041654.15",-0.0148697563,4.12935717,-0.238420576,0.813200755,1,"Geno_at_37"
"Olfr549","ENSMUSG00000073977.2",0.0148688491,-0.981046165,0.21596989,0.830495293,1,"Geno_at_37"
"Ralyl","ENSMUSG00000039717.16",0.0148688491,-0.99323804,0.225240759,0.823342618,1,"Geno_at_37"
"Tfb1m","ENSMUSG00000036983.7",0.0148664673,3.43415633,0.215026146,0.831224252,1,"Geno_at_37"
"Prpf40a","ENSMUSG00000061136.16",0.0148651159,8.2146517,0.528837164,0.60086898,1,"Geno_at_37"
"Socs3","ENSMUSG00000053113.3",-0.014862491,5.24735718,-0.258933302,0.797545373,1,"Geno_at_37"
"Lyrm2","ENSMUSG00000045854.4",-0.014858531,3.84469077,-0.260392675,0.796367061,1,"Geno_at_37"
"Pex19","ENSMUSG00000003464.13",-0.0148577024,6.00491351,-0.451316058,0.655057003,1,"Geno_at_37"
"Trmt5","ENSMUSG00000034442.11",-0.0148576238,4.91512477,-0.325529091,0.74707482,1,"Geno_at_37"
"Arxes1","ENSMUSG00000048355.2",-0.0148365404,-0.975933939,-0.21698497,0.829711405,1,"Geno_at_37"
"Scaf11","ENSMUSG00000033228.8",0.0148359136,8.39648194,0.502619256,0.618957859,1,"Geno_at_37"
"H2bc9","ENSMUSG00000114456.1",-0.0148338989,0.346278645,-0.11557621,0.908770348,1,"Geno_at_37"
"Noc2l","ENSMUSG00000095567.8",0.0148255766,7.95933885,0.45547581,0.652096648,1,"Geno_at_37"
"Ighmbp2","ENSMUSG00000024831.14",-0.0148191579,4.51936031,-0.33346252,0.741140135,1,"Geno_at_37"
"Ccdc171","ENSMUSG00000052407.17",-0.0148157651,2.41575177,-0.176640464,0.860996046,1,"Geno_at_37"
"Arpc1a","ENSMUSG00000029621.14",-0.0148125275,6.19792761,-0.484427716,0.631654113,1,"Geno_at_37"
"Gm42608","ENSMUSG00000106651.1",-0.0148114179,-0.979872697,-0.216940617,0.829745652,1,"Geno_at_37"
"Iglv1","ENSMUSG00000076934.2",0.0148085048,-0.996297874,0.22557421,0.823085636,1,"Geno_at_37"
"Mmp20","ENSMUSG00000018620.3",0.0148085048,-0.983167054,0.213177567,0.832652558,1,"Geno_at_37"
"Nt5c1a","ENSMUSG00000054958.6",0.0148085048,-0.992629355,0.223835753,0.824425635,1,"Geno_at_37"
"Rasgrf1","ENSMUSG00000032356.12",0.0148085048,-0.983310509,0.217922213,0.828987783,1,"Geno_at_37"
"Serpinb1b","ENSMUSG00000051029.8",0.0148085048,-0.981076565,0.217812669,0.829072352,1,"Geno_at_37"
"Sprn","ENSMUSG00000045733.7",0.0148085048,-0.993014698,0.224157115,0.824177889,1,"Geno_at_37"
"Rfc1","ENSMUSG00000029191.16",0.0148059482,7.53003999,0.45486022,0.652534381,1,"Geno_at_37"
"Fubp1","ENSMUSG00000028034.15",0.0148015514,8.54390567,0.395422078,0.69537203,1,"Geno_at_37"
"Mob1b","ENSMUSG00000006262.15",-0.0148007978,6.44337365,-0.326643214,0.746240427,1,"Geno_at_37"
"Dpp3","ENSMUSG00000063904.4",-0.0147809683,6.69390698,-0.485414178,0.630962656,1,"Geno_at_37"
"Gm11868","ENSMUSG00000050550.7",-0.0147772766,3.95736305,-0.272061729,0.787466716,1,"Geno_at_37"
"Psmd11","ENSMUSG00000017428.16",-0.0147748581,7.01541317,-0.495384723,0.623992979,1,"Geno_at_37"
"Pi4kb","ENSMUSG00000038861.14",0.0147738717,5.42343815,0.390860769,0.698704356,1,"Geno_at_37"
"Ahcy","ENSMUSG00000027597.15",-0.0147681146,6.92638296,-0.473064623,0.63964335,1,"Geno_at_37"
"Rnf25","ENSMUSG00000026171.12",-0.0147653308,4.88037428,-0.311691487,0.757463818,1,"Geno_at_37"
"Nubp2","ENSMUSG00000039183.6",0.014762831,6.40395782,0.448895835,0.656782025,1,"Geno_at_37"
"Fkbpl","ENSMUSG00000033739.8",-0.014759183,2.12094468,-0.173699553,0.863286189,1,"Geno_at_37"
"Lurap1","ENSMUSG00000028701.4",0.0147587801,1.84410655,0.142976135,0.887279631,1,"Geno_at_37"
"Lpin1","ENSMUSG00000020593.16",-0.0147474013,6.07861528,-0.391699823,0.698090912,1,"Geno_at_37"
"Tspyl2","ENSMUSG00000041096.13",-0.0147434199,5.25799724,-0.362219423,0.71976604,1,"Geno_at_37"
"Kif11","ENSMUSG00000012443.4",-0.0147419395,8.39858118,-0.425138779,0.673815888,1,"Geno_at_37"
"Tnp2","ENSMUSG00000043050.8",0.0147395804,0.383286759,0.110355335,0.912873756,1,"Geno_at_37"
"Atp6v0c-ps2","ENSMUSG00000080242.5",0.0147266391,4.34922374,0.220749958,0.826805482,1,"Geno_at_37"
"Aaas","ENSMUSG00000036678.8",-0.0147236721,6.41519075,-0.478124576,0.636080261,1,"Geno_at_37"
"Zfp369","ENSMUSG00000021514.18",-0.0147217379,5.06114046,-0.268800834,0.789951021,1,"Geno_at_37"
"Ppp4r3a","ENSMUSG00000041846.15",-0.0147216667,7.53520151,-0.415466099,0.680802576,1,"Geno_at_37"
"Acsl1","ENSMUSG00000018796.13",-0.014713107,5.11388407,-0.373377001,0.711533488,1,"Geno_at_37"
"Gm4939","ENSMUSG00000114529.1",0.0147000589,1.34093679,0.142785768,0.887428662,1,"Geno_at_37"
"Aak1","ENSMUSG00000057230.14",0.0146942328,6.88897559,0.439650933,0.663389015,1,"Geno_at_37"
"Sos2","ENSMUSG00000034801.13",0.0146933727,5.98818527,0.292005169,0.772402151,1,"Geno_at_37"
"Herpud2","ENSMUSG00000008429.8",-0.0146902603,5.72742801,-0.382379007,0.704917037,1,"Geno_at_37"
"Lman2","ENSMUSG00000021484.8",-0.0146877147,7.54090862,-0.558926751,0.580423683,1,"Geno_at_37"
"Trav4-4-dv10","ENSMUSG00000096096.3",0.0146854176,2.34543316,0.160807836,0.873339215,1,"Geno_at_37"
"Zmynd8","ENSMUSG00000039671.18",-0.0146820331,7.09050995,-0.469230181,0.642349305,1,"Geno_at_37"
"Mfap1b","ENSMUSG00000048222.3",-0.0146757694,4.36205287,-0.307312572,0.760761147,1,"Geno_at_37"
"Cbr3","ENSMUSG00000022947.8",0.014675039,-0.546751775,0.161145735,0.873075438,1,"Geno_at_37"
"Ptgs2","ENSMUSG00000032487.8",0.0146672302,-0.0292909955,0.111001043,0.912366119,1,"Geno_at_37"
"Nuf2","ENSMUSG00000026683.14",0.0146570169,6.64960293,0.461821845,0.647591485,1,"Geno_at_37"
"Paip2","ENSMUSG00000037058.16",-0.0146565524,7.40522366,-0.401775885,0.690740475,1,"Geno_at_37"
"Kctd13","ENSMUSG00000030685.5",-0.0146479539,3.61514677,-0.224449599,0.823952422,1,"Geno_at_37"
"Ache","ENSMUSG00000023328.14",-0.0146456185,1.08458133,-0.124902612,0.901446594,1,"Geno_at_37"
"0610030E20Rik","ENSMUSG00000058706.5",-0.0146413338,5.94234872,-0.376389897,0.709316442,1,"Geno_at_37"
"2210039B01Rik","ENSMUSG00000113800.1",0.014638867,-0.844881097,0.161839389,0.87253399,1,"Geno_at_37"
"Setd4","ENSMUSG00000022948.16",0.0146375062,3.13918357,0.208929965,0.835936665,1,"Geno_at_37"
"A430093F15Rik","ENSMUSG00000067577.8",-0.0146369944,6.29746435,-0.444351583,0.660026152,1,"Geno_at_37"
"Ngdn","ENSMUSG00000022204.9",-0.0146226968,5.89423885,-0.409296097,0.685274381,1,"Geno_at_37"
"Gm20139","ENSMUSG00000111052.1",0.0146166571,-0.901073779,0.175439577,0.861931052,1,"Geno_at_37"
"Gm13260","ENSMUSG00000082727.2",0.0146162791,0.0710386326,0.123184421,0.902795197,1,"Geno_at_37"
"Mir8094","ENSMUSG00000098269.1",-0.0146143368,0.0588943702,-0.0979828633,0.922607594,1,"Geno_at_37"
"Golph3l","ENSMUSG00000046519.15",-0.014609132,5.40294206,-0.365627807,0.717247502,1,"Geno_at_37"
"Rab2b","ENSMUSG00000022159.16",0.0146072282,2.49579064,0.174643154,0.862551257,1,"Geno_at_37"
"Car5b","ENSMUSG00000031373.4",0.0146043492,6.0553172,0.169559817,0.867284576,1,"Geno_at_37"
"Eif3s6-ps2","ENSMUSG00000091697.2",-0.0146012738,4.04866642,-0.244024167,0.808898642,1,"Geno_at_37"
"Lins1","ENSMUSG00000053091.16",-0.0146003523,4.41080244,-0.310654952,0.758243914,1,"Geno_at_37"
"Arhgef6","ENSMUSG00000031133.12",-0.0145989688,5.96083814,-0.395081193,0.695620855,1,"Geno_at_37"
"A530064N14Rik","ENSMUSG00000104273.1",-0.0145987692,-0.660494355,-0.135367408,0.893239411,1,"Geno_at_37"
"Dhx37","ENSMUSG00000029480.13",0.0145902897,5.83639785,0.337842094,0.737870845,1,"Geno_at_37"
"Hspa14","ENSMUSG00000109865.1",0.0145812584,6.70469292,0.430517849,0.669943236,1,"Geno_at_37"
"Gm25292","ENSMUSG00000084746.1",0.0145746507,-0.972494208,0.213075354,0.83273155,1,"Geno_at_37"
"Ubac2","ENSMUSG00000041765.6",-0.0145730405,5.49054046,-0.38593597,0.702309099,1,"Geno_at_37"
"Zfp780b","ENSMUSG00000063047.9",-0.014571505,4.13675391,-0.273773976,0.786163152,1,"Geno_at_37"
"Gm44667","ENSMUSG00000109539.1",0.0145636591,2.27132896,0.170095447,0.866094422,1,"Geno_at_37"
"Sf3b2","ENSMUSG00000024853.10",-0.0145502668,8.58987573,-0.522026401,0.605543859,1,"Geno_at_37"
"Rasal3","ENSMUSG00000052142.15",-0.0145450209,7.37322092,-0.37225517,0.712359647,1,"Geno_at_37"
"Ptch1","ENSMUSG00000021466.12",-0.0145422255,6.84041039,-0.375914935,0.709665772,1,"Geno_at_37"
"Jarid2","ENSMUSG00000038518.15",0.014536321,6.83232943,0.370434833,0.713700967,1,"Geno_at_37"
"Gm44264","ENSMUSG00000107561.1",-0.0145348822,-0.546915963,-0.129912262,0.897516256,1,"Geno_at_37"
"Phf10","ENSMUSG00000023883.13",0.0145311788,6.49754179,0.376795743,0.709017996,1,"Geno_at_37"
"Wdr37","ENSMUSG00000021147.17",-0.0145283026,6.20469235,-0.438902887,0.663924831,1,"Geno_at_37"
"Zw10","ENSMUSG00000032264.9",-0.0145243248,6.35965842,-0.390451293,0.699003804,1,"Geno_at_37"
"2610507I01Rik","ENSMUSG00000085882.1",-0.0145165368,1.80958376,-0.144715592,0.885918073,1,"Geno_at_37"
"Gm43753","ENSMUSG00000105707.1",-0.0145076901,-0.737551015,-0.155154138,0.877754895,1,"Geno_at_37"
"Exosc7","ENSMUSG00000025785.5",0.0145067781,5.74419817,0.404140897,0.689019612,1,"Geno_at_37"
"Qrich1","ENSMUSG00000006673.14",-0.0145035775,7.21658241,-0.530225154,0.599918375,1,"Geno_at_37"
"Trav13-2","ENSMUSG00000076846.3",0.0145023257,0.232809672,0.139671087,0.889867614,1,"Geno_at_37"
"Pyurf","ENSMUSG00000043162.7",0.014497716,2.60221721,0.172215147,0.864442585,1,"Geno_at_37"
"Gm4972","ENSMUSG00000109609.1",0.0144957353,2.2794011,0.138571747,0.890728716,1,"Geno_at_37"
"Gm10406","ENSMUSG00000093985.7",-0.0144893559,-0.973857609,-0.213907409,0.832088576,1,"Geno_at_37"
"Spg20","ENSMUSG00000036580.15",-0.0144889293,5.19001488,-0.339717371,0.736472496,1,"Geno_at_37"
"Slc41a1","ENSMUSG00000013275.9",-0.0144888083,6.04335047,-0.154521007,0.879007563,1,"Geno_at_37"
"Gm2629","ENSMUSG00000117613.1",0.0144825308,0.593868727,0.121426695,0.904175135,1,"Geno_at_37"
"Gm49011","ENSMUSG00000115643.1",-0.014480712,-0.55634529,-0.148458529,0.882989499,1,"Geno_at_37"
"Lhx2","ENSMUSG00000000247.11",-0.0144780545,1.69684901,-0.137350512,0.891685456,1,"Geno_at_37"
"Rpl14-ps1","ENSMUSG00000046721.11",-0.0144758151,9.54708837,-0.54154488,0.592192595,1,"Geno_at_37"
"Pip4k2c","ENSMUSG00000025417.8",-0.0144714062,5.85786558,-0.479937827,0.634805562,1,"Geno_at_37"
"Zfp324","ENSMUSG00000004500.9",-0.0144704411,2.79814273,-0.143341832,0.886993353,1,"Geno_at_37"
"1810037I17Rik","ENSMUSG00000054091.9",0.0144640135,6.41300936,0.286561229,0.776644874,1,"Geno_at_37"
"Sec11a","ENSMUSG00000025724.12",-0.0144620919,6.7141801,-0.477819296,0.636294982,1,"Geno_at_37"
"Oma1","ENSMUSG00000035069.3",-0.0144545074,4.00873042,-0.307040062,0.760966499,1,"Geno_at_37"
"Zfp946","ENSMUSG00000071266.13",-0.0144529093,2.85961276,-0.201649075,0.841572979,1,"Geno_at_37"
"Olfr372","ENSMUSG00000069998.5",0.0144512696,0.829459782,0.115137935,0.909114719,1,"Geno_at_37"
"Bloc1s6","ENSMUSG00000005804.14",0.0144444702,5.08223542,0.370679174,0.713520869,1,"Geno_at_37"
"Mndal","ENSMUSG00000090272.9",0.0144419834,6.57332245,0.23031641,0.820086536,1,"Geno_at_37"
"Nr4a2","ENSMUSG00000026826.13",-0.0144343467,5.31648041,-0.146787458,0.884964644,1,"Geno_at_37"
"2810021J22Rik","ENSMUSG00000020491.15",-0.0144340791,3.08011228,-0.188096044,0.852087256,1,"Geno_at_37"
"Idi2","ENSMUSG00000033520.2",-0.0144263208,3.91558393,-0.128649274,0.89891893,1,"Geno_at_37"
"Zhx3","ENSMUSG00000035877.17",0.0144215612,4.70207488,0.319224335,0.751802449,1,"Geno_at_37"
"Zfp398","ENSMUSG00000062519.13",-0.0144133806,5.92615991,-0.270803161,0.788578639,1,"Geno_at_37"
"Rrm1","ENSMUSG00000030978.10",-0.0144103677,8.96782725,-0.440188737,0.663003905,1,"Geno_at_37"
"Rps2-ps6","ENSMUSG00000095427.2",0.0144089337,3.39837543,0.203850101,0.839868196,1,"Geno_at_37"
"Rabgap1","ENSMUSG00000035437.15",-0.0144078662,5.78366451,-0.288626499,0.774882492,1,"Geno_at_37"
"Rbm3","ENSMUSG00000031167.16",-0.014399974,7.17539717,-0.361627088,0.720204058,1,"Geno_at_37"
"Bbs1","ENSMUSG00000006464.9",0.0143991794,1.3628062,0.124910146,0.901440681,1,"Geno_at_37"
"Mfsd14b","ENSMUSG00000038212.16",0.0143937823,6.27610495,0.426874055,0.672565579,1,"Geno_at_37"
"Atrn","ENSMUSG00000027312.14",0.0143937482,5.7173454,0.377626026,0.70840758,1,"Geno_at_37"
"Mthfsl","ENSMUSG00000079427.10",0.0143918122,2.7583875,0.183980952,0.855285267,1,"Geno_at_37"
"Foxm1","ENSMUSG00000001517.14",0.014385707,7.15225065,0.342207087,0.734617393,1,"Geno_at_37"
"Mosmo","ENSMUSG00000046096.7",0.014381942,5.05816541,0.337722303,0.737960201,1,"Geno_at_37"
"Rpl15-ps3","ENSMUSG00000061167.9",0.0143768007,2.69038747,0.153881553,0.878749373,1,"Geno_at_37"
"Espl1","ENSMUSG00000058290.4",0.0143738016,7.02725771,0.457742854,0.650485688,1,"Geno_at_37"
"Dcun1d5","ENSMUSG00000032002.10",0.014371281,6.77761498,0.491950602,0.626389573,1,"Geno_at_37"
"Lrrd1","ENSMUSG00000040367.2",-0.0143644268,-0.270745438,-0.107363715,0.915226163,1,"Geno_at_37"
"Med16","ENSMUSG00000013833.15",-0.0143590865,5.0255435,-0.302145964,0.76465749,1,"Geno_at_37"
"Vps8","ENSMUSG00000033653.18",0.0143564835,4.97585751,0.323768657,0.748393886,1,"Geno_at_37"
"Cc2d1b","ENSMUSG00000028582.14",-0.0143543561,6.61759098,-0.453323873,0.653627393,1,"Geno_at_37"
"Art3","ENSMUSG00000034842.16",-0.014353285,-0.872572997,-0.174858564,0.8623835,1,"Geno_at_37"
"Mrm1","ENSMUSG00000018405.7",0.0143521824,3.93097066,0.265231693,0.792672737,1,"Geno_at_37"
"Gnaq","ENSMUSG00000024639.5",0.0143507781,6.26300456,0.347574398,0.730623722,1,"Geno_at_37"
"Trmt112-ps1","ENSMUSG00000107261.1",-0.0143436578,-0.617705081,-0.12786492,0.899122192,1,"Geno_at_37"
"Heatr5b","ENSMUSG00000039414.10",0.0143431378,5.15773593,0.300727504,0.765728308,1,"Geno_at_37"
"Gm10441","ENSMUSG00000106807.1",-0.0143337979,-0.843178913,-0.177971352,0.859960059,1,"Geno_at_37"
"Fam8a1","ENSMUSG00000069237.8",-0.0143337651,5.41520653,-0.338207352,0.737598409,1,"Geno_at_37"
"Cul3","ENSMUSG00000004364.14",0.014332924,7.87249834,0.454060984,0.653102888,1,"Geno_at_37"
"Gm26682","ENSMUSG00000097888.2",-0.0143310964,-0.556838875,-0.129355522,0.897952919,1,"Geno_at_37"
"Camkk2","ENSMUSG00000029471.13",-0.0143241702,5.58887975,-0.32730218,0.745747058,1,"Geno_at_37"
"Tmprss3","ENSMUSG00000024034.13",0.0143161216,3.24367248,0.131654374,0.896330301,1,"Geno_at_37"
"Ep300","ENSMUSG00000055024.12",0.0143156694,7.5903435,0.461650223,0.647713145,1,"Geno_at_37"
"Slc37a3","ENSMUSG00000029924.12",-0.0143097675,5.21580572,-0.394633428,0.695947748,1,"Geno_at_37"
"Tfg","ENSMUSG00000022757.19",-0.0143077658,6.4243562,-0.496541114,0.623186899,1,"Geno_at_37"
"4931422A03Rik","ENSMUSG00000046085.7",-0.0143057228,0.396943834,-0.10004105,0.920987463,1,"Geno_at_37"
"Akt2-ps","ENSMUSG00000084347.3",-0.0143026041,4.65558734,-0.283060116,0.77910452,1,"Geno_at_37"
"Tut4","ENSMUSG00000034610.14",-0.0142981852,6.86895798,-0.348094054,0.730237466,1,"Geno_at_37"
"Dusp7","ENSMUSG00000053716.9",-0.014297608,4.63291004,-0.237731732,0.813730022,1,"Geno_at_37"
"Slc10a7","ENSMUSG00000031684.11",-0.0142856642,4.97455105,-0.323245006,0.748786399,1,"Geno_at_37"
"Gm9320","ENSMUSG00000100865.2",0.0142848494,2.00776599,0.16694681,0.868549222,1,"Geno_at_37"
"Itprid2","ENSMUSG00000027007.16",0.0142810647,5.04241264,0.303149403,0.763900263,1,"Geno_at_37"
"Gm14286","ENSMUSG00000087445.1",0.0142783904,1.43065331,0.139053569,0.890351293,1,"Geno_at_37"
"Paics","ENSMUSG00000029247.17",-0.0142711047,8.46058647,-0.474128158,0.638893706,1,"Geno_at_37"
"Tmem165","ENSMUSG00000029234.13",0.0142598647,6.38216381,0.352415562,0.727028114,1,"Geno_at_37"
"Dlat","ENSMUSG00000000168.9",0.0142588623,5.82087937,0.404550086,0.688722043,1,"Geno_at_37"
"Osbpl9","ENSMUSG00000028559.17",-0.0142586738,6.07815296,-0.433511502,0.667791941,1,"Geno_at_37"
"Cyp26c1","ENSMUSG00000062432.4",-0.0142580852,0.459752268,-0.117589508,0.90718865,1,"Geno_at_37"
"Pcmt1","ENSMUSG00000019795.17",-0.0142542406,6.1082934,-0.453867104,0.65324083,1,"Geno_at_37"
"Ifngr2","ENSMUSG00000022965.8",-0.0142473911,5.32642221,-0.249008184,0.805162053,1,"Geno_at_37"
"Lss","ENSMUSG00000033105.12",-0.0142426003,6.71213551,-0.260004901,0.797113853,1,"Geno_at_37"
"Apobr","ENSMUSG00000042759.12",-0.0142422656,3.58517731,-0.191631221,0.849341959,1,"Geno_at_37"
"Snx13","ENSMUSG00000020590.16",0.0142340718,5.59790955,0.35523225,0.724939015,1,"Geno_at_37"
"Atf5","ENSMUSG00000038539.15",-0.0142287804,3.92433543,-0.229726268,0.819887441,1,"Geno_at_37"
"Gm11620","ENSMUSG00000081965.1",0.0142243293,-0.407418924,0.116214021,0.908269226,1,"Geno_at_37"
"Pxk","ENSMUSG00000033885.15",-0.0142229328,5.47168384,-0.408139722,0.686113779,1,"Geno_at_37"
"Arfip2","ENSMUSG00000030881.15",-0.0142115591,5.58565225,-0.402036963,0.690550423,1,"Geno_at_37"
"Gm45797","ENSMUSG00000110504.1",-0.0142113392,0.391448274,-0.11015879,0.913028281,1,"Geno_at_37"
"Zfp120","ENSMUSG00000068134.13",0.0142078283,4.71485994,0.261454576,0.795555943,1,"Geno_at_37"
"Pclaf","ENSMUSG00000040204.6",0.0142019114,8.15251953,0.381770923,0.705363245,1,"Geno_at_37"
"Atp6v1g3","ENSMUSG00000026394.5",-0.0142003638,-0.283396738,-0.123443742,0.902591638,1,"Geno_at_37"
"2310057M21Rik","ENSMUSG00000040177.10",0.0141936157,4.60787703,0.282127651,0.779812457,1,"Geno_at_37"
"Gm8941","ENSMUSG00000097426.1",-0.0141922487,-0.988191408,-0.213927407,0.832073123,1,"Geno_at_37"
"Ifngas1","ENSMUSG00000112230.2",-0.0141922487,-0.984956931,-0.213153921,0.832670832,1,"Geno_at_37"
"E2f4","ENSMUSG00000014859.9",-0.0141880638,7.43557393,-0.413542582,0.682195419,1,"Geno_at_37"
"Nrg1","ENSMUSG00000062991.9",-0.014186588,-0.946786628,-0.203388184,0.840225904,1,"Geno_at_37"
"9430087J23Rik","ENSMUSG00000103522.1",-0.0141848889,-0.504753939,-0.129475927,0.89785848,1,"Geno_at_37"
"Sp7","ENSMUSG00000060284.7",-0.0141784821,-0.024184295,-0.0880294165,0.930484145,1,"Geno_at_37"
"Rnf114","ENSMUSG00000006418.17",-0.0141756514,7.43118274,-0.43521841,0.666566608,1,"Geno_at_37"
"Itfg2","ENSMUSG00000001518.12",0.0141723724,4.94782542,0.341441966,0.735187316,1,"Geno_at_37"
"Msh6","ENSMUSG00000005370.4",0.014170023,7.64838103,0.403677926,0.689356352,1,"Geno_at_37"
"5430414B19Rik","ENSMUSG00000114419.1",0.0141664732,0.352146617,0.111787604,0.911747799,1,"Geno_at_37"
"Dgkk","ENSMUSG00000062393.13",-0.0141623677,-0.970016605,-0.204386856,0.839452577,1,"Geno_at_37"
"Gm13187","ENSMUSG00000087355.7",-0.0141623677,-0.996459408,-0.215868551,0.830573562,1,"Geno_at_37"
"Gm36696","ENSMUSG00000108427.1",-0.0141623677,-0.98406984,-0.20917051,0.835750602,1,"Geno_at_37"
"Gm42607","ENSMUSG00000106354.1",-0.0141623677,-0.996459408,-0.215868551,0.830573562,1,"Geno_at_37"
"Gm43937","ENSMUSG00000107719.1",-0.0141623677,-0.990036006,-0.211154222,0.834216563,1,"Geno_at_37"
"Gm44001","ENSMUSG00000107966.1",-0.0141623677,-0.9828771,-0.207946194,0.836697716,1,"Geno_at_37"
"Nkx3-2","ENSMUSG00000049691.8",-0.0141623677,-0.99341466,-0.214686031,0.831486999,1,"Geno_at_37"
"Ror1","ENSMUSG00000035305.5",-0.0141623677,-0.992790889,-0.214202827,0.831860318,1,"Geno_at_37"
"Steap4","ENSMUSG00000012428.9",-0.0141623677,-0.99006736,-0.213281755,0.832572041,1,"Geno_at_37"
"Stamos","ENSMUSG00000086657.2",0.0141620275,-0.384434354,0.119319131,0.905830123,1,"Geno_at_37"
"Ccdc181","ENSMUSG00000026578.6",-0.0141548799,2.81384236,-0.161438299,0.872847063,1,"Geno_at_37"
"Rab14","ENSMUSG00000026878.17",0.0141536414,7.2126653,0.417870581,0.679063069,1,"Geno_at_37"
"Mcam","ENSMUSG00000032135.15",0.0141511242,0.324049486,0.0974665302,0.923014087,1,"Geno_at_37"
"Dctn4","ENSMUSG00000024603.8",-0.0141454422,6.29214592,-0.424529296,0.67425526,1,"Geno_at_37"
"Cherp","ENSMUSG00000052488.7",0.0141289098,7.55385332,0.46258888,0.647047867,1,"Geno_at_37"
"Trp53inp1","ENSMUSG00000028211.11",-0.0141279657,8.96322233,-0.348901554,0.72986361,1,"Geno_at_37"
"Kmt5b","ENSMUSG00000045098.19",-0.0141278722,6.62954902,-0.446279265,0.65864916,1,"Geno_at_37"
"Ap2m1","ENSMUSG00000022841.15",-0.0141259143,6.51407159,-0.453277949,0.653660077,1,"Geno_at_37"
"Slc11a1","ENSMUSG00000026177.11",-0.0141136781,-0.907011721,-0.171584898,0.86493366,1,"Geno_at_37"
"Gm50250","ENSMUSG00000117835.1",0.0141135023,-0.299553757,0.120175925,0.905157264,1,"Geno_at_37"
"Acot7","ENSMUSG00000028937.14",0.0141121014,6.6471957,0.329484298,0.744114088,1,"Geno_at_37"
"Znhit3","ENSMUSG00000020526.12",0.0141098417,4.30525199,0.246961757,0.806645746,1,"Geno_at_37"
"Hk1","ENSMUSG00000037012.18",-0.014106969,7.78049115,-0.233442928,0.817828009,1,"Geno_at_37"
"1500002C15Rik","ENSMUSG00000096221.3",-0.0141066748,1.18574525,-0.130630932,0.896952635,1,"Geno_at_37"
"4833419F23Rik","ENSMUSG00000117401.1",-0.0140979802,0.45690082,-0.109108174,0.913854342,1,"Geno_at_37"
"Zrsr2","ENSMUSG00000031370.12",0.0140935852,6.05273548,0.411502982,0.683673563,1,"Geno_at_37"
"Gm7701","ENSMUSG00000091363.1",0.0140903909,3.41409124,0.201973613,0.841321562,1,"Geno_at_37"
"Dtymk","ENSMUSG00000026281.15",0.0140899021,6.55462366,0.404371022,0.688852255,1,"Geno_at_37"
"Klhl2","ENSMUSG00000031605.8",0.0140892953,5.92098173,0.334609596,0.740283381,1,"Geno_at_37"
"Rpl9-ps4","ENSMUSG00000094989.1",0.0140829688,5.15725566,0.301310076,0.765288458,1,"Geno_at_37"
"Sema3d","ENSMUSG00000040254.11",-0.0140789199,-0.101037028,-0.103824802,0.918009932,1,"Geno_at_37"
"Scaf8","ENSMUSG00000046201.9",-0.0140783767,7.24034128,-0.360899243,0.720742415,1,"Geno_at_37"
"Gm33699","ENSMUSG00000111147.1",-0.014073536,-0.170157837,-0.0969855019,0.923392804,1,"Geno_at_37"
"Gm5492","ENSMUSG00000117295.1",0.0140640824,4.76566696,0.316968028,0.753496738,1,"Geno_at_37"
"Asb7","ENSMUSG00000030509.17",-0.014059109,4.4255727,-0.2893274,0.77435136,1,"Geno_at_37"
"Rpsa-ps10","ENSMUSG00000047676.6",-0.0140495564,9.53202761,-0.498565,0.621777261,1,"Geno_at_37"
"Art4","ENSMUSG00000030217.2",0.0140472621,0.512193466,0.107059127,0.915465715,1,"Geno_at_37"
"Has1","ENSMUSG00000003665.7",0.0140441216,-0.680441811,0.127907881,0.899088489,1,"Geno_at_37"
"Gm11585","ENSMUSG00000082045.4",0.0140415316,4.06885023,0.245870551,0.807482418,1,"Geno_at_37"
"Tm9sf1","ENSMUSG00000002320.15",0.0140365937,6.37699838,0.430161187,0.67019973,1,"Geno_at_37"
"Ikzf3","ENSMUSG00000018168.8",0.0140287057,7.59386922,0.312207509,0.757278292,1,"Geno_at_37"
"Clic4","ENSMUSG00000037242.8",0.014023239,7.30998318,0.310669762,0.758398372,1,"Geno_at_37"
"Dpy30","ENSMUSG00000024067.14",-0.0140105295,5.75451602,-0.390651966,0.698857047,1,"Geno_at_37"
"Nol10","ENSMUSG00000061458.9",-0.0140054393,6.10761172,-0.425917431,0.673254732,1,"Geno_at_37"
"Anapc7","ENSMUSG00000029466.11",-0.0139951869,6.07530486,-0.418872129,0.678339034,1,"Geno_at_37"
"Gm48719","ENSMUSG00000111203.1",-0.0139894167,1.81707761,-0.1286151,0.898533699,1,"Geno_at_37"
"Cd200","ENSMUSG00000022661.14",0.0139887018,5.79131511,0.168609837,0.867948438,1,"Geno_at_37"
"Ftx","ENSMUSG00000086370.9",-0.0139885025,3.82785802,-0.186744827,0.853137065,1,"Geno_at_37"
"Pycrl","ENSMUSG00000022571.9",0.0139848135,4.47408347,0.300675591,0.765767506,1,"Geno_at_37"
"Mtch1","ENSMUSG00000024012.18",-0.0139807324,6.85824228,-0.417152468,0.679582395,1,"Geno_at_37"
"Pomk","ENSMUSG00000037251.5",-0.0139788513,3.28572685,-0.208421464,0.836330024,1,"Geno_at_37"
"Atf6","ENSMUSG00000026663.6",-0.0139652767,5.31520139,-0.287358864,0.775843366,1,"Geno_at_37"
"Ankrd13a","ENSMUSG00000041870.16",0.0139647058,7.10952929,0.516625234,0.609263332,1,"Geno_at_37"
"Tceanc2","ENSMUSG00000028619.15",-0.0139584481,5.18891337,-0.299208577,0.766875492,1,"Geno_at_37"
"Fbxo5","ENSMUSG00000019773.7",0.0139576124,6.46536299,0.349311143,0.729333094,1,"Geno_at_37"
"Renbp","ENSMUSG00000031387.14",0.0139556656,2.95461381,0.173205097,0.863671351,1,"Geno_at_37"
"Cops7b","ENSMUSG00000026240.12",0.0139539313,5.22103924,0.298816726,0.767171529,1,"Geno_at_37"
"Gypc","ENSMUSG00000090523.2",0.0139538364,4.78438556,0.294610052,0.77035184,1,"Geno_at_37"
"Caml","ENSMUSG00000021501.4",0.013949357,4.28087267,0.260964771,0.795930045,1,"Geno_at_37"
"Rab32","ENSMUSG00000019832.5",0.0139487717,1.52115755,0.145683004,0.885160985,1,"Geno_at_37"
"Smc5","ENSMUSG00000024943.9",0.0139467644,7.14524473,0.403269836,0.689653229,1,"Geno_at_37"
"Pdcd1","ENSMUSG00000026285.7",-0.0139445568,7.22959972,-0.190059877,0.851401555,1,"Geno_at_37"
"Ralgds","ENSMUSG00000026821.16",-0.0139388455,5.03384902,-0.306479664,0.761388847,1,"Geno_at_37"
"Jchain","ENSMUSG00000067149.6",-0.0139369564,-0.164497758,-0.100726663,0.920447849,1,"Geno_at_37"
"Gzmb","ENSMUSG00000015437.5",0.0139149746,4.53805694,0.0956297547,0.924961387,1,"Geno_at_37"
"Efcab11","ENSMUSG00000021176.6",-0.0138940976,2.51152765,-0.17383739,0.863178826,1,"Geno_at_37"
"9330020H09Rik","ENSMUSG00000091050.1",0.0138937774,1.17375763,0.131114618,0.896573333,1,"Geno_at_37"
"Setd6","ENSMUSG00000031671.11",0.0138919507,4.94082576,0.328903537,0.744548578,1,"Geno_at_37"
"Akt2","ENSMUSG00000004056.15",0.0138916343,7.04089477,0.507282756,0.615722054,1,"Geno_at_37"
"Trav16n","ENSMUSG00000076822.2",-0.0138902711,1.17892978,-0.146623904,0.884424751,1,"Geno_at_37"
"Wrap73","ENSMUSG00000029029.14",0.0138889562,4.39862103,0.292800486,0.771721154,1,"Geno_at_37"
"Spop","ENSMUSG00000057522.15",0.0138878553,6.94230846,0.457622901,0.650570884,1,"Geno_at_37"
"Gm12992","ENSMUSG00000085667.1",0.0138866836,1.17804933,0.114830348,0.909356413,1,"Geno_at_37"
"Rpf2","ENSMUSG00000038510.12",-0.0138793626,5.65145084,-0.351794496,0.727489039,1,"Geno_at_37"
"Kcnmb1","ENSMUSG00000020155.2",-0.0138777394,-0.137586639,-0.0972321576,0.923198608,1,"Geno_at_37"
"Siah1b","ENSMUSG00000040749.11",-0.0138737942,4.0018594,-0.222209052,0.82567998,1,"Geno_at_37"
"Jak3","ENSMUSG00000031805.17",-0.0138568305,8.11788813,-0.410709665,0.684248843,1,"Geno_at_37"
"Gm44822","ENSMUSG00000109154.1",0.0138491358,0.374833114,0.0791399298,0.937513999,1,"Geno_at_37"
"Senp2","ENSMUSG00000022855.9",-0.0138480452,6.97414674,-0.420294527,0.677311298,1,"Geno_at_37"
"Spcs2","ENSMUSG00000035227.7",-0.0138451378,7.90079991,-0.327736172,0.745548858,1,"Geno_at_37"
"Zfp637","ENSMUSG00000059689.15",-0.0138413818,3.85273221,-0.201033695,0.842049756,1,"Geno_at_37"
"Fancf","ENSMUSG00000092118.1",0.0138408249,2.87441528,0.176532991,0.861079715,1,"Geno_at_37"
"Impdh1","ENSMUSG00000003500.13",-0.0138373885,5.74497155,-0.357273277,0.723426556,1,"Geno_at_37"
"Bcor","ENSMUSG00000040363.15",-0.0138367027,8.19832694,-0.253869159,0.802080463,1,"Geno_at_37"
"Rfc3","ENSMUSG00000033970.15",0.0138351963,5.92732985,0.358613116,0.722434314,1,"Geno_at_37"
"Nras","ENSMUSG00000027852.14",-0.0138347391,7.4774949,-0.452594075,0.654146872,1,"Geno_at_37"
"Gm42922","ENSMUSG00000104605.1",0.0138344224,-0.369013143,0.107419469,0.915182315,1,"Geno_at_37"
"Ddb2","ENSMUSG00000002109.14",-0.0138327614,4.85153108,-0.253222856,0.801849633,1,"Geno_at_37"
"Abhd2","ENSMUSG00000039202.12",0.0138307951,6.70398576,0.488675327,0.628679183,1,"Geno_at_37"
"Gtf2a2","ENSMUSG00000033543.17",-0.0138271594,6.45059832,-0.427414332,0.67217649,1,"Geno_at_37"
"Tfip11","ENSMUSG00000029345.13",0.0138260533,5.87985364,0.386773437,0.701695609,1,"Geno_at_37"
"Grsf1","ENSMUSG00000044221.14",0.0138258611,6.72938701,0.424485918,0.674286535,1,"Geno_at_37"
"Lonp2","ENSMUSG00000047866.18",-0.013824951,6.60633674,-0.391811567,0.698009231,1,"Geno_at_37"
"Tmem204","ENSMUSG00000024168.8",-0.0138233749,0.552120694,-0.112714503,0.911019231,1,"Geno_at_37"
"Sgpp1","ENSMUSG00000021054.6",0.0138180087,6.49558295,0.355426839,0.72479477,1,"Geno_at_37"
"Nnt","ENSMUSG00000025453.18",-0.0138057319,1.0925327,-0.120274632,0.905079752,1,"Geno_at_37"
"Eri1","ENSMUSG00000031527.7",0.013804515,7.13963547,0.446911809,0.658197583,1,"Geno_at_37"
"Prrc2a","ENSMUSG00000024393.14",0.013802095,9.33912263,0.395497345,0.695317094,1,"Geno_at_37"
"Rpl36-ps12","ENSMUSG00000091845.1",0.0137949938,6.08212887,0.289068933,0.77454785,1,"Geno_at_37"
"Gm7776","ENSMUSG00000100018.1",0.01378927,3.25891114,0.188473286,0.851794212,1,"Geno_at_37"
"Ubap2l","ENSMUSG00000042520.16",0.0137892183,8.36691991,0.483976594,0.631970438,1,"Geno_at_37"
"Sumo2","ENSMUSG00000020738.16",0.013775279,3.18435371,0.206962109,0.83745917,1,"Geno_at_37"
"Gm45223","ENSMUSG00000109429.1",-0.0137606877,1.97652626,-0.107309196,0.915298422,1,"Geno_at_37"
"9430081H08Rik","ENSMUSG00000111088.1",-0.013759162,0.190678578,-0.0946826778,0.925206086,1,"Geno_at_37"
"Dph7","ENSMUSG00000026975.10",-0.0137581494,4.57744003,-0.252378875,0.802495684,1,"Geno_at_37"
"Tuba1b","ENSMUSG00000023004.8",-0.0137535949,9.32849399,-0.392636283,0.697406499,1,"Geno_at_37"
"Large1","ENSMUSG00000004383.18",0.0137422985,1.30563018,0.10876423,0.914124794,1,"Geno_at_37"
"Rbm42","ENSMUSG00000036733.16",-0.0137387343,-0.204252757,-0.10505748,0.917040164,1,"Geno_at_37"
"Cbr1","ENSMUSG00000051483.9",0.0137348196,3.38141776,0.195518326,0.846325584,1,"Geno_at_37"
"Gm43690","ENSMUSG00000106980.1",0.0137317093,-0.201800013,0.120778151,0.904684366,1,"Geno_at_37"
"2700062C07Rik","ENSMUSG00000024273.8",0.0137316854,3.69254779,0.234075717,0.816540578,1,"Geno_at_37"
"Gm8712","ENSMUSG00000113743.1",-0.0137229532,3.07271267,-0.174948565,0.862313411,1,"Geno_at_37"
"Mir7026","ENSMUSG00000099284.1",0.0137196069,-0.363452958,0.130997763,0.896664968,1,"Geno_at_37"
"Lrpprc","ENSMUSG00000024120.12",0.0137186093,6.72373623,0.433338559,0.667916143,1,"Geno_at_37"
"Pygo2","ENSMUSG00000047824.13",0.0137163507,6.07734504,0.375844659,0.709717465,1,"Geno_at_37"
"Ndufaf2","ENSMUSG00000068184.7",-0.0137098166,3.83054808,-0.214350153,0.831746491,1,"Geno_at_37"
"Gnb2","ENSMUSG00000029713.15",-0.013701588,7.8365463,-0.454103032,0.653072974,1,"Geno_at_37"
"Sox12","ENSMUSG00000051817.8",0.013698359,3.97339115,0.217645789,0.829201188,1,"Geno_at_37"
"Gm15267","ENSMUSG00000083474.1",-0.0136978161,0.0499172255,-0.118428033,0.906529998,1,"Geno_at_37"
"Gm20275","ENSMUSG00000110803.1",0.0136904657,2.11908416,0.139192918,0.890242143,1,"Geno_at_37"
"Mfn1","ENSMUSG00000027668.13",0.013682666,5.60600531,0.401293988,0.691091326,1,"Geno_at_37"
"2010001A14Rik","ENSMUSG00000087165.7",-0.013677429,1.80037663,-0.139972839,0.889631279,1,"Geno_at_37"
"Gm43566","ENSMUSG00000105565.1",0.0136590853,-0.111641615,0.112490877,0.911195,1,"Geno_at_37"
"Fxyd7","ENSMUSG00000036578.7",0.0136520685,-0.568985154,0.105649784,0.916574236,1,"Geno_at_37"
"Pxylp1","ENSMUSG00000043587.15",-0.0136498542,2.92383625,-0.166672006,0.868763534,1,"Geno_at_37"
"Blvra","ENSMUSG00000001999.15",-0.0136424618,4.74259598,-0.258446216,0.797854435,1,"Geno_at_37"
"Taf1b","ENSMUSG00000059669.8",0.0136396873,5.33365834,0.251961062,0.802815564,1,"Geno_at_37"
"Gpd1l","ENSMUSG00000050627.13",0.01363936,5.22903859,0.265868913,0.792186617,1,"Geno_at_37"
"Gm43598","ENSMUSG00000106927.1",-0.0136350345,-0.376418558,-0.135009354,0.893520028,1,"Geno_at_37"
"Snrnp25","ENSMUSG00000040767.10",0.0136340664,4.50315331,0.284044503,0.778357373,1,"Geno_at_37"
"Ppm1a","ENSMUSG00000021096.11",-0.0136328419,7.00869019,-0.429069994,0.670984715,1,"Geno_at_37"
"AC169509.1","ENSMUSG00000115852.2",0.0136299632,2.96242853,0.157696771,0.875768531,1,"Geno_at_37"
"BC085271","ENSMUSG00000102478.1",0.0136226743,0.288930162,0.096233484,0.92398491,1,"Geno_at_37"
"Gm36584","ENSMUSG00000109383.1",-0.0136172958,-0.559741362,-0.108055308,0.914682271,1,"Geno_at_37"
"Gm5264","ENSMUSG00000099592.1",-0.0136131267,-0.274028451,-0.120229169,0.905115453,1,"Geno_at_37"
"Gm23711","ENSMUSG00000095119.1",-0.0136054269,-0.311091382,-0.0901812518,0.928785607,1,"Geno_at_37"
"Arpc4","ENSMUSG00000079426.13",-0.0135994483,7.60096039,-0.474168211,0.638865482,1,"Geno_at_37"
"Eif5","ENSMUSG00000021282.17",-0.0135973426,8.73860827,-0.448364234,0.657161184,1,"Geno_at_37"
"Gpx4-ps2","ENSMUSG00000110841.1",0.0135862139,6.15796352,0.409031028,0.685466755,1,"Geno_at_37"
"Kif22","ENSMUSG00000030677.8",-0.0135807911,6.85642684,-0.411810764,0.683450425,1,"Geno_at_37"
"Jun","ENSMUSG00000052684.4",-0.013577527,8.0504102,-0.137529159,0.892292087,1,"Geno_at_37"
"Phf3","ENSMUSG00000048874.15",0.0135774206,7.55614266,0.44836432,0.657161123,1,"Geno_at_37"
"Tab2","ENSMUSG00000015755.16",-0.0135762645,7.76500323,-0.433746291,0.667623338,1,"Geno_at_37"
"Tom1","ENSMUSG00000042870.15",-0.0135696038,0.87363045,-0.112322196,0.911327586,1,"Geno_at_37"
"Akr1b3","ENSMUSG00000001642.18",-0.0135649491,5.08745915,-0.30106589,0.765472812,1,"Geno_at_37"
"Gpr146","ENSMUSG00000044197.8",-0.0135606253,6.20650385,-0.196508056,0.84619534,1,"Geno_at_37"
"Eif3d","ENSMUSG00000016554.9",-0.0135547213,7.33842079,-0.443987067,0.660286671,1,"Geno_at_37"
"Prr5l","ENSMUSG00000032841.15",-0.0135441428,3.66497401,-0.20714784,0.837315445,1,"Geno_at_37"
"Zfp207","ENSMUSG00000017421.18",-0.0135429373,8.43979824,-0.379049283,0.707361674,1,"Geno_at_37"
"Prcp","ENSMUSG00000061119.7",0.0135401572,4.45565614,0.325725436,0.74692775,1,"Geno_at_37"
"Lrrc8c","ENSMUSG00000054720.12",-0.0135376007,8.02045877,-0.316392052,0.754101034,1,"Geno_at_37"
"Fam110a","ENSMUSG00000027459.16",0.0135338918,4.40443345,0.219110297,0.828070714,1,"Geno_at_37"
"Zfand2b","ENSMUSG00000026197.12",0.0135304698,4.37440553,0.27281744,0.786891302,1,"Geno_at_37"
"Txnrd2","ENSMUSG00000075704.16",-0.0135292724,4.37178664,-0.257592157,0.798507303,1,"Geno_at_37"
"Lcorl","ENSMUSG00000015882.18",0.013522357,4.84029969,0.280694392,0.780900976,1,"Geno_at_37"
"Gpr19","ENSMUSG00000032641.18",0.0135202418,2.51966041,0.152794446,0.879599065,1,"Geno_at_37"
"Klhl23","ENSMUSG00000042155.3",0.0135192789,1.27632408,0.108443279,0.914377176,1,"Geno_at_37"
"Cldnd1","ENSMUSG00000022744.12",0.0135047876,6.87548734,0.329198821,0.744327654,1,"Geno_at_37"
"Smim19","ENSMUSG00000031534.15",0.0135012901,3.47295861,0.203958378,0.839784351,1,"Geno_at_37"
"Mfap1a","ENSMUSG00000068479.5",-0.0134999647,4.8377005,-0.35820955,0.72273313,1,"Geno_at_37"
"6330403L08Rik","ENSMUSG00000075585.3",0.0134945377,-0.678434321,0.120702234,0.904743978,1,"Geno_at_37"
"Fstl4","ENSMUSG00000036264.9",-0.0134911485,1.07359685,-0.124889085,0.90145721,1,"Geno_at_37"
"Trappc9","ENSMUSG00000047921.17",0.0134899178,5.27547403,0.302594599,0.764318906,1,"Geno_at_37"
"Sympk","ENSMUSG00000023118.15",0.0134855814,7.73508184,0.408978709,0.685504728,1,"Geno_at_37"
"Mettl9","ENSMUSG00000030876.7",-0.0134839712,5.7697827,-0.324095018,0.748149291,1,"Geno_at_37"
"Ube2a","ENSMUSG00000016308.12",-0.0134717486,6.05140892,-0.401865986,0.690674884,1,"Geno_at_37"
"H3f3b","ENSMUSG00000016559.14",0.0134685347,9.4537301,0.498780351,0.621627355,1,"Geno_at_37"
"Rpl28","ENSMUSG00000030432.12",0.0134670919,4.32179242,0.282470153,0.779552404,1,"Geno_at_37"
"Abhd8","ENSMUSG00000007950.9",-0.0134617282,4.99408346,-0.271698298,0.787743483,1,"Geno_at_37"
"Gm49785","ENSMUSG00000116898.1",0.0134574214,-0.573338085,0.131003415,0.896660535,1,"Geno_at_37"
"Nmi","ENSMUSG00000026946.9",-0.0134540956,4.56270327,-0.208555596,0.836226259,1,"Geno_at_37"
"Med24","ENSMUSG00000017210.14",-0.0134504135,6.40336171,-0.372105145,0.712470157,1,"Geno_at_37"
"Zfp959","ENSMUSG00000003198.10",-0.013450086,3.9177852,-0.235456704,0.815478652,1,"Geno_at_37"
"3300002I08Rik","ENSMUSG00000063364.10",-0.0134488083,0.782777894,-0.121906129,0.903798716,1,"Geno_at_37"
"Gripap1","ENSMUSG00000031153.16",0.0134479751,6.22115748,0.366804753,0.716378577,1,"Geno_at_37"
"Zfp975","ENSMUSG00000069727.5",0.0134465388,1.9864422,0.142806121,0.887412729,1,"Geno_at_37"
"Cdc25a","ENSMUSG00000032477.14",-0.0134403837,6.78051627,-0.348691362,0.72979358,1,"Geno_at_37"
"Map3k1","ENSMUSG00000021754.17",0.0134400005,6.51058168,0.388951003,0.700101381,1,"Geno_at_37"
"Ftl1","ENSMUSG00000050708.16",-0.0134228353,5.59952972,-0.201540831,0.842075699,1,"Geno_at_37"
"Gm17040","ENSMUSG00000091366.1",0.0134196547,1.17614135,0.130165357,0.897317759,1,"Geno_at_37"
"Rnf115","ENSMUSG00000028098.13",-0.0134183848,6.68240542,-0.401130296,0.69121052,1,"Geno_at_37"
"Rapgef1","ENSMUSG00000039844.20",-0.0134069323,7.39487957,-0.492670106,0.625887102,1,"Geno_at_37"
"Smarcc1","ENSMUSG00000032481.17",0.0134050062,8.12848912,0.465569868,0.644937044,1,"Geno_at_37"
"H1f2","ENSMUSG00000036181.2",-0.0134032875,3.16975867,-0.1584761,0.875159865,1,"Geno_at_37"
"Rap2c","ENSMUSG00000050029.7",0.0134017447,6.49191187,0.358640501,0.722414038,1,"Geno_at_37"
"Izumo1r","ENSMUSG00000031933.17",-0.0133941375,7.71005784,-0.292138456,0.772488974,1,"Geno_at_37"
"Zfp87","ENSMUSG00000097333.7",0.0133833938,3.93656743,0.17967167,0.858636872,1,"Geno_at_37"
"Wdr5","ENSMUSG00000026917.15",-0.0133825897,6.83910278,-0.43669865,0.665504748,1,"Geno_at_37"
"Slc35d1","ENSMUSG00000028521.17",0.0133789017,5.16375244,0.330675064,0.743223498,1,"Geno_at_37"
"Dnajc22","ENSMUSG00000038009.7",-0.0133765928,-0.960690151,-0.19347508,0.847910841,1,"Geno_at_37"
"Nbeal2","ENSMUSG00000056724.15",0.0133759754,5.96542929,0.308752004,0.759676745,1,"Geno_at_37"
"Dpt","ENSMUSG00000026574.5",0.0133721232,3.08885083,0.145952466,0.884950126,1,"Geno_at_37"
"Wdr75","ENSMUSG00000025995.16",-0.013371551,7.03037207,-0.413165895,0.682468317,1,"Geno_at_37"
"4930563E22Rik","ENSMUSG00000053574.5",-0.0133649696,-0.0706297283,-0.0987150709,0.922031187,1,"Geno_at_37"
"Spry1","ENSMUSG00000037211.12",0.0133612026,5.67905314,0.0866983266,0.931971422,1,"Geno_at_37"
"Tcf7","ENSMUSG00000000782.16",-0.0133589644,7.71891488,-0.298534372,0.767594696,1,"Geno_at_37"
"Ift122","ENSMUSG00000030323.13",-0.0133558567,2.7855846,-0.180476428,0.858010755,1,"Geno_at_37"
"Utp11","ENSMUSG00000028907.7",0.0133557336,6.01259011,0.378320848,0.707896906,1,"Geno_at_37"
"Mtbp","ENSMUSG00000022369.13",0.0133469394,6.13379075,0.360095477,0.721337097,1,"Geno_at_37"
"Wars","ENSMUSG00000021266.16",-0.0133433141,7.25294719,-0.350788197,0.728236083,1,"Geno_at_37"
"Dtx3l","ENSMUSG00000049502.17",0.0133390618,7.3224718,0.211190814,0.834920925,1,"Geno_at_37"
"Slf1","ENSMUSG00000021597.16",-0.0133378126,5.63060403,-0.333208919,0.741329596,1,"Geno_at_37"
"Aff1","ENSMUSG00000029313.18",0.0133332699,6.85461375,0.179500185,0.859540013,1,"Geno_at_37"
"Ctdsp1","ENSMUSG00000026176.13",0.0133301934,6.18164957,0.302501238,0.764389362,1,"Geno_at_37"
"Elp3","ENSMUSG00000022031.6",-0.0133235077,6.36852973,-0.394934139,0.695728206,1,"Geno_at_37"
"Rmnd5a","ENSMUSG00000002222.14",0.0133145971,7.82423476,0.449435307,0.656397348,1,"Geno_at_37"
"Gm13077","ENSMUSG00000081544.1",-0.0133141594,-0.531703535,-0.13272961,0.895307051,1,"Geno_at_37"
"Dyrk2","ENSMUSG00000028630.9",-0.0133108948,5.72000645,-0.308193478,0.760097454,1,"Geno_at_37"
"Dxo","ENSMUSG00000040482.16",-0.0133090439,4.96320201,-0.254555024,0.800830174,1,"Geno_at_37"
"Gm14830","ENSMUSG00000081418.1",0.0132952492,-0.483537192,0.124725097,0.901585911,1,"Geno_at_37"
"Gm49288","ENSMUSG00000115645.1",-0.0132939464,-0.600889689,-0.115130806,0.909120321,1,"Geno_at_37"
"Plekhn1","ENSMUSG00000078485.3",0.0132892487,5.2755531,0.324585592,0.747781673,1,"Geno_at_37"
"Slc37a2","ENSMUSG00000032122.15",0.0132857771,4.21939874,0.0842550296,0.933863013,1,"Geno_at_37"
"Gm8430","ENSMUSG00000055093.10",-0.0132843905,6.49711388,-0.294481212,0.77044931,1,"Geno_at_37"
"Mcf2l","ENSMUSG00000031442.21",0.0132801428,0.524584675,0.0678044972,0.946521459,1,"Geno_at_37"
"Cacna2d4","ENSMUSG00000041460.16",0.013280002,1.85404932,0.122489277,0.903340898,1,"Geno_at_37"
"Il23a","ENSMUSG00000025383.2",-0.0132799034,0.405792684,-0.0870565817,0.931213863,1,"Geno_at_37"
"Rapgefl1","ENSMUSG00000038020.5",-0.0132778598,0.413091481,-0.125067864,0.901316903,1,"Geno_at_37"
"Dmac2","ENSMUSG00000057229.11",-0.0132765485,5.39709877,-0.340328077,0.736017305,1,"Geno_at_37"
"Prpf38b","ENSMUSG00000027881.14",0.0132707685,8.24606211,0.434067275,0.667392867,1,"Geno_at_37"
"Cnpy2","ENSMUSG00000025381.3",0.0132696506,5.0838073,0.271399905,0.787970742,1,"Geno_at_37"
"Spaca4","ENSMUSG00000070563.6",-0.0132676496,-0.735301854,-0.113741714,0.910211906,1,"Geno_at_37"
"Cyb5r1","ENSMUSG00000026456.18",-0.0132620028,5.06007031,-0.339409177,0.736702246,1,"Geno_at_37"
"Gm49087","ENSMUSG00000115724.1",0.0132591385,-0.211487279,0.0919102253,0.927389702,1,"Geno_at_37"
"Ppat","ENSMUSG00000029246.14",0.0132568855,6.98239288,0.379891772,0.70674283,1,"Geno_at_37"
"Gm3320","ENSMUSG00000116864.1",0.0132423827,3.75509001,0.193617269,0.847800503,1,"Geno_at_37"
"Gm38126","ENSMUSG00000104053.1",0.0132394355,0.040263565,0.0935030221,0.926135125,1,"Geno_at_37"
"Etaa1","ENSMUSG00000016984.7",-0.0132368023,5.31607386,-0.267093559,0.791252602,1,"Geno_at_37"
"Gas5","ENSMUSG00000053332.13",-0.0132343671,8.56038363,-0.451758156,0.654742105,1,"Geno_at_37"
"Ddx18","ENSMUSG00000001674.11",-0.0132332487,6.29430851,-0.438233575,0.664404404,1,"Geno_at_37"
"Gm10080","ENSMUSG00000060467.4",0.0132307545,5.81652665,0.274001393,0.785990063,1,"Geno_at_37"
"Gm15542","ENSMUSG00000083396.1",0.0132288183,6.17928935,0.27600833,0.784490735,1,"Geno_at_37"
"Gm5801","ENSMUSG00000058581.7",0.0132219592,4.00677917,0.263055747,0.794333352,1,"Geno_at_37"
"Lsm8","ENSMUSG00000044155.11",-0.013221124,6.3333694,-0.403922937,0.689178136,1,"Geno_at_37"
"Ctss","ENSMUSG00000038642.10",-0.0132177194,7.2487942,-0.430472731,0.66997568,1,"Geno_at_37"
"Tpi1","ENSMUSG00000023456.16",-0.0132133188,9.81220035,-0.181378352,0.858244672,1,"Geno_at_37"
"Olfr373","ENSMUSG00000061561.5",0.0132056738,-0.308324088,0.121311702,0.904265424,1,"Geno_at_37"
"Eef1d","ENSMUSG00000055762.16",-0.0132053324,7.83162256,-0.454873138,0.652525194,1,"Geno_at_37"
"Gm29773","ENSMUSG00000110547.1",-0.0132026915,0.22963937,-0.111513354,0.911963382,1,"Geno_at_37"
"Mtr","ENSMUSG00000021311.9",-0.0132014338,6.05697782,-0.416425959,0.680107957,1,"Geno_at_37"
"Slc35f6","ENSMUSG00000029175.17",-0.0131979382,4.02971505,-0.245103269,0.808070863,1,"Geno_at_37"
"Atxn7","ENSMUSG00000021738.5",0.0131956918,6.51803623,0.437058994,0.665246359,1,"Geno_at_37"
"Dlg4","ENSMUSG00000020886.17",0.0131912685,5.5827843,0.347122518,0.73095966,1,"Geno_at_37"
"Acot13","ENSMUSG00000006717.7",-0.013189572,3.57188084,-0.224518316,0.823899453,1,"Geno_at_37"
"Cklf","ENSMUSG00000054400.16",0.013185461,4.25383575,0.263013632,0.794365503,1,"Geno_at_37"
"Pdcd1lg2","ENSMUSG00000016498.10",0.0131830143,5.09204894,0.248901411,0.805159109,1,"Geno_at_37"
"Pgam1","ENSMUSG00000011752.7",-0.0131825398,6.35004389,-0.270410879,0.788827186,1,"Geno_at_37"
"Cab39l","ENSMUSG00000021981.10",0.013182287,5.52261061,0.35102214,0.728062387,1,"Geno_at_37"
"Psmf1","ENSMUSG00000032869.15",-0.0131798287,5.48116213,-0.351940463,0.7273807,1,"Geno_at_37"
"Mepce","ENSMUSG00000029726.16",-0.0131784001,6.24727545,-0.294316852,0.770573657,1,"Geno_at_37"
"Plvap","ENSMUSG00000034845.6",-0.0131767765,0.0474547826,-0.0908264138,0.928243482,1,"Geno_at_37"
"Gm13348","ENSMUSG00000086621.1",-0.0131761302,-0.969499316,-0.184972773,0.854514251,1,"Geno_at_37"
"Mknk2","ENSMUSG00000020190.13",0.0131700508,8.7036017,0.493498033,0.625309141,1,"Geno_at_37"
"Acaa2","ENSMUSG00000036880.10",0.0131665556,5.57644062,0.325037823,0.747442841,1,"Geno_at_37"
"Ergic2","ENSMUSG00000030304.11",-0.0131582672,6.44916941,-0.420875833,0.676891464,1,"Geno_at_37"
"Rpl5","ENSMUSG00000058558.12",-0.0131533747,5.15731622,-0.281910316,0.779977488,1,"Geno_at_37"
"Hgf","ENSMUSG00000028864.7",0.0131493415,-0.936567987,0.171847493,0.864729046,1,"Geno_at_37"
"Spr","ENSMUSG00000033735.9",-0.0131493302,4.86870345,-0.236118542,0.814969851,1,"Geno_at_37"
"Endou","ENSMUSG00000022468.12",0.013146155,-0.532438571,0.12033382,0.905033273,1,"Geno_at_37"
"Gm13067","ENSMUSG00000086665.1",-0.0131453752,-0.794238882,-0.148230424,0.883167926,1,"Geno_at_37"
"Gm15751","ENSMUSG00000086753.1",0.0131390321,3.28383206,0.198104836,0.844319774,1,"Geno_at_37"
"Trap1","ENSMUSG00000005981.11",-0.0131390251,7.07480639,-0.374840293,0.710456399,1,"Geno_at_37"
"Tmem35a","ENSMUSG00000033578.7",0.0131382592,-0.168132845,0.13058746,0.896986727,1,"Geno_at_37"
"Phka2","ENSMUSG00000031295.13",0.0131379533,4.81225927,0.301091279,0.765453643,1,"Geno_at_37"
"Gm36445","ENSMUSG00000110393.2",0.0131336202,2.94259046,0.154526756,0.878245146,1,"Geno_at_37"
"Gm11633","ENSMUSG00000082715.1",-0.0131323533,-0.529509785,-0.119543055,0.905654264,1,"Geno_at_37"
"Btg2","ENSMUSG00000020423.6",-0.0131299387,6.07716478,-0.289932489,0.773892922,1,"Geno_at_37"
"Gm5837","ENSMUSG00000104496.1",0.0131129244,5.27763766,0.287777375,0.775526092,1,"Geno_at_37"
"Map2k4","ENSMUSG00000033352.11",-0.0131119177,5.97130164,-0.343308483,0.733797254,1,"Geno_at_37"
"Cnot2","ENSMUSG00000020166.15",-0.0131080873,7.01451473,-0.454579393,0.652734113,1,"Geno_at_37"
"Pcsk6","ENSMUSG00000030513.14",-0.0131071616,-0.973518346,-0.192093755,0.848982913,1,"Geno_at_37"
"Srp14","ENSMUSG00000009549.14",-0.0131064554,6.42259585,-0.403960372,0.689150908,1,"Geno_at_37"
"Tm9sf4","ENSMUSG00000068040.10",-0.0131053294,6.54744591,-0.331901951,0.74230627,1,"Geno_at_37"
"Atp5c1","ENSMUSG00000025781.14",-0.0131015761,7.60803413,-0.463270517,0.646564939,1,"Geno_at_37"
"Gm37973","ENSMUSG00000102370.1",0.0130993361,-0.288890394,0.112840221,0.910920419,1,"Geno_at_37"
"Gm36372","ENSMUSG00000113975.1",0.0130958274,-0.58995341,0.126163179,0.900457369,1,"Geno_at_37"
"Zfp707","ENSMUSG00000034429.15",-0.0130883943,3.32004143,-0.203187673,0.84038119,1,"Geno_at_37"
"Gm14145","ENSMUSG00000085805.1",-0.0130882563,-0.996727936,-0.199695551,0.843086717,1,"Geno_at_37"
"Ppbp","ENSMUSG00000029372.7",-0.0130882563,-0.996727936,-0.199695551,0.843086717,1,"Geno_at_37"
"Sox5os2","ENSMUSG00000087157.1",-0.0130882563,-0.985490047,-0.192920828,0.848340971,1,"Geno_at_37"
"4930519L02Rik","ENSMUSG00000105652.1",-0.0130844411,-0.993060371,-0.198094521,0.844327771,1,"Geno_at_37"
"Galnt5","ENSMUSG00000026828.11",-0.0130844411,-0.993445714,-0.19837984,0.844106573,1,"Geno_at_37"
"Irx3","ENSMUSG00000031734.13",-0.0130844411,-0.989814455,-0.196868246,0.845278604,1,"Geno_at_37"
"Tac1","ENSMUSG00000061762.12",-0.0130844411,-0.984098155,-0.19421174,0.847339228,1,"Geno_at_37"
"Cuta","ENSMUSG00000024194.16",-0.0130828489,5.41284464,-0.322397747,0.749421625,1,"Geno_at_37"
"Otof","ENSMUSG00000062372.13",0.0130814751,0.0189223207,0.0841271895,0.933533842,1,"Geno_at_37"
"Ptbp2","ENSMUSG00000028134.11",0.0130703232,5.91592519,0.387076913,0.701473347,1,"Geno_at_37"
"Nufip2","ENSMUSG00000037857.16",-0.013062231,6.82472755,-0.308822222,0.759623859,1,"Geno_at_37"
"Gm23851","ENSMUSG00000065765.1",0.0130558327,-0.218497222,0.132017761,0.895865162,1,"Geno_at_37"
"Tsen15","ENSMUSG00000014980.14",0.01304873,4.20020294,0.270329898,0.788785826,1,"Geno_at_37"
"Yars2","ENSMUSG00000022792.16",0.0130445934,4.7758765,0.316476062,0.753866327,1,"Geno_at_37"
"Gm8524","ENSMUSG00000101209.1",-0.013044423,-0.500276142,-0.115412987,0.908898597,1,"Geno_at_37"
"Derl1","ENSMUSG00000022365.6",-0.0130441488,6.42158825,-0.421478911,0.676456017,1,"Geno_at_37"
"Slc39a14","ENSMUSG00000022094.15",0.0130422158,6.41701489,0.326749911,0.746160535,1,"Geno_at_37"
"Slc25a3","ENSMUSG00000061904.12",-0.013040485,8.98591662,-0.486203286,0.630409777,1,"Geno_at_37"
"Trmt2a","ENSMUSG00000022721.19",0.0130374115,6.33905872,0.411486448,0.683685551,1,"Geno_at_37"
"Flt3","ENSMUSG00000042817.15",-0.0130358783,-0.884389849,-0.176601896,0.861026071,1,"Geno_at_37"
"Gm11529","ENSMUSG00000075586.4",-0.0130257171,-0.647508661,-0.124839082,0.901496453,1,"Geno_at_37"
"Smarcad1","ENSMUSG00000029920.9",0.0130205909,6.17572082,0.441580825,0.662007495,1,"Geno_at_37"
"Tmem87b","ENSMUSG00000014353.15",0.0130199579,5.03186834,0.320981731,0.75048367,1,"Geno_at_37"
"Ddx60","ENSMUSG00000037921.15",0.0130094569,0.825143315,0.0745709671,0.941132143,1,"Geno_at_37"
"Dhx57","ENSMUSG00000035051.15",-0.0130009853,5.34166475,-0.267564895,0.790893207,1,"Geno_at_37"
"Gm47664","ENSMUSG00000113183.1",-0.0129984159,0.0521902963,-0.0930543323,0.926488519,1,"Geno_at_37"
"Ccdc88b","ENSMUSG00000047810.9",0.0129954643,7.5285455,0.216748148,0.830587028,1,"Geno_at_37"
"Hadha","ENSMUSG00000025745.12",-0.0129910276,7.33669796,-0.443277913,0.660793626,1,"Geno_at_37"
"4930519P11Rik","ENSMUSG00000097602.2",-0.0129905222,-0.71397187,-0.123912308,0.902223844,1,"Geno_at_37"
"0610040B10Rik","ENSMUSG00000089889.2",0.0129901078,1.27878977,0.114054283,0.909966265,1,"Geno_at_37"
"Traf6","ENSMUSG00000027164.8",-0.0129876341,8.70982621,-0.41412547,0.681773222,1,"Geno_at_37"
"Fdx2","ENSMUSG00000079677.2",0.0129851819,0.346189598,0.0958431209,0.924292282,1,"Geno_at_37"
"Gm36608","ENSMUSG00000118249.1",-0.0129843648,-0.474505785,-0.103915042,0.917938934,1,"Geno_at_37"
"Phf11d","ENSMUSG00000068245.14",0.0129833264,-0.0277431026,0.108397675,0.914413037,1,"Geno_at_37"
"Psma5","ENSMUSG00000068749.9",-0.0129743696,5.92413158,-0.400386772,0.691752026,1,"Geno_at_37"
"Gm9457","ENSMUSG00000095600.2",0.0129742202,-0.477792555,0.14689142,0.884215445,1,"Geno_at_37"
"Dph6","ENSMUSG00000057147.13",-0.0129666969,4.60792302,-0.315721293,0.754433463,1,"Geno_at_37"
"Gm12359","ENSMUSG00000075576.12",-0.0129660153,1.68371957,-0.119442536,0.905733207,1,"Geno_at_37"
"Psmb7","ENSMUSG00000026750.6",0.0129448832,7.05369841,0.362560409,0.719513932,1,"Geno_at_37"
"Six5","ENSMUSG00000040841.5",-0.0129441987,1.09087771,-0.0880767782,0.930411993,1,"Geno_at_37"
"C1galt1c1","ENSMUSG00000048970.9",-0.0129432207,3.68625611,-0.238352067,0.81325339,1,"Geno_at_37"
"Scrn3","ENSMUSG00000008226.14",-0.012939919,2.97102798,-0.176506815,0.861100093,1,"Geno_at_37"
"Qtrt2","ENSMUSG00000022704.16",0.0129381115,5.69468821,0.299044478,0.766999462,1,"Geno_at_37"
"Kdm1a","ENSMUSG00000036940.15",-0.0129345868,7.23534868,-0.411565707,0.683628086,1,"Geno_at_37"
"Ankrd17","ENSMUSG00000055204.15",0.0129328599,8.38570487,0.408057692,0.686173339,1,"Geno_at_37"
"Ndufab1","ENSMUSG00000030869.11",-0.012928831,5.00152598,-0.281093203,0.780598046,1,"Geno_at_37"
"Ssh3","ENSMUSG00000034616.17",-0.0129209839,3.51828785,-0.162412965,0.872086319,1,"Geno_at_37"
"Rnf123","ENSMUSG00000041528.15",-0.012909266,6.65014979,-0.332547788,0.741823592,1,"Geno_at_37"
"Ogt","ENSMUSG00000034160.13",-0.0129087945,8.74570442,-0.283805734,0.778981038,1,"Geno_at_37"
"Cisd2","ENSMUSG00000028165.9",-0.0129048531,6.36879216,-0.404559358,0.688715301,1,"Geno_at_37"
"Mios","ENSMUSG00000042447.13",0.012872131,5.71241667,0.325124595,0.747377834,1,"Geno_at_37"
"Gm37756","ENSMUSG00000103380.1",0.0128717073,-0.669875815,0.117018156,0.907637479,1,"Geno_at_37"
"Gm5596","ENSMUSG00000109086.1",0.0128672799,3.51609064,0.186670632,0.853194717,1,"Geno_at_37"
"Srsf2","ENSMUSG00000034120.18",0.0128665428,8.77021528,0.496306005,0.623350747,1,"Geno_at_37"
"Gm12240","ENSMUSG00000084169.1",0.0128637196,-0.858945783,0.0722701971,0.943090387,1,"Geno_at_37"
"Farsa","ENSMUSG00000003808.18",-0.0128614689,6.49395106,-0.401816179,0.690711141,1,"Geno_at_37"
"Rsl24d1","ENSMUSG00000032215.15",-0.0128606368,6.17039752,-0.332359223,0.741964509,1,"Geno_at_37"
"2900026A02Rik","ENSMUSG00000051339.10",0.0128539972,6.6445972,0.355674878,0.724610919,1,"Geno_at_37"
"A330076C08Rik","ENSMUSG00000113186.1",-0.0128535001,-0.930807853,-0.161918628,0.872472142,1,"Geno_at_37"
"Gm44083","ENSMUSG00000107508.1",0.012850587,-0.987063831,0.192957029,0.848312875,1,"Geno_at_37"
"P2ry13","ENSMUSG00000036362.2",0.012850587,-0.993791304,0.195065133,0.846677139,1,"Geno_at_37"
"Arpp19","ENSMUSG00000007656.13",0.0128504346,6.80516174,0.408759623,0.685663749,1,"Geno_at_37"
"Aldoart2","ENSMUSG00000063129.1",0.0128460912,-0.639769735,0.134344364,0.894041235,1,"Geno_at_37"
"Hmgb1-ps7","ENSMUSG00000092281.1",0.0128459105,0.600636749,0.0988811242,0.921900473,1,"Geno_at_37"
"Slc37a4","ENSMUSG00000032114.9",0.0128452216,4.67921276,0.218499542,0.828542119,1,"Geno_at_37"
"B930094E09Rik","ENSMUSG00000092124.1",-0.0128419227,-0.624182242,-0.124398618,0.901842146,1,"Geno_at_37"
"Trbj2-5","ENSMUSG00000076496.1",0.0128319321,0.919341855,0.108560019,0.914285376,1,"Geno_at_37"
"Sart1","ENSMUSG00000039148.5",-0.0128312364,7.21999549,-0.257559435,0.798860209,1,"Geno_at_37"
"Cib1","ENSMUSG00000030538.15",-0.0128273419,4.99336013,-0.297363433,0.768269778,1,"Geno_at_37"
"Gm15965","ENSMUSG00000085279.1",0.0128266293,-0.466236184,0.112077249,0.911520122,1,"Geno_at_37"
"Clec2i","ENSMUSG00000030365.11",-0.0128258653,5.81153465,-0.300138953,0.766172753,1,"Geno_at_37"
"Dynlt1f","ENSMUSG00000095677.2",-0.0128184299,2.4275012,-0.16985707,0.866280224,1,"Geno_at_37"
"Cdc16","ENSMUSG00000038416.15",-0.0128151069,6.36886216,-0.363506644,0.718814503,1,"Geno_at_37"
"Gm47372","ENSMUSG00000112990.1",0.0128119751,-0.0959205472,0.107993325,0.914731015,1,"Geno_at_37"
"Klhl42","ENSMUSG00000040102.10",0.012804978,4.44601675,0.21398939,0.83202523,1,"Geno_at_37"
"Coprs","ENSMUSG00000031458.8",0.0127972047,0.648298516,0.0894660523,0.929315239,1,"Geno_at_37"
"Rars2","ENSMUSG00000028292.14",0.0127910627,4.90178739,0.256863064,0.79906476,1,"Geno_at_37"
"Gm48067","ENSMUSG00000114254.1",-0.0127844071,-0.262439996,-0.107904225,0.914801084,1,"Geno_at_37"
"Acsf3","ENSMUSG00000015016.8",0.0127760164,4.15715757,0.224864845,0.823632348,1,"Geno_at_37"
"Rexo1","ENSMUSG00000047417.18",-0.0127726316,6.75154607,-0.335145967,0.739882881,1,"Geno_at_37"
"Gm18669","ENSMUSG00000111224.1",0.0127537577,-0.640511162,0.13592955,0.892798874,1,"Geno_at_37"
"Kdm6b","ENSMUSG00000018476.7",-0.0127515385,7.10381654,-0.100895804,0.920868118,1,"Geno_at_37"
"Rnaset2b","ENSMUSG00000094724.8",0.0127485799,1.56214004,0.11481274,0.909370249,1,"Geno_at_37"
"Mapkbp1","ENSMUSG00000033902.12",-0.0127481532,6.22216,-0.161325637,0.873613249,1,"Geno_at_37"
"St7l","ENSMUSG00000045576.16",0.0127459873,4.41331688,0.235063978,0.815780607,1,"Geno_at_37"
"Clns1a","ENSMUSG00000025439.5",-0.0127454816,6.73199263,-0.412002249,0.683311615,1,"Geno_at_37"
"Cand1","ENSMUSG00000020114.12",0.0127394387,8.094885,0.428396757,0.671469218,1,"Geno_at_37"
"Klhdc3","ENSMUSG00000063576.12",0.0127374182,6.13927306,0.332684964,0.741721085,1,"Geno_at_37"
"Macroh2a1","ENSMUSG00000015937.15",-0.0127349576,8.35965032,-0.353054046,0.726554371,1,"Geno_at_37"
"Snap23","ENSMUSG00000027287.14",0.0127245479,5.51569325,0.315618817,0.754510474,1,"Geno_at_37"
"Gm46519","ENSMUSG00000115969.1",-0.0127147083,-0.790346271,-0.13302446,0.895075895,1,"Geno_at_37"
"Myo18a","ENSMUSG00000000631.20",0.0127094722,5.82515561,0.266325561,0.791838303,1,"Geno_at_37"
"Sumf2","ENSMUSG00000025538.15",-0.0127061471,3.83103611,-0.179492244,0.858776482,1,"Geno_at_37"
"Pikfyve","ENSMUSG00000025949.16",0.0127052117,6.40958964,0.392214542,0.697714698,1,"Geno_at_37"
"Nup214","ENSMUSG00000001855.15",0.0127024944,6.99813663,0.379969326,0.706685873,1,"Geno_at_37"
"Pex14","ENSMUSG00000028975.16",-0.0127016419,3.9093645,-0.228711036,0.820669153,1,"Geno_at_37"
"Ipmk","ENSMUSG00000060733.13",0.0126957349,5.59589817,0.341510572,0.735136207,1,"Geno_at_37"
"Mrps7","ENSMUSG00000046756.10",-0.0126949302,5.85699948,-0.338014632,0.73774215,1,"Geno_at_37"
"Cndp2","ENSMUSG00000024644.17",-0.0126782566,8.19808192,-0.419240227,0.678073009,1,"Geno_at_37"
"Tbc1d10b","ENSMUSG00000042492.12",0.0126775754,6.89542199,0.347673012,0.730550418,1,"Geno_at_37"
"Eif1a","ENSMUSG00000057561.10",-0.0126642077,7.08704502,-0.348506569,0.729930898,1,"Geno_at_37"
"Ptrh2","ENSMUSG00000072582.9",0.0126620729,4.94960405,0.254627452,0.800774757,1,"Geno_at_37"
"Exosc10","ENSMUSG00000017264.16",0.0126617345,7.06068895,0.41981774,0.677655724,1,"Geno_at_37"
"Sorcs2","ENSMUSG00000029093.14",0.0126611629,3.08429294,0.172895331,0.863912664,1,"Geno_at_37"
"Eri3","ENSMUSG00000033423.16",0.0126563378,4.84239216,0.26319899,0.794224003,1,"Geno_at_37"
"Snrpb2","ENSMUSG00000008333.12",-0.0126559496,6.53759563,-0.363532155,0.71879565,1,"Geno_at_37"
"Capsl","ENSMUSG00000039676.4",-0.0126478959,1.12298923,-0.0905167121,0.928487467,1,"Geno_at_37"
"Wnt2b","ENSMUSG00000027840.5",-0.0126427117,0.868516592,-0.107526102,0.915098453,1,"Geno_at_37"
"Aida","ENSMUSG00000042901.10",0.012636457,6.75817809,0.379934984,0.706711094,1,"Geno_at_37"
"Trim3","ENSMUSG00000036989.16",-0.012633881,3.95962061,-0.203535708,0.840111658,1,"Geno_at_37"
"Egfl8","ENSMUSG00000015467.14",-0.0126252714,0.242225454,-0.0920713428,0.927262788,1,"Geno_at_37"
"Slamf1","ENSMUSG00000015316.11",0.0126086559,5.97373077,0.167053774,0.869075944,1,"Geno_at_37"
"Mfsd8","ENSMUSG00000025759.11",-0.012608193,3.88612459,-0.213825523,0.832151848,1,"Geno_at_37"
"Tent4b","ENSMUSG00000036779.12",0.0126066488,6.78649895,0.366882862,0.716320923,1,"Geno_at_37"
"Dmap1","ENSMUSG00000009640.11",-0.0126039879,4.81266449,-0.281004976,0.780665059,1,"Geno_at_37"
"Slc39a1","ENSMUSG00000052310.9",-0.0125836311,6.06217768,-0.348449261,0.729973484,1,"Geno_at_37"
"Tmem209","ENSMUSG00000029782.20",-0.0125810072,6.39125658,-0.337303912,0.738272323,1,"Geno_at_37"
"Top1","ENSMUSG00000070544.6",0.0125761207,8.2173838,0.506335651,0.616378578,1,"Geno_at_37"
"Prpsap1","ENSMUSG00000015869.16",0.0125761168,5.80709731,0.353287152,0.726381439,1,"Geno_at_37"
"Zfp280d","ENSMUSG00000038535.17",-0.0125747588,6.11630887,-0.388706738,0.700280142,1,"Geno_at_37"
"Arl14","ENSMUSG00000098207.1",-0.0125701252,-0.471967095,-0.0962673148,0.923958272,1,"Geno_at_37"
"Gm26651","ENSMUSG00000097495.1",0.0125638606,-0.915461875,0.170007661,0.866162845,1,"Geno_at_37"
"Cxcl11","ENSMUSG00000060183.6",0.0125630805,-0.921235454,0.170233043,0.865987178,1,"Geno_at_37"
"Lmo1","ENSMUSG00000036111.8",-0.0125548531,-0.905797021,-0.16449899,0.87045856,1,"Geno_at_37"
"Zzef1","ENSMUSG00000055670.14",0.0125544577,6.61018931,0.362458697,0.71958913,1,"Geno_at_37"
"Gm6104","ENSMUSG00000062588.4",-0.0125505876,4.00150197,-0.228449447,0.820870602,1,"Geno_at_37"
"Ccdc71l","ENSMUSG00000090946.3",-0.0125499064,5.49273308,-0.235724784,0.815288748,1,"Geno_at_37"
"Cd99l2","ENSMUSG00000035776.14",-0.0125486131,4.96054522,-0.299604089,0.766576726,1,"Geno_at_37"
"Ap4m1","ENSMUSG00000019518.11",0.0125348333,4.86744289,0.241949878,0.810490461,1,"Geno_at_37"
"Sugp2","ENSMUSG00000036054.15",-0.0125277348,6.13704606,-0.399324195,0.692526184,1,"Geno_at_37"
"Syne1","ENSMUSG00000096054.3",-0.0125263803,5.31965344,-0.216308445,0.830316508,1,"Geno_at_37"
"Trav14-1","ENSMUSG00000076840.4",-0.012521572,1.23720145,-0.106428623,0.915961617,1,"Geno_at_37"
"Apeh","ENSMUSG00000032590.14",0.0125191185,5.94561278,0.338919181,0.737067576,1,"Geno_at_37"
"Magee1","ENSMUSG00000031227.8",0.0125151591,2.96171634,0.138041326,0.891144238,1,"Geno_at_37"
"Cic","ENSMUSG00000005442.13",0.0125138322,7.6213518,0.331499309,0.742607245,1,"Geno_at_37"
"Arid4b","ENSMUSG00000039219.18",0.0125093961,7.05031697,0.377278362,0.708663155,1,"Geno_at_37"
"Gm10282","ENSMUSG00000070713.5",0.0125087568,6.41551019,0.195270023,0.84707366,1,"Geno_at_37"
"Tfeb","ENSMUSG00000023990.18",0.0124992706,4.38705603,0.216584371,0.830020744,1,"Geno_at_37"
"Plxnc1","ENSMUSG00000074785.5",0.0124903225,3.5760872,0.205187789,0.838832488,1,"Geno_at_37"
"D16Ertd472e","ENSMUSG00000022864.14",0.012489607,6.34967041,0.361707473,0.720144609,1,"Geno_at_37"
"Insyn2b","ENSMUSG00000069911.11",-0.0124871926,1.13264196,-0.094301599,0.925506193,1,"Geno_at_37"
"Atpaf2","ENSMUSG00000042709.15",0.0124775636,5.29238756,0.309964083,0.758764006,1,"Geno_at_37"
"Gm39326","ENSMUSG00000110773.1",-0.0124735625,0.160931453,-0.106073705,0.916240782,1,"Geno_at_37"
"Mtfr2","ENSMUSG00000019992.8",-0.0124675551,4.62912812,-0.190094261,0.85056833,1,"Geno_at_37"
"Ppp1r37","ENSMUSG00000051403.9",-0.0124625728,5.3767288,-0.286564551,0.776445644,1,"Geno_at_37"
"A830082N09Rik","ENSMUSG00000112280.1",0.0124602121,1.48462801,0.125926456,0.900643124,1,"Geno_at_37"
"Serinc5","ENSMUSG00000021703.9",-0.0124582985,6.89089567,-0.35997636,0.721425243,1,"Geno_at_37"
"Eif2s1","ENSMUSG00000021116.10",0.0124566782,7.96241157,0.433032899,0.668135682,1,"Geno_at_37"
"Snrpa1","ENSMUSG00000030512.13",0.0124523741,6.349753,0.36215004,0.719817342,1,"Geno_at_37"
"Chic2","ENSMUSG00000029229.8",-0.0124487323,5.46158323,-0.259444994,0.797091129,1,"Geno_at_37"
"4930560O18Rik","ENSMUSG00000109445.1",-0.0124439646,-0.996889009,-0.189972347,0.850629947,1,"Geno_at_37"
"Cend1","ENSMUSG00000060240.12",-0.0124439646,-0.950096881,-0.175870008,0.861595896,1,"Geno_at_37"
"Gm14161","ENSMUSG00000084935.1",-0.0124439646,-0.969923454,-0.184422649,0.854941885,1,"Geno_at_37"
"Gm37535","ENSMUSG00000103424.1",-0.0124439646,-0.972390652,-0.17373404,0.863259327,1,"Geno_at_37"
"Gm5535","ENSMUSG00000074758.10",-0.0124439646,-0.984263588,-0.186797935,0.853095798,1,"Geno_at_37"
"Rbm24","ENSMUSG00000038132.6",-0.0124439646,-0.982047261,-0.177146452,0.860602146,1,"Geno_at_37"
"Tacstd2","ENSMUSG00000051397.5",-0.0124439646,-0.977315443,-0.166514375,0.86888647,1,"Geno_at_37"
"Gm10275","ENSMUSG00000069682.6",-0.0124344094,9.8499419,-0.332225023,0.742241714,1,"Geno_at_37"
"6720489N17Rik","ENSMUSG00000072066.7",0.0124338635,1.81822974,0.127533616,0.899382108,1,"Geno_at_37"
"Gm19238","ENSMUSG00000113577.1",-0.0124324089,-0.61428955,-0.117064763,0.907600866,1,"Geno_at_37"
"Slc36a1","ENSMUSG00000020261.15",-0.0124293597,4.35820857,-0.203644218,0.840027628,1,"Geno_at_37"
"Cdc42bpg","ENSMUSG00000024769.7",0.0124281539,2.93229434,0.17819385,0.859786888,1,"Geno_at_37"
"Stam2","ENSMUSG00000055371.17",-0.0124252083,5.43918559,-0.276267304,0.784266067,1,"Geno_at_37"
"Cxcl14","ENSMUSG00000021508.11",0.0124250593,-0.987313062,0.186697931,0.853173505,1,"Geno_at_37"
"Dpep2","ENSMUSG00000053687.15",0.0124250593,-0.99361056,0.188489984,0.851781242,1,"Geno_at_37"
"Gm24169","ENSMUSG00000094007.1",0.0124250593,-0.996893735,0.189686802,0.850851693,1,"Geno_at_37"
"Gm40660","ENSMUSG00000114098.1",0.0124250593,-0.93659566,0.181469919,0.857237929,1,"Geno_at_37"
"Mamdc2","ENSMUSG00000033207.7",0.0124250593,-0.993897686,0.188674774,0.851637705,1,"Geno_at_37"
"Ckb","ENSMUSG00000001270.9",-0.0124115024,5.92165394,-0.234128662,0.816624435,1,"Geno_at_37"
"Krr1","ENSMUSG00000063334.16",0.0124100157,5.97579154,0.389944725,0.699374324,1,"Geno_at_37"
"P2ry10","ENSMUSG00000050921.12",0.0124075834,6.6133213,0.145333306,0.886136536,1,"Geno_at_37"
"Dnajc10","ENSMUSG00000027006.13",-0.0123982299,7.68647514,-0.238421929,0.813689759,1,"Geno_at_37"
"Gm5540","ENSMUSG00000048916.7",-0.012398209,1.04311249,-0.0852383559,0.932646869,1,"Geno_at_37"
"Rpl22l1","ENSMUSG00000039221.10",0.0123926236,6.37996949,0.313426536,0.756158603,1,"Geno_at_37"
"Hscb","ENSMUSG00000043510.12",0.0123909013,3.68900897,0.215593441,0.830786048,1,"Geno_at_37"
"Socs4","ENSMUSG00000048379.9",0.0123904681,6.62306802,0.364174557,0.71832095,1,"Geno_at_37"
"Cox6c","ENSMUSG00000014313.15",-0.0123886885,6.99462119,-0.383626953,0.704001635,1,"Geno_at_37"
"Npepps","ENSMUSG00000001441.13",0.0123779205,6.98452418,0.280864796,0.780814764,1,"Geno_at_37"
"Coa7","ENSMUSG00000048351.14",0.0123753674,3.83765916,0.217566902,0.829262092,1,"Geno_at_37"
"Galnt6os","ENSMUSG00000090062.2",0.0123739656,2.12247387,0.112901689,0.910872107,1,"Geno_at_37"
"Tcf20","ENSMUSG00000041852.15",0.0123700617,7.29827078,0.404124195,0.689031759,1,"Geno_at_37"
"Ccdc114","ENSMUSG00000040189.18",0.0123699621,1.17127817,0.118843601,0.906203598,1,"Geno_at_37"
"Srp54a","ENSMUSG00000073079.6",0.0123697516,2.24242315,0.157212428,0.876146848,1,"Geno_at_37"
"Slc2a9","ENSMUSG00000005107.13",0.0123681008,2.72272508,0.144740444,0.885898622,1,"Geno_at_37"
"Ube2d2a","ENSMUSG00000091896.8",0.012364307,6.60122825,0.370374009,0.713745801,1,"Geno_at_37"
"Pdp2","ENSMUSG00000048371.8",-0.0123603702,4.97672449,-0.219224601,0.827982497,1,"Geno_at_37"
"Gm13498","ENSMUSG00000083270.1",-0.0123575599,-0.00140890151,-0.117158265,0.907527413,1,"Geno_at_37"
"Rgs14","ENSMUSG00000052087.14",-0.0123566828,4.2502586,-0.22623628,0.822575457,1,"Geno_at_37"
"Cacybp","ENSMUSG00000014226.10",0.0123531657,7.20793067,0.406343461,0.687418471,1,"Geno_at_37"
"Asah1","ENSMUSG00000031591.14",0.0123383759,5.13882004,0.264025831,0.793592892,1,"Geno_at_37"
"Gm10762","ENSMUSG00000074807.3",-0.0123378148,1.55285934,-0.108411139,0.91440245,1,"Geno_at_37"
"Dhx33","ENSMUSG00000040620.15",0.0123347815,6.1030396,0.326843126,0.746090741,1,"Geno_at_37"
"Jpt1","ENSMUSG00000020737.12",-0.0123342271,7.88081184,-0.435256032,0.66653961,1,"Geno_at_37"
"Crybg1","ENSMUSG00000019866.15",-0.0123335134,6.81403608,-0.315822802,0.754357181,1,"Geno_at_37"
"Gm37864","ENSMUSG00000102401.1",-0.0123322469,-0.539882034,-0.12636516,0.90029888,1,"Geno_at_37"
"Tsc1","ENSMUSG00000026812.16",0.0123315706,6.15623399,0.424404266,0.674345408,1,"Geno_at_37"
"Slc25a14","ENSMUSG00000031105.16",-0.0123286911,2.82012007,-0.165298421,0.869834903,1,"Geno_at_37"
"Cnot6l","ENSMUSG00000034724.18",0.0123255252,7.80931314,0.390130103,0.699238724,1,"Geno_at_37"
"Gm24119","ENSMUSG00000077167.1",0.0123244194,0.325398531,0.118084485,0.906799843,1,"Geno_at_37"
"Nln","ENSMUSG00000021710.11",-0.0123147721,4.10093383,-0.217529383,0.829291059,1,"Geno_at_37"
"Lbr","ENSMUSG00000004880.11",0.012306311,7.88839105,0.387282296,0.701322942,1,"Geno_at_37"
"Orai1","ENSMUSG00000049686.14",0.0123016456,5.40944501,0.250531461,0.803910339,1,"Geno_at_37"
"Cep295nl","ENSMUSG00000076433.4",-0.0122996657,1.35989571,-0.0766176539,0.939520673,1,"Geno_at_37"
"Gm11693","ENSMUSG00000083339.1",-0.0122750074,-0.3433628,-0.0956283457,0.924461401,1,"Geno_at_37"
"Ap1ar","ENSMUSG00000074238.6",-0.0122705993,6.25977291,-0.401872084,0.690670444,1,"Geno_at_37"
"Atp5b","ENSMUSG00000025393.12",-0.0122689026,10.1815448,-0.508811312,0.614663157,1,"Geno_at_37"
"Morc2a","ENSMUSG00000034543.15",-0.0122551933,6.96386164,-0.482391907,0.633082178,1,"Geno_at_37"
"Nfs1","ENSMUSG00000027618.17",0.0122500577,5.07439813,0.289741586,0.774037549,1,"Geno_at_37"
"Preb","ENSMUSG00000045302.13",-0.0122445799,6.6537428,-0.354435899,0.72552944,1,"Geno_at_37"
"Tpm4","ENSMUSG00000031799.10",0.0122426911,8.62790472,0.407574239,0.686524405,1,"Geno_at_37"
"Zfyve1","ENSMUSG00000042628.8",-0.0122411441,5.47566457,-0.27000207,0.789035599,1,"Geno_at_37"
"Sec23ip","ENSMUSG00000055319.8",-0.0122411148,6.81134058,-0.479467915,0.635135797,1,"Geno_at_37"
"Gm43412","ENSMUSG00000105107.1",-0.0122357119,0.610292283,-0.0819375604,0.935248922,1,"Geno_at_37"
"N4bp3","ENSMUSG00000001053.15",0.0122315694,3.91302067,0.151134972,0.880952723,1,"Geno_at_37"
"Gm44694","ENSMUSG00000108633.1",-0.0122264596,1.53158915,-0.103566443,0.918213203,1,"Geno_at_37"
"Lipo3","ENSMUSG00000024766.15",0.0122186894,4.07484273,0.15742083,0.876042776,1,"Geno_at_37"
"Cyc1","ENSMUSG00000022551.8",0.0122124085,6.91647735,0.355415411,0.724803241,1,"Geno_at_37"
"Ybx3","ENSMUSG00000030189.15",-0.0122090758,8.33906955,-0.330469952,0.743376878,1,"Geno_at_37"
"Klhl24","ENSMUSG00000062901.3",0.0122088337,6.96362622,0.146320152,0.885375517,1,"Geno_at_37"
"Wwox","ENSMUSG00000004637.15",0.012205456,3.52834269,0.197147158,0.84506232,1,"Geno_at_37"
"Pafah1b3","ENSMUSG00000005447.12",-0.0121987908,4.23512099,-0.182021211,0.856809147,1,"Geno_at_37"
"4933409D19Rik","ENSMUSG00000104366.1",-0.0121987538,-0.976996242,-0.175220067,0.862101984,1,"Geno_at_37"
"Klrg1","ENSMUSG00000030114.8",-0.0121987538,-0.984888533,-0.183133753,0.855943973,1,"Geno_at_37"
"Cxcr2","ENSMUSG00000026180.8",-0.0121934732,-0.859580792,-0.143178133,0.887121499,1,"Geno_at_37"
"Cln3","ENSMUSG00000030720.16",0.0121892747,5.57583695,0.236009857,0.815053399,1,"Geno_at_37"
"Pck2","ENSMUSG00000040618.7",0.0121863473,5.85019905,0.325646471,0.746986897,1,"Geno_at_37"
"Cdk13","ENSMUSG00000041297.8",0.0121854854,7.2099416,0.41011407,0.68468087,1,"Geno_at_37"
"Vps11","ENSMUSG00000032127.9",-0.0121843293,5.55254237,-0.2657633,0.79226718,1,"Geno_at_37"
"Atg3","ENSMUSG00000022663.3",0.0121843041,5.52303757,0.290244064,0.773656895,1,"Geno_at_37"
"Pdrg1","ENSMUSG00000027472.14",0.0121800285,5.50844911,0.305584687,0.762063509,1,"Geno_at_37"
"Evx1","ENSMUSG00000005503.8",-0.0121798485,-0.996955038,-0.185981926,0.85372991,1,"Geno_at_37"
"Gm30280","ENSMUSG00000102248.1",-0.0121798485,-0.996955038,-0.185981926,0.85372991,1,"Geno_at_37"
"Gm47418","ENSMUSG00000114092.1",-0.0121798485,-0.978008617,-0.178069423,0.859883729,1,"Geno_at_37"
"Tmem9b","ENSMUSG00000031021.13",-0.0121790808,5.41534316,-0.285737618,0.777072806,1,"Geno_at_37"
"Kif3b","ENSMUSG00000027475.9",0.0121745956,7.44440675,0.377395491,0.708577048,1,"Geno_at_37"
"Crebbp","ENSMUSG00000022521.10",0.0121673757,7.18458089,0.367815653,0.715632549,1,"Geno_at_37"
"Tspyl3","ENSMUSG00000074671.6",-0.0121609176,4.51249232,-0.195020813,0.846711521,1,"Geno_at_37"
"Gm4673","ENSMUSG00000097750.2",0.0121576315,2.2668588,0.15174355,0.880420594,1,"Geno_at_37"
"Tfcp2","ENSMUSG00000009733.9",0.0121572339,3.1506282,0.153179153,0.879298358,1,"Geno_at_37"
"A130014A01Rik","ENSMUSG00000097944.1",-0.0121494654,1.02377964,-0.0879873054,0.930480418,1,"Geno_at_37"
"Otud4","ENSMUSG00000036990.13",0.0121475611,7.86564923,0.350289676,0.728606271,1,"Geno_at_37"
"Dap","ENSMUSG00000039168.15",-0.0121413606,5.91821963,-0.190301023,0.850784737,1,"Geno_at_37"
"Ptpmt1","ENSMUSG00000063235.16",0.0121359265,4.16099997,0.213309497,0.832550603,1,"Geno_at_37"
"Ccnq","ENSMUSG00000049489.5",-0.0121359244,3.84901974,-0.240419602,0.811665331,1,"Geno_at_37"
"Gm49331","ENSMUSG00000114025.1",0.0121289328,2.06731589,0.138591641,0.890713132,1,"Geno_at_37"
"Gm23318","ENSMUSG00000088625.1",-0.0121277627,0.108307182,-0.0944593494,0.92538196,1,"Geno_at_37"
"Mt4","ENSMUSG00000031757.7",-0.0121269986,-0.929879969,-0.160926958,0.873246223,1,"Geno_at_37"
"Ergic3","ENSMUSG00000005881.13",0.0121263609,6.27817803,0.351833884,0.727459804,1,"Geno_at_37"
"Eftud2","ENSMUSG00000020929.14",-0.012124997,7.90344982,-0.376182073,0.709469286,1,"Geno_at_37"
"Zc3h7b","ENSMUSG00000022390.11",-0.0121221189,6.43705742,-0.343569671,0.733602811,1,"Geno_at_37"
"Ears2","ENSMUSG00000030871.11",0.01211986,3.61354822,0.18326565,0.855841415,1,"Geno_at_37"
"Dpysl3","ENSMUSG00000024501.20",0.0121169764,-0.964904501,0.172557651,0.864175737,1,"Geno_at_37"
"Gm17300","ENSMUSG00000091021.1",0.0121156342,2.87479539,0.128101326,0.898936732,1,"Geno_at_37"
"2900076A07Rik","ENSMUSG00000097277.7",-0.0121066057,2.93716299,-0.155763412,0.877278842,1,"Geno_at_37"
"Pafah1b2","ENSMUSG00000003131.7",0.0120954525,7.24360866,0.352733234,0.726792394,1,"Geno_at_37"
"Adck2","ENSMUSG00000046947.12",-0.0120950255,3.45964032,-0.172363971,0.864326633,1,"Geno_at_37"
"Slc36a3os","ENSMUSG00000085531.1",0.01209318,1.10966189,0.120417639,0.904967454,1,"Geno_at_37"
"2310011J03Rik","ENSMUSG00000020133.8",-0.0120852158,5.3711821,-0.319173505,0.751840605,1,"Geno_at_37"
"Ccdc137","ENSMUSG00000049957.14",0.012079661,5.14188379,0.251007538,0.803545719,1,"Geno_at_37"
"Cyb5a","ENSMUSG00000024646.14",-0.0120775413,6.5079902,-0.296232977,0.769124399,1,"Geno_at_37"
"Zhx1","ENSMUSG00000022361.14",0.0120743282,5.93072445,0.283557747,0.778726792,1,"Geno_at_37"
"Dcun1d1","ENSMUSG00000027708.14",0.012072303,5.6895214,0.387885715,0.700881121,1,"Geno_at_37"
"Amfr","ENSMUSG00000031751.14",-0.0120680723,7.47024621,-0.362563891,0.719511358,1,"Geno_at_37"
"Arid1b","ENSMUSG00000069729.14",-0.0120662183,6.87039331,-0.286823021,0.776249647,1,"Geno_at_37"
"Rassf2","ENSMUSG00000027339.15",0.0120661153,5.78546797,0.243317775,0.809440638,1,"Geno_at_37"
"Pgpep1l","ENSMUSG00000030553.3",0.0120628703,3.04735708,0.139814265,0.889755475,1,"Geno_at_37"
"Zfp318","ENSMUSG00000015597.17",0.0120622173,6.93869264,0.25663907,0.799379687,1,"Geno_at_37"
"Shld2","ENSMUSG00000041471.9",-0.012054107,4.07623622,-0.20010632,0.842768371,1,"Geno_at_37"
"Atp8b4","ENSMUSG00000060131.11",0.0120522962,4.36274657,0.178861769,0.859267086,1,"Geno_at_37"
"Mettl17","ENSMUSG00000004561.14",-0.0120497485,4.87944791,-0.2397937,0.812145996,1,"Geno_at_37"
"Msi2","ENSMUSG00000069769.13",0.012048778,6.66507488,0.352811613,0.726734239,1,"Geno_at_37"
"Mtss1","ENSMUSG00000022353.10",-0.0120467101,6.44762399,-0.223575863,0.824911502,1,"Geno_at_37"
"Stab1","ENSMUSG00000042286.13",-0.0120383369,6.50804969,-0.141060802,0.889452905,1,"Geno_at_37"
"Ppme1","ENSMUSG00000030718.9",-0.0120379775,5.93870539,-0.243455321,0.809354273,1,"Geno_at_37"
"Trav6d-5","ENSMUSG00000095426.6",-0.0120354143,0.212138141,-0.0936611883,0.926010555,1,"Geno_at_37"
"Sgta","ENSMUSG00000004937.6",0.0120351995,6.22774793,0.330917827,0.743041976,1,"Geno_at_37"
"Arfgap2","ENSMUSG00000027255.14",0.0120334313,5.86661951,0.319056662,0.751928314,1,"Geno_at_37"
"Tmem79","ENSMUSG00000001420.13",-0.012033175,0.657406962,-0.0910455303,0.928070864,1,"Geno_at_37"
"Psmb4","ENSMUSG00000005779.12",0.0120197598,7.79203433,0.394718733,0.695885467,1,"Geno_at_37"
"Dnajc5","ENSMUSG00000000826.16",-0.0120125451,7.42331577,-0.420833566,0.676921986,1,"Geno_at_37"
"Il6st","ENSMUSG00000021756.12",-0.0120043325,6.84108679,-0.171488725,0.865673199,1,"Geno_at_37"
"4930520O04Rik","ENSMUSG00000074039.10",0.011998993,4.06704832,0.132219308,0.895927656,1,"Geno_at_37"
"Gm2991","ENSMUSG00000092454.1",-0.0119835429,2.1589485,-0.15567316,0.877349357,1,"Geno_at_37"
"Mrps27","ENSMUSG00000041632.7",0.0119755361,4.81929145,0.238780734,0.812924067,1,"Geno_at_37"
"Asap1","ENSMUSG00000022377.16",-0.0119582353,5.55932455,-0.32273862,0.749166037,1,"Geno_at_37"
"Gm50364","ENSMUSG00000117732.1",-0.0119521553,-0.641083513,-0.115813281,0.908584079,1,"Geno_at_37"
"Pon2","ENSMUSG00000032667.17",0.0119489893,5.00269329,0.26220274,0.794984609,1,"Geno_at_37"
"Cttnbp2","ENSMUSG00000000416.16",-0.0119483081,-0.987131874,-0.177455266,0.86036176,1,"Geno_at_37"
"Ppfia4","ENSMUSG00000026458.13",0.0119463046,-0.545683111,0.104001927,0.917870577,1,"Geno_at_37"
"Ddx42","ENSMUSG00000020705.6",0.0119443626,7.58076537,0.394578735,0.695987681,1,"Geno_at_37"
"Aff3","ENSMUSG00000037138.18",-0.0119399413,5.82080352,-0.291696193,0.77255715,1,"Geno_at_37"
"Ddx47","ENSMUSG00000030204.10",-0.0119347787,6.96307841,-0.430474675,0.669974282,1,"Geno_at_37"
"Slc25a48","ENSMUSG00000021509.5",-0.0119224777,-0.791653761,-0.115314649,0.908975865,1,"Geno_at_37"
"Mrpl20","ENSMUSG00000029066.12",0.0119205529,5.71487455,0.301210971,0.765363278,1,"Geno_at_37"
"Ston1","ENSMUSG00000033855.15",0.0119075722,5.60812346,0.164116092,0.871224486,1,"Geno_at_37"
"Arxes2","ENSMUSG00000048040.8",0.0119028031,0.665324241,0.0944754791,0.925369258,1,"Geno_at_37"
"Rbmxl1","ENSMUSG00000037070.10",0.0118867996,6.83016765,0.388537773,0.700403806,1,"Geno_at_37"
"Gmps","ENSMUSG00000027823.9",-0.0118853384,7.32498089,-0.406343396,0.687418517,1,"Geno_at_37"
"Tiprl","ENSMUSG00000040843.10",-0.0118835151,6.00639121,-0.331875577,0.742325983,1,"Geno_at_37"
"Paqr8","ENSMUSG00000025931.15",0.0118811666,4.08140944,0.225027299,0.823507136,1,"Geno_at_37"
"Ttc33","ENSMUSG00000022151.16",-0.0118645889,5.24365445,-0.321564512,0.750046511,1,"Geno_at_37"
"Rps14","ENSMUSG00000024608.11",-0.01186028,9.48251727,-0.398294465,0.693276733,1,"Geno_at_37"
"Pvr","ENSMUSG00000040511.14",-0.0118574482,5.12803978,-0.262035334,0.795112439,1,"Geno_at_37"
"Ggact","ENSMUSG00000041625.15",0.0118562143,4.04714221,0.231883487,0.818227044,1,"Geno_at_37"
"Brwd3","ENSMUSG00000063663.11",0.0118527799,5.05730679,0.236558122,0.81463196,1,"Geno_at_37"
"Sfxn1","ENSMUSG00000021474.9",-0.0118422886,6.81257376,-0.334329029,0.740492906,1,"Geno_at_37"
"Gm12183","ENSMUSG00000082454.3",-0.011828018,6.89774427,-0.392782753,0.697299475,1,"Geno_at_37"
"Plec","ENSMUSG00000022565.15",0.0118139991,9.01480963,0.187892404,0.853056186,1,"Geno_at_37"
"Slc2a4","ENSMUSG00000018566.14",0.0118108345,-0.850110006,0.136123482,0.892646902,1,"Geno_at_37"
"Trim39","ENSMUSG00000045409.16",-0.0118034765,5.89799104,-0.360060182,0.721363214,1,"Geno_at_37"
"Cfl2","ENSMUSG00000062929.8",-0.0117923706,4.77352431,-0.250810127,0.803696908,1,"Geno_at_37"
"Gm27271","ENSMUSG00000098328.1",-0.0117877612,-0.537070727,-0.107801878,0.914881572,1,"Geno_at_37"
"Adipor2","ENSMUSG00000030168.13",-0.0117834741,7.59435463,-0.415096021,0.681070465,1,"Geno_at_37"
"Bicral","ENSMUSG00000036568.7",-0.0117782785,5.91925562,-0.321003173,0.750467585,1,"Geno_at_37"
"Gm5106","ENSMUSG00000097279.1",0.0117666011,-0.144195406,0.0905961934,0.928424851,1,"Geno_at_37"
"Hnrnpu","ENSMUSG00000039630.10",0.0117641383,10.6123871,0.482893801,0.63272998,1,"Geno_at_37"
"Tmbim1","ENSMUSG00000006301.17",0.0117638615,4.79489184,0.258310409,0.79795824,1,"Geno_at_37"
"Zbtb7b","ENSMUSG00000028042.15",0.0117601735,6.02455102,0.19595913,0.846330113,1,"Geno_at_37"
"Efnb3","ENSMUSG00000003934.5",-0.0117526236,1.16391155,-0.12161093,0.904030484,1,"Geno_at_37"
"Pbx2","ENSMUSG00000034673.14",-0.0117502579,5.22206213,-0.223442625,0.824728732,1,"Geno_at_37"
"Nup153","ENSMUSG00000021374.10",0.0117395665,8.52527933,0.394749063,0.695863323,1,"Geno_at_37"
"H2bc13","ENSMUSG00000094338.1",-0.0117361648,-0.321106876,-0.0974516069,0.923025836,1,"Geno_at_37"
"Gm4609","ENSMUSG00000078592.2",-0.0117279222,-0.0728351204,-0.0519895488,0.959062843,1,"Geno_at_37"
"Ppp1r18","ENSMUSG00000034595.17",-0.0117223874,7.31463834,-0.346721974,0.731257479,1,"Geno_at_37"
"Gm42611","ENSMUSG00000105643.1",0.0117146866,1.22527401,0.0948171339,0.925100201,1,"Geno_at_37"
"Bin1","ENSMUSG00000024381.16",0.0117116992,7.05008437,0.327226341,0.745803833,1,"Geno_at_37"
"Spag4","ENSMUSG00000038180.11",-0.0117109365,1.15439748,-0.0974482511,0.923028478,1,"Geno_at_37"
"Gm19144","ENSMUSG00000113898.1",0.0117080833,1.7535947,0.102673905,0.918915476,1,"Geno_at_37"
"Gm9762","ENSMUSG00000037096.6",-0.0117068844,5.6195698,-0.310851985,0.758095607,1,"Geno_at_37"
"Nf2","ENSMUSG00000009073.16",0.0117065461,6.57502019,0.377814701,0.708268896,1,"Geno_at_37"
"Mrpl49","ENSMUSG00000007338.10",0.0117038744,5.47498717,0.315079497,0.754915819,1,"Geno_at_37"
"Rexo2","ENSMUSG00000032026.7",0.0116972135,7.77777825,0.35979443,0.721559878,1,"Geno_at_37"
"Cxcl9","ENSMUSG00000029417.9",-0.0116968197,-0.850105178,-0.127816734,0.899159994,1,"Geno_at_37"
"Trmt112","ENSMUSG00000038812.16",-0.0116959733,2.5114245,-0.13294029,0.895141881,1,"Geno_at_37"
"Nfrkb","ENSMUSG00000042185.14",-0.0116884717,6.32020396,-0.341384029,0.735230479,1,"Geno_at_37"
"Arl4a","ENSMUSG00000047446.18",-0.0116842806,4.62408813,-0.232495567,0.817756087,1,"Geno_at_37"
"Ctnna1","ENSMUSG00000037815.7",-0.0116837853,8.12157223,-0.363460411,0.718848672,1,"Geno_at_37"
"Meaf6","ENSMUSG00000028863.13",-0.0116834837,5.82619049,-0.302355333,0.764499473,1,"Geno_at_37"
"Atf2","ENSMUSG00000027104.18",-0.0116811295,6.46153585,-0.307783158,0.760406575,1,"Geno_at_37"
"Arf6","ENSMUSG00000044147.8",-0.0116757972,7.35670966,-0.246075846,0.807560454,1,"Geno_at_37"
"Atf1","ENSMUSG00000023027.13",-0.0116752124,6.80386653,-0.326335307,0.746470994,1,"Geno_at_37"
"Cryzl1","ENSMUSG00000058240.14",0.0116715946,3.99261349,0.226100745,0.822679892,1,"Geno_at_37"
"Ccna2","ENSMUSG00000027715.9",0.0116710631,8.03829369,0.386545243,0.701862754,1,"Geno_at_37"
"Pecr","ENSMUSG00000026189.13",0.0116616007,2.58011157,0.11492324,0.90928342,1,"Geno_at_37"
"Gm10177","ENSMUSG00000090136.4",0.0116578354,5.13353469,0.26229773,0.794912078,1,"Geno_at_37"
"Hif1an","ENSMUSG00000036450.4",0.0116573121,6.20982446,0.360164155,0.721286277,1,"Geno_at_37"
"Usp53","ENSMUSG00000039701.11",-0.0116549805,5.05132415,-0.286616097,0.776406555,1,"Geno_at_37"
"Smg6","ENSMUSG00000038290.15",0.0116465246,6.14736959,0.319262897,0.751773504,1,"Geno_at_37"
"Hmgb1-ps6","ENSMUSG00000080928.1",-0.0116424649,-0.186009629,-0.0934127546,0.92620622,1,"Geno_at_37"
"Gpr108","ENSMUSG00000005823.9",0.0116393715,5.57141882,0.336963985,0.738525944,1,"Geno_at_37"
"Rbl2","ENSMUSG00000031666.15",0.0116339889,5.55831749,0.269746984,0.789229966,1,"Geno_at_37"
"Sap30","ENSMUSG00000031609.3",-0.0116337135,5.04375992,-0.178023676,0.860071491,1,"Geno_at_37"
"Wdr92","ENSMUSG00000078970.5",-0.0116318238,4.999657,-0.276062107,0.784422143,1,"Geno_at_37"
"Nhsl2","ENSMUSG00000079481.11",0.0116145425,2.8170023,0.114353453,0.909736354,1,"Geno_at_37"
"Cenpf","ENSMUSG00000026605.14",0.0116088069,7.79068246,0.378122758,0.708042482,1,"Geno_at_37"
"Trav4-2","ENSMUSG00000076826.5",0.0116076325,-0.11529802,0.0877437943,0.930672308,1,"Geno_at_37"
"Gm49925","ENSMUSG00000117074.1",-0.0116076218,-0.32699714,-0.103954636,0.917907783,1,"Geno_at_37"
"Kdm1b","ENSMUSG00000038080.17",0.0116070905,5.28438867,0.295905632,0.769371926,1,"Geno_at_37"
"Kcnip2","ENSMUSG00000025221.16",-0.0116006939,3.97160305,-0.150009546,0.88180233,1,"Geno_at_37"
"Tap2","ENSMUSG00000024339.12",0.011588703,7.64924612,0.390486467,0.69897808,1,"Geno_at_37"
"Zfp182","ENSMUSG00000054737.11",-0.0115744646,4.68016009,-0.233241043,0.817182582,1,"Geno_at_37"
"Trappc6b","ENSMUSG00000020993.9",0.0115743792,5.43454892,0.273905903,0.786062741,1,"Geno_at_37"
"Krit1","ENSMUSG00000000600.15",0.011573102,6.69412906,0.376691587,0.709094584,1,"Geno_at_37"
"Shisal2b","ENSMUSG00000042655.5",0.0115587812,-0.68511341,0.112061096,0.911532818,1,"Geno_at_37"
"Ptpn9","ENSMUSG00000032290.7",-0.0115531665,7.42557997,-0.250160705,0.804385962,1,"Geno_at_37"
"Pdzd11","ENSMUSG00000015668.13",0.0115506559,4.91654744,0.234584932,0.81614897,1,"Geno_at_37"
"Tlr12","ENSMUSG00000062545.4",0.011541428,-0.695786465,0.11159634,0.911898148,1,"Geno_at_37"
"Zfp655","ENSMUSG00000007812.16",-0.0115365064,6.16384881,-0.280511561,0.781039864,1,"Geno_at_37"
"Gm35037","ENSMUSG00000107985.1",-0.0115337034,2.91731421,-0.133093786,0.895021546,1,"Geno_at_37"
"Ybx1","ENSMUSG00000028639.14",-0.0115264999,9.47198239,-0.375639617,0.709868296,1,"Geno_at_37"
"Gna13","ENSMUSG00000020611.14",-0.0115262899,8.82553126,-0.377692378,0.708358808,1,"Geno_at_37"
"Rfc5","ENSMUSG00000029363.14",-0.0115262056,6.51663413,-0.324087379,0.748155015,1,"Geno_at_37"
"Pmf1","ENSMUSG00000028066.15",-0.0115258249,5.61158093,-0.266406193,0.791776805,1,"Geno_at_37"
"Stk40","ENSMUSG00000042608.15",-0.0115235038,6.12825554,-0.278341356,0.782689019,1,"Geno_at_37"
"Entpd6","ENSMUSG00000033068.16",-0.0115205551,4.50838593,-0.226826668,0.822120581,1,"Geno_at_37"
"Dip2a","ENSMUSG00000020231.15",0.0115204387,3.38835092,0.173452903,0.863478316,1,"Geno_at_37"
"Galr3","ENSMUSG00000114755.1",-0.0115194945,-0.381730571,-0.105541948,0.916659061,1,"Geno_at_37"
"Gm29050","ENSMUSG00000101133.1",0.0115126434,0.307094602,0.091406372,0.927786605,1,"Geno_at_37"
"Gm5417","ENSMUSG00000049414.7",0.0115064363,2.25525834,0.107199109,0.915355621,1,"Geno_at_37"
"Nceh1","ENSMUSG00000027698.14",0.0115037452,3.46321757,0.197442243,0.844833507,1,"Geno_at_37"
"Ppp1r21","ENSMUSG00000034709.8",-0.0115006366,5.54642182,-0.326509909,0.746340245,1,"Geno_at_37"
"Znrf3","ENSMUSG00000041961.14",-0.0114992896,5.64346245,-0.19447117,0.847337805,1,"Geno_at_37"
"Gm13919","ENSMUSG00000085417.1",0.0114964054,-0.25603042,0.0747734682,0.940930413,1,"Geno_at_37"
"Dgka","ENSMUSG00000025357.8",-0.011487346,8.41765447,-0.359523066,0.721760714,1,"Geno_at_37"
"Rnf215","ENSMUSG00000003581.14",-0.0114867646,4.69892431,-0.233193085,0.817219473,1,"Geno_at_37"
"Zfp334","ENSMUSG00000017667.9",-0.0114729792,-0.771852917,-0.126266684,0.90037615,1,"Geno_at_37"
"Tyw1","ENSMUSG00000056310.14",-0.011463888,5.26792993,-0.280021477,0.781412193,1,"Geno_at_37"
"Zzz3","ENSMUSG00000039068.16",0.0114633173,7.37998302,0.405568617,0.687981571,1,"Geno_at_37"
"Vezt","ENSMUSG00000036099.16",0.011451398,4.69120857,0.253989139,0.801263181,1,"Geno_at_37"
"Lrrcc1","ENSMUSG00000027550.14",-0.011450904,5.17597456,-0.287293658,0.775892802,1,"Geno_at_37"
"Marchf6","ENSMUSG00000039100.10",0.0114483358,7.23865737,0.316085885,0.75415949,1,"Geno_at_37"
"Rbl1","ENSMUSG00000027641.13",0.0114417074,7.2221462,0.347433792,0.730728246,1,"Geno_at_37"
"Hsf4","ENSMUSG00000033249.10",0.0114410624,1.88859877,0.106360851,0.916014924,1,"Geno_at_37"
"Limk2","ENSMUSG00000020451.17",-0.011435027,5.88723029,-0.237471178,0.813930239,1,"Geno_at_37"
"Usp35","ENSMUSG00000035713.15",0.0114309234,2.42017961,0.11880556,0.906233476,1,"Geno_at_37"
"Rnf7","ENSMUSG00000051234.6",0.0114303003,5.88544016,0.336875901,0.738591669,1,"Geno_at_37"
"Tmed7","ENSMUSG00000033184.14",0.0114286685,7.00886402,0.295781734,0.769465619,1,"Geno_at_37"
"Gpx4","ENSMUSG00000075706.10",0.0114114549,4.57118981,0.243704709,0.809143742,1,"Geno_at_37"
"Nkapl","ENSMUSG00000059395.4",-0.0114041168,-0.661907984,-0.118930789,0.906135121,1,"Geno_at_37"
"Gm49138","ENSMUSG00000115358.1",-0.0113929577,-0.557434968,-0.136258867,0.892540813,1,"Geno_at_37"
"Btbd6","ENSMUSG00000002803.14",0.0113918651,4.43667131,0.201490041,0.841696188,1,"Geno_at_37"
"Cops2","ENSMUSG00000027206.13",-0.0113906807,7.41145051,-0.353067102,0.726544685,1,"Geno_at_37"
"2310022B05Rik","ENSMUSG00000031983.7",0.011383807,4.02866416,0.191176364,0.849695079,1,"Geno_at_37"
"Slfn4","ENSMUSG00000000204.16",0.0113805178,-0.307942327,0.10103005,0.920209079,1,"Geno_at_37"
"Dipk2a","ENSMUSG00000045414.7",0.0113524827,6.16690854,0.23549958,0.815475744,1,"Geno_at_37"
"Ogfod3","ENSMUSG00000025169.6",-0.0113514437,2.87375845,-0.144726207,0.885909765,1,"Geno_at_37"
"Dnase1l3","ENSMUSG00000025279.7",-0.0113493669,-0.628591107,-0.103320234,0.91840692,1,"Geno_at_37"
"Orc2","ENSMUSG00000026037.14",0.0113468493,6.25068191,0.35508039,0.725051592,1,"Geno_at_37"
"Tsku","ENSMUSG00000049580.12",-0.0113446204,0.259699042,-0.0945047613,0.925346197,1,"Geno_at_37"
"Mir6942","ENSMUSG00000098790.1",0.0113410128,-0.0187787508,0.0797768474,0.936952632,1,"Geno_at_37"
"Usp48","ENSMUSG00000043411.15",0.0113376658,7.12117106,0.415241249,0.680965334,1,"Geno_at_37"
"Smg8","ENSMUSG00000020495.13",-0.0113344026,5.29609762,-0.306565045,0.761324494,1,"Geno_at_37"
"Fgfr1op2","ENSMUSG00000040242.14",-0.0113331513,6.96891606,-0.405893146,0.687745705,1,"Geno_at_37"
"Gm4849","ENSMUSG00000100204.1",0.0113312493,2.32572501,0.137414676,0.891635185,1,"Geno_at_37"
"Eme1","ENSMUSG00000039055.4",0.0113248266,4.91154896,0.204497855,0.839366635,1,"Geno_at_37"
"Mavs","ENSMUSG00000037523.13",-0.0113210604,5.36785058,-0.215369177,0.830959274,1,"Geno_at_37"
"Supt6","ENSMUSG00000002052.6",0.0113206692,8.16908863,0.415402329,0.680848734,1,"Geno_at_37"
"Washc5","ENSMUSG00000022350.7",-0.0113165029,6.22120527,-0.332145324,0.742124368,1,"Geno_at_37"
"Gm13135","ENSMUSG00000082925.1",-0.0113074279,4.11897243,-0.203267343,0.84031949,1,"Geno_at_37"
"Slc12a6","ENSMUSG00000027130.15",0.0113040209,5.41129407,0.264434032,0.793281373,1,"Geno_at_37"
"Zfp81","ENSMUSG00000003929.11",-0.0113004088,4.46641017,-0.249744714,0.804512995,1,"Geno_at_37"
"Alox8","ENSMUSG00000020891.11",-0.011297839,-0.737518082,-0.11834523,0.906595035,1,"Geno_at_37"
"Nme1","ENSMUSG00000037601.11",0.0112930393,5.66326291,0.252910906,0.802088408,1,"Geno_at_37"
"Ndufb4c","ENSMUSG00000083380.1",-0.0112921551,0.566490528,-0.0945101293,0.92534197,1,"Geno_at_37"
"Gm48570","ENSMUSG00000114552.1",-0.0112886807,-0.625420789,-0.0991916432,0.921656044,1,"Geno_at_37"
"Rxrb","ENSMUSG00000039656.17",-0.0112810954,6.35537635,-0.331526872,0.74258664,1,"Geno_at_37"
"Zxdb","ENSMUSG00000073062.3",0.0112725866,3.91990402,0.166243495,0.869097737,1,"Geno_at_37"
"Gm42502","ENSMUSG00000105198.1",0.0112687831,0.789755636,0.0924368947,0.926974846,1,"Geno_at_37"
"Zfp952","ENSMUSG00000053390.16",-0.0112591985,4.16177348,-0.16845513,0.867373109,1,"Geno_at_37"
"Picalm","ENSMUSG00000039361.11",-0.0112563028,7.83775617,-0.332161254,0.742112463,1,"Geno_at_37"
"Kif24","ENSMUSG00000028438.16",0.0112558681,4.51558063,0.221351884,0.826341128,1,"Geno_at_37"
"Morn1","ENSMUSG00000029049.14",-0.0112519837,1.3700559,-0.116935024,0.907702788,1,"Geno_at_37"
"Padi2","ENSMUSG00000028927.6",-0.0112439587,4.81248472,-0.142985992,0.887566315,1,"Geno_at_37"
"Cxcr3","ENSMUSG00000050232.6",0.0112437023,3.58531721,0.105668677,0.916770557,1,"Geno_at_37"
"Stx12","ENSMUSG00000028879.4",-0.0112424909,5.57041016,-0.297940035,0.767833983,1,"Geno_at_37"
"Sumo1","ENSMUSG00000026021.15",0.0112398798,6.82864594,0.323236309,0.748792919,1,"Geno_at_37"
"Apol9b","ENSMUSG00000068246.6",-0.0112375981,6.02654187,-0.271806406,0.787661151,1,"Geno_at_37"
"Bach2","ENSMUSG00000040270.16",0.011235414,7.87778991,0.367396619,0.715941754,1,"Geno_at_37"
"Kdm2b","ENSMUSG00000029475.17",-0.0112273656,6.00765904,-0.26598476,0.792098249,1,"Geno_at_37"
"Tspyl1","ENSMUSG00000047514.6",0.0112269272,6.30518977,0.317125305,0.753378596,1,"Geno_at_37"
"Akap9","ENSMUSG00000040407.18",0.0112246614,7.07091568,0.286289374,0.776654326,1,"Geno_at_37"
"Rbm25","ENSMUSG00000010608.15",0.0112222181,9.11978113,0.421997631,0.676081571,1,"Geno_at_37"
"Med17","ENSMUSG00000031935.9",0.0112175467,6.12013577,0.367955852,0.715529107,1,"Geno_at_37"
"Col5a1","ENSMUSG00000026837.16",0.0112149948,1.51175438,0.0996571589,0.921289622,1,"Geno_at_37"
"Irf8","ENSMUSG00000041515.10",0.0112138082,9.42111833,0.156554724,0.877444512,1,"Geno_at_37"
"Polg2","ENSMUSG00000020718.12",0.011213786,4.24376952,0.167113168,0.868419489,1,"Geno_at_37"
"Kat6b","ENSMUSG00000021767.19",-0.0112054021,5.17339721,-0.240644641,0.811492529,1,"Geno_at_37"
"Plekhg2","ENSMUSG00000037552.17",0.0112041264,5.92734156,0.273777568,0.786160419,1,"Geno_at_37"
"Rfk","ENSMUSG00000024712.9",0.0111947396,5.75942361,0.290270876,0.773636585,1,"Geno_at_37"
"Sec24c","ENSMUSG00000039367.11",0.0111936579,8.31489946,0.41019404,0.684622856,1,"Geno_at_37"
"Gga2","ENSMUSG00000030872.14",-0.0111860343,4.10357431,-0.153953178,0.878693395,1,"Geno_at_37"
"Rgp1","ENSMUSG00000028468.15",0.0111850678,6.03656906,0.299875462,0.766371755,1,"Geno_at_37"
"Rala","ENSMUSG00000008859.8",0.0111819422,5.49605058,0.270285809,0.788819416,1,"Geno_at_37"
"Pdha1","ENSMUSG00000031299.10",-0.0111743508,7.63020191,-0.354220499,0.72568917,1,"Geno_at_37"
"Pced1a","ENSMUSG00000037773.14",0.0111701804,4.66981809,0.22161111,0.82614117,1,"Geno_at_37"
"AB124611","ENSMUSG00000057191.13",-0.0111544459,2.69233889,-0.126764339,0.899985667,1,"Geno_at_37"
"Tars2","ENSMUSG00000028107.14",0.0111533573,6.66213846,0.290841007,0.773204752,1,"Geno_at_37"
"Fam98b","ENSMUSG00000027349.5",-0.0111515997,6.53569014,-0.326897343,0.746050147,1,"Geno_at_37"
"Aagab","ENSMUSG00000037257.8",0.0111486335,5.5927867,0.307691831,0.760475383,1,"Geno_at_37"
"Tjp1","ENSMUSG00000030516.14",0.0111475537,1.18024352,0.0921856366,0.927172759,1,"Geno_at_37"
"Arhgef1","ENSMUSG00000040940.18",-0.0111466843,9.24881428,-0.292886385,0.771761766,1,"Geno_at_37"
"Gpr83","ENSMUSG00000031932.14",-0.0111463155,6.57315962,-0.217132925,0.829810488,1,"Geno_at_37"
"Esyt1","ENSMUSG00000025366.8",-0.0111387237,8.09533472,-0.346475076,0.731441077,1,"Geno_at_37"
"Ddx58","ENSMUSG00000040296.15",-0.0111376059,3.2364048,-0.111746927,0.911847705,1,"Geno_at_37"
"Prpf4b","ENSMUSG00000021413.9",-0.0111372612,8.09863295,-0.3571117,0.723546248,1,"Geno_at_37"
"Ahdc1","ENSMUSG00000037692.14",-0.0111266544,5.58389732,-0.234544391,0.816180146,1,"Geno_at_37"
"Srpr","ENSMUSG00000032042.11",-0.0111254023,7.23969081,-0.373469519,0.711465369,1,"Geno_at_37"
"Arf1","ENSMUSG00000048076.14",-0.0111159278,8.43660873,-0.369148463,0.714649394,1,"Geno_at_37"
"Ccr2","ENSMUSG00000049103.14",-0.0111088459,-0.370635751,-0.0803174913,0.936526308,1,"Geno_at_37"
"Ampd1","ENSMUSG00000070385.12",0.0111038675,-0.0200549365,0.0805660181,0.93633034,1,"Geno_at_37"
"Gm21010","ENSMUSG00000114974.1",-0.0111035325,-0.74131694,-0.128545804,0.898588057,1,"Geno_at_37"
"Hpf1","ENSMUSG00000038005.15",0.0111002527,6.59196162,0.275993796,0.784474104,1,"Geno_at_37"
"Gm43205","ENSMUSG00000105419.1",-0.0110963894,-0.475803186,-0.104206742,0.917709439,1,"Geno_at_37"
"Reep3","ENSMUSG00000019873.8",-0.0110961451,7.13274624,-0.224547829,0.824129036,1,"Geno_at_37"
"Vps4b","ENSMUSG00000009907.17",-0.0110866497,7.26938717,-0.369141356,0.714654634,1,"Geno_at_37"
"Piwil2","ENSMUSG00000033644.5",-0.0110859027,1.93913975,-0.104692904,0.917326969,1,"Geno_at_37"
"Gm10478","ENSMUSG00000073179.3",0.0110806988,0.48872142,0.0911817056,0.927963589,1,"Geno_at_37"
"Hax1","ENSMUSG00000027944.13",0.0110797762,4.94036911,0.254684555,0.800731067,1,"Geno_at_37"
"Rpl3","ENSMUSG00000060036.14",-0.0110796781,8.4367589,-0.388758644,0.700242154,1,"Geno_at_37"
"Depdc1b","ENSMUSG00000021697.12",-0.0110792289,4.09308903,-0.181545272,0.857179319,1,"Geno_at_37"
"Gm8802","ENSMUSG00000081226.1",-0.0110782885,-0.0854552683,-0.10584966,0.916417013,1,"Geno_at_37"
"Dthd1","ENSMUSG00000090326.2",-0.0110729072,-0.779005088,-0.113215452,0.910625504,1,"Geno_at_37"
"Gdap2","ENSMUSG00000027865.10",-0.0110702647,4.64587424,-0.240192013,0.811840101,1,"Geno_at_37"
"Gm43965","ENSMUSG00000108176.1",0.0110680093,0.289609594,0.0841667784,0.933491524,1,"Geno_at_37"
"Polr2e","ENSMUSG00000004667.18",-0.0110648718,6.3724957,-0.330981254,0.742994552,1,"Geno_at_37"
"Gm8258","ENSMUSG00000048334.8",-0.0110628956,1.60728058,-0.111508335,0.911967328,1,"Geno_at_37"
"Snord104","ENSMUSG00000065126.1",-0.0110628829,2.54106439,-0.121835068,0.903854507,1,"Geno_at_37"
"Pih1d1","ENSMUSG00000003423.15",0.011062302,5.31313264,0.259173027,0.797298956,1,"Geno_at_37"
"Gm43484","ENSMUSG00000106166.1",-0.0110603525,0.888117695,-0.0925212267,0.92690842,1,"Geno_at_37"
"Septin7","ENSMUSG00000001833.17",-0.0110599531,8.68146983,-0.451278653,0.655083649,1,"Geno_at_37"
"Gm25604","ENSMUSG00000088984.1",0.0110593486,-0.257066269,0.0794567473,0.937205055,1,"Geno_at_37"
"Gm19721","ENSMUSG00000102324.1",0.0110578195,0.456429288,0.0897341309,0.929104023,1,"Geno_at_37"
"Nfyc","ENSMUSG00000032897.17",-0.0110550452,5.52490676,-0.291932597,0.772378159,1,"Geno_at_37"
"Dsp","ENSMUSG00000054889.10",0.0110518414,6.8241155,0.129764543,0.898266006,1,"Geno_at_37"
"Cyp3a13","ENSMUSG00000029727.7",-0.0110513371,-0.495836094,-0.0990013297,0.921805851,1,"Geno_at_37"
"Rgmb","ENSMUSG00000048027.9",0.0110504144,3.24924883,0.115825147,0.9086152,1,"Geno_at_37"
"Klf4","ENSMUSG00000003032.8",-0.0110502063,4.76928515,-0.100549351,0.921038594,1,"Geno_at_37"
"Gm35808","ENSMUSG00000108210.1",-0.0110484743,-0.451274756,-0.0874974327,0.930866448,1,"Geno_at_37"
"Dimt1","ENSMUSG00000021692.9",0.011048059,3.80179319,0.181795518,0.85698468,1,"Geno_at_37"
"Fastkd5","ENSMUSG00000079043.3",0.0110478883,3.25912763,0.164264057,0.870641853,1,"Geno_at_37"
"Il33","ENSMUSG00000024810.16",0.0110469333,-0.747352799,0.130082445,0.897382784,1,"Geno_at_37"
"Gm10131","ENSMUSG00000063412.4",0.0110446265,6.39957015,0.315124272,0.754882165,1,"Geno_at_37"
"Dock5","ENSMUSG00000044447.5",0.0110400708,4.38658256,0.178900901,0.859236633,1,"Geno_at_37"
"Cd2ap","ENSMUSG00000061665.7",-0.0110397307,7.0086788,-0.348897306,0.729640556,1,"Geno_at_37"
"Gm4963","ENSMUSG00000063739.2",-0.0110346809,-0.556013716,-0.111192318,0.912215752,1,"Geno_at_37"
"Tgif2","ENSMUSG00000062175.13",0.0110345079,3.01184611,0.141045745,0.888791051,1,"Geno_at_37"
"Il18","ENSMUSG00000039217.13",0.0110298969,-0.891611961,0.131891756,0.89596396,1,"Geno_at_37"
"Psrc1","ENSMUSG00000068744.12",-0.0110253628,4.7177843,-0.189734353,0.850814765,1,"Geno_at_37"
"Dyrk1a","ENSMUSG00000022897.15",-0.0110240894,7.08797594,-0.292277534,0.772117016,1,"Geno_at_37"
"Ubl4a","ENSMUSG00000015290.15",0.0110125375,5.47517457,0.295802588,0.769449849,1,"Geno_at_37"
"Dcun1d2","ENSMUSG00000038506.13",-0.0110082133,5.18919616,-0.283095096,0.779077966,1,"Geno_at_37"
"Mlh1","ENSMUSG00000032498.9",-0.0109854935,5.40153164,-0.247405129,0.806305861,1,"Geno_at_37"
"Gm11663","ENSMUSG00000082706.1",0.0109800817,0.475324174,0.0886216121,0.929980597,1,"Geno_at_37"
"Gmnn","ENSMUSG00000006715.11",0.0109776384,6.46900713,0.273784669,0.786155014,1,"Geno_at_37"
"Card19","ENSMUSG00000037960.11",-0.0109676979,4.47330423,-0.189241887,0.851197225,1,"Geno_at_37"
"Zbtb21","ENSMUSG00000046962.16",0.0109676279,5.4261792,0.241711871,0.810673162,1,"Geno_at_37"
"Uck1","ENSMUSG00000002550.16",0.0109642472,5.13781559,0.272120769,0.787421757,1,"Geno_at_37"
"Usp14","ENSMUSG00000047879.17",-0.0109617507,6.78293869,-0.372880291,0.71189924,1,"Geno_at_37"
"Kpnb1","ENSMUSG00000001440.5",0.0109467953,9.65107079,0.392493167,0.69751108,1,"Geno_at_37"
"Gtf2i","ENSMUSG00000060261.15",0.0109404532,7.43763258,0.33637882,0.738962607,1,"Geno_at_37"
"2700099C18Rik","ENSMUSG00000098090.8",0.0109361391,4.85636628,0.213536573,0.832375126,1,"Geno_at_37"
"Siglec15","ENSMUSG00000091055.2",0.0109236771,-0.779772722,0.118143978,0.906753112,1,"Geno_at_37"
"BC005624","ENSMUSG00000026851.9",-0.0109221833,5.74872815,-0.299526913,0.766635021,1,"Geno_at_37"
"Xlr4a","ENSMUSG00000079845.8",0.0109209042,4.60452514,0.236080827,0.814998843,1,"Geno_at_37"
"Nudt4","ENSMUSG00000020029.6",0.0109107729,6.9991133,0.256842855,0.799080213,1,"Geno_at_37"
"Rtca","ENSMUSG00000000339.14",0.0109095865,5.31050622,0.274669828,0.785481376,1,"Geno_at_37"
"Gm38329","ENSMUSG00000103632.1",-0.0109063447,1.78594798,-0.0946225631,0.925253426,1,"Geno_at_37"
"Tmem69","ENSMUSG00000055900.14",0.0109050473,3.70796646,0.182691637,0.856287766,1,"Geno_at_37"
"Gm42670","ENSMUSG00000107319.1",-0.0109033731,-0.300638507,-0.106626255,0.915806172,1,"Geno_at_37"
"Nup43","ENSMUSG00000040034.15",-0.0108979751,5.04072317,-0.249634815,0.804597189,1,"Geno_at_37"
"4930503L19Rik","ENSMUSG00000044906.6",0.0108914411,5.7850214,0.261628477,0.795423134,1,"Geno_at_37"
"Gm13608","ENSMUSG00000081480.1",-0.0108875896,-0.549876921,-0.106699712,0.915748397,1,"Geno_at_37"
"Zfp14","ENSMUSG00000053985.10",-0.0108661384,1.31920267,-0.0845689592,0.933174502,1,"Geno_at_37"
"Srebf2","ENSMUSG00000022463.8",-0.0108648217,9.15469024,-0.362732812,0.719386479,1,"Geno_at_37"
"Map2k2","ENSMUSG00000035027.18",0.0108539647,6.53219725,0.316781544,0.753636828,1,"Geno_at_37"
"Gm25134","ENSMUSG00000064580.1",-0.0108517475,-0.627224008,-0.125808498,0.900735686,1,"Geno_at_37"
"Ppp2cb","ENSMUSG00000009630.10",-0.0108486244,6.29992902,-0.28428419,0.778175483,1,"Geno_at_37"
"Ccdc77","ENSMUSG00000030177.14",0.0108471037,4.65548929,0.231917773,0.818200661,1,"Geno_at_37"
"Gm16177","ENSMUSG00000082484.1",0.010839507,-0.486886703,0.0704393299,0.94437762,1,"Geno_at_37"
"Gm2663","ENSMUSG00000096525.2",-0.010832966,-0.93522471,-0.135787449,0.892910232,1,"Geno_at_37"
"Rab8b","ENSMUSG00000036943.9",0.0108324244,8.31584703,0.290900937,0.773159364,1,"Geno_at_37"
"Cops5","ENSMUSG00000025917.9",0.0108284661,6.7177199,0.34577462,0.731962039,1,"Geno_at_37"
"Edrf1","ENSMUSG00000039990.16",-0.0108164376,5.75942801,-0.31669638,0.753700806,1,"Geno_at_37"
"Synrg","ENSMUSG00000034940.15",0.01081632,6.30055071,0.302192556,0.764622324,1,"Geno_at_37"
"Fam126a","ENSMUSG00000028995.14",0.0108063056,6.18376413,0.278090162,0.78287997,1,"Geno_at_37"
"Pou2f1","ENSMUSG00000026565.18",-0.0108031131,6.21234363,-0.275198442,0.785079162,1,"Geno_at_37"
"Arhgap30","ENSMUSG00000048865.16",-0.0108023516,8.22185331,-0.335669675,0.739491906,1,"Geno_at_37"
"Riox1","ENSMUSG00000046791.8",-0.0108023252,4.87464033,-0.172173155,0.864523064,1,"Geno_at_37"
"Tnfsf11","ENSMUSG00000022015.8",0.0107987457,6.38186157,0.104542883,0.917995097,1,"Geno_at_37"
"Rps6ka1","ENSMUSG00000003644.17",0.0107978148,6.65116977,0.281503516,0.780286415,1,"Geno_at_37"
"Dpp9","ENSMUSG00000001229.9",0.0107970269,6.5104953,0.318828183,0.752099835,1,"Geno_at_37"
"Sh2d5","ENSMUSG00000045349.15",-0.0107910322,0.762969255,-0.0893369554,0.929416954,1,"Geno_at_37"
"Upf1","ENSMUSG00000058301.8",0.01078946,7.63571103,0.329014596,0.744465484,1,"Geno_at_37"
"Mapk1ip1l","ENSMUSG00000021840.17",0.0107756732,7.37365864,0.304735762,0.76270363,1,"Geno_at_37"
"Acadvl","ENSMUSG00000018574.14",0.010767192,5.50037159,0.299589758,0.766587552,1,"Geno_at_37"
"Lbx2","ENSMUSG00000034968.3",-0.0107644695,-0.833820777,-0.111548396,0.911935836,1,"Geno_at_37"
"Tshz1","ENSMUSG00000046982.11",0.0107617241,6.49840253,0.311929922,0.757284409,1,"Geno_at_37"
"Ints12","ENSMUSG00000028016.9",-0.0107616671,5.06013201,-0.277993259,0.782953636,1,"Geno_at_37"
"Gm13612","ENSMUSG00000082836.1",-0.0107577595,0.0800176721,-0.0906959538,0.928346258,1,"Geno_at_37"
"Egln3","ENSMUSG00000035105.5",0.0107546031,7.27027904,0.077949456,0.938821784,1,"Geno_at_37"
"Rsbn1l","ENSMUSG00000039968.9",-0.0107536988,6.60772394,-0.272401542,0.78720796,1,"Geno_at_37"
"Ndufaf1","ENSMUSG00000027305.9",-0.0107508065,4.4368116,-0.244901619,0.808225531,1,"Geno_at_37"
"Katnbl1","ENSMUSG00000027132.3",0.0107498481,5.12861713,0.197200178,0.845021206,1,"Geno_at_37"
"Gm13464","ENSMUSG00000080994.2",0.0107480387,-0.0694281985,0.0911029751,0.92802561,1,"Geno_at_37"
"Brf2","ENSMUSG00000031487.5",0.0107425769,3.7876089,0.167891173,0.867812819,1,"Geno_at_37"
"Ngrn","ENSMUSG00000047084.8",0.0107413097,4.36162863,0.167318022,0.868259741,1,"Geno_at_37"
"Gm17477","ENSMUSG00000084917.3",0.0107408451,0.635981552,0.0791583038,0.937440406,1,"Geno_at_37"
"Gpn2","ENSMUSG00000028848.13",-0.0107399747,4.23560862,-0.176383575,0.861196041,1,"Geno_at_37"
"R3hdm2","ENSMUSG00000025404.15",-0.0107337145,6.4928295,-0.276026111,0.784449523,1,"Geno_at_37"
"4930477G07Rik","ENSMUSG00000113268.1",-0.0107323404,-0.986213972,-0.158750873,0.874945283,1,"Geno_at_37"
"Etfbkmt","ENSMUSG00000039958.17",-0.0107316099,4.88522142,-0.140293514,0.889656351,1,"Geno_at_37"
"Slc36a4","ENSMUSG00000043885.14",0.0107306148,5.81958618,0.302058812,0.764723268,1,"Geno_at_37"
"Adgrg3","ENSMUSG00000060470.7",-0.0107298083,0.343721228,-0.0749568733,0.940754235,1,"Geno_at_37"
"Thoc1","ENSMUSG00000024287.8",0.0107293269,6.26875525,0.332932547,0.741536087,1,"Geno_at_37"
"Gm38115","ENSMUSG00000102930.1",0.0107134266,-0.0858506446,0.0756974811,0.940170009,1,"Geno_at_37"
"Gm15772","ENSMUSG00000062353.6",0.0107077863,8.11930243,0.287748012,0.775548351,1,"Geno_at_37"
"Ints10","ENSMUSG00000031864.16",0.0107015965,6.52708603,0.303711092,0.763476498,1,"Geno_at_37"
"Mau2","ENSMUSG00000031858.16",-0.0106975169,6.85581674,-0.345362393,0.732268692,1,"Geno_at_37"
"Gm42585","ENSMUSG00000106457.1",-0.0106955801,1.17493776,-0.0987737765,0.921984975,1,"Geno_at_37"
"Wdr33","ENSMUSG00000024400.16",-0.0106883093,7.09489681,-0.393054773,0.69710073,1,"Geno_at_37"
"Gbf1","ENSMUSG00000025224.16",0.0106838275,6.34561152,0.331899228,0.742308305,1,"Geno_at_37"
"Ophn1","ENSMUSG00000031214.13",0.0106831813,1.95923542,0.103679234,0.91812446,1,"Geno_at_37"
"Taf15","ENSMUSG00000020680.15",-0.0106804797,7.57358839,-0.155304991,0.878288151,1,"Geno_at_37"
"Cks1b","ENSMUSG00000028044.6",0.0106766286,6.33895572,0.289049582,0.774561873,1,"Geno_at_37"
"D630044L22Rik","ENSMUSG00000097405.1",-0.01067141,0.275396472,-0.093198993,0.926374581,1,"Geno_at_37"
"Ankle2","ENSMUSG00000029501.14",0.0106709405,6.56084574,0.356421205,0.724057828,1,"Geno_at_37"
"Ncbp1","ENSMUSG00000028330.8",-0.0106694877,7.62211549,-0.28919058,0.774455031,1,"Geno_at_37"
"Map11","ENSMUSG00000036948.17",0.0106664553,4.99110823,0.20093731,0.842124438,1,"Geno_at_37"
"Ankmy1","ENSMUSG00000034212.14",-0.010665283,-0.537205247,-0.0976081053,0.922902627,1,"Geno_at_37"
"Zfp599","ENSMUSG00000062794.8",-0.0106614371,2.91948898,-0.156558198,0.87665791,1,"Geno_at_37"
"Il1b","ENSMUSG00000027398.13",0.0106605116,-0.520736772,0.0904491853,0.928540667,1,"Geno_at_37"
"Gm11914","ENSMUSG00000082674.1",-0.0106596661,3.99869388,-0.201630861,0.84158709,1,"Geno_at_37"
"H2az1","ENSMUSG00000037894.13",-0.0106592068,6.02563968,-0.277807478,0.783094875,1,"Geno_at_37"
"Pnpo","ENSMUSG00000018659.12",-0.0106537577,4.34072296,-0.210102984,0.835029421,1,"Geno_at_37"
"Vps41","ENSMUSG00000041236.8",-0.0106530871,5.99186247,-0.289634786,0.774118463,1,"Geno_at_37"
"Ldlrad3","ENSMUSG00000048058.17",0.0106484563,1.81223132,0.104323838,0.917617317,1,"Geno_at_37"
"Gm19705","ENSMUSG00000097113.7",0.0106436853,0.178035769,0.0884230015,0.930137095,1,"Geno_at_37"
"Rdm1","ENSMUSG00000010362.9",0.0106394347,3.6378304,0.167608786,0.868033009,1,"Geno_at_37"
"Psd2","ENSMUSG00000024347.16",0.0106390308,0.456323649,0.0711137598,0.943786392,1,"Geno_at_37"
"Sub1","ENSMUSG00000022205.15",0.0106354566,7.72530367,0.366863689,0.716335075,1,"Geno_at_37"
"Asns","ENSMUSG00000029752.12",-0.0106344508,6.0186219,-0.125054984,0.901883746,1,"Geno_at_37"
"Syn1","ENSMUSG00000037217.15",0.0106296719,2.46390656,0.11105956,0.912320117,1,"Geno_at_37"
"Gtf2e1","ENSMUSG00000022828.10",0.0106274815,6.00934496,0.249974854,0.804336693,1,"Geno_at_37"
"Ncapd2","ENSMUSG00000038252.13",-0.0106232723,8.8976279,-0.382184366,0.705059852,1,"Geno_at_37"
"Gm17191","ENSMUSG00000091587.1",-0.0106174466,-0.560337672,-0.0814144271,0.935661381,1,"Geno_at_37"
"Gm5122","ENSMUSG00000111290.1",-0.0106134658,0.197017603,-0.0744209403,0.941177024,1,"Geno_at_37"
"H4c9","ENSMUSG00000060639.5",-0.010612955,3.07695506,-0.112422239,0.91124895,1,"Geno_at_37"
"Mon2","ENSMUSG00000034602.15",0.0106075692,6.76866459,0.338189658,0.737611606,1,"Geno_at_37"
"Zscan18","ENSMUSG00000070822.5",-0.0106074587,1.10272824,-0.0811410811,0.935876906,1,"Geno_at_37"
"Plch1","ENSMUSG00000036834.16",-0.0106061163,-0.802258028,-0.104697729,0.917323173,1,"Geno_at_37"
"Gm9923","ENSMUSG00000053830.4",0.0106054635,3.50963713,0.193026234,0.848259166,1,"Geno_at_37"
"Cdip1","ENSMUSG00000004071.13",-0.0106022029,5.64431009,-0.307841529,0.760362597,1,"Geno_at_37"
"Agk","ENSMUSG00000029916.11",0.0106000824,4.17911328,0.210284164,0.834889313,1,"Geno_at_37"
"Tma7-ps","ENSMUSG00000059058.7",0.0105969071,5.49402164,0.250783867,0.80371702,1,"Geno_at_37"
"Smg5","ENSMUSG00000001415.10",0.0105772968,7.24763837,0.35509742,0.725038968,1,"Geno_at_37"
"Nsg2","ENSMUSG00000020297.10",-0.0105738443,3.67556594,-0.0959735143,0.924430294,1,"Geno_at_37"
"Snx16","ENSMUSG00000027534.16",-0.0105686239,2.65699053,-0.127743554,0.899217405,1,"Geno_at_37"
"Sap30bp","ENSMUSG00000020755.9",-0.0105618209,5.81737602,-0.312292546,0.757011581,1,"Geno_at_37"
"Arid4a","ENSMUSG00000048118.17",0.0105595425,6.56490863,0.332536,0.741832402,1,"Geno_at_37"
"Mapre1","ENSMUSG00000027479.14",0.010556566,8.16465448,0.40178645,0.690732783,1,"Geno_at_37"
"Gm50226","ENSMUSG00000117947.1",0.0105536179,-0.49635301,0.0809269317,0.936045759,1,"Geno_at_37"
"Hivep1","ENSMUSG00000021366.8",0.0105524297,6.8544602,0.113256507,0.911178187,1,"Geno_at_37"
"Serpina3g","ENSMUSG00000041481.17",0.0105482821,5.49909932,0.111490279,0.91248566,1,"Geno_at_37"
"Man1b1","ENSMUSG00000036646.13",0.010544506,6.16573822,0.261854246,0.795250721,1,"Geno_at_37"
"Tap1","ENSMUSG00000037321.17",-0.010541785,8.37708122,-0.148570215,0.883594693,1,"Geno_at_37"
"Barhl1","ENSMUSG00000026805.14",0.0105409821,-0.488576539,0.0961527958,0.924048443,1,"Geno_at_37"
"Yeats4","ENSMUSG00000020171.8",0.0105387836,6.22639686,0.315963082,0.754251766,1,"Geno_at_37"
"Mlxip","ENSMUSG00000038342.15",0.0105351218,6.67382562,0.293102568,0.771492514,1,"Geno_at_37"
"Smim3","ENSMUSG00000038059.7",-0.0105277969,4.31558826,-0.160000666,0.873969385,1,"Geno_at_37"
"Gm15903","ENSMUSG00000086916.2",0.0105256987,0.198676148,0.0756434927,0.940212596,1,"Geno_at_37"
"Zfp715","ENSMUSG00000012640.16",0.0105244617,5.96095238,0.216771776,0.829876028,1,"Geno_at_37"
"Lztr1","ENSMUSG00000022761.12",-0.0105204096,6.23532528,-0.351131298,0.727981345,1,"Geno_at_37"
"Pld6","ENSMUSG00000043648.7",-0.0105171687,-0.762109512,-0.106827391,0.915647975,1,"Geno_at_37"
"Cul4a","ENSMUSG00000031446.14",-0.0105156925,6.23299714,-0.33810876,0.737671943,1,"Geno_at_37"
"Txnl4a","ENSMUSG00000057130.12",0.0105136911,4.93548131,0.205524199,0.838572068,1,"Geno_at_37"
"Fbrsl1","ENSMUSG00000043323.17",-0.0105094198,5.55257293,-0.230427756,0.819347417,1,"Geno_at_37"
"Gm6988","ENSMUSG00000113198.1",0.0105093189,5.3016145,0.18075027,0.857866825,1,"Geno_at_37"
"Arhgap11a","ENSMUSG00000041219.14",-0.0105069709,7.39182958,-0.226637512,0.822439163,1,"Geno_at_37"
"Zfp266","ENSMUSG00000060510.14",-0.0105066857,6.53870854,-0.257303032,0.798728352,1,"Geno_at_37"
"Gm15853","ENSMUSG00000103400.2",-0.0105055708,0.570439841,-0.0917058232,0.927550714,1,"Geno_at_37"
"Nckap1","ENSMUSG00000027002.13",0.0105025946,5.51183801,0.227325171,0.821736548,1,"Geno_at_37"
"Slc26a6","ENSMUSG00000023259.16",0.0105018525,2.64415044,0.145897893,0.88499283,1,"Geno_at_37"
"Arid1a","ENSMUSG00000007880.16",-0.0104965254,8.68907523,-0.329036058,0.744449426,1,"Geno_at_37"
"E2f1","ENSMUSG00000027490.17",0.0104964868,5.6816738,0.218702908,0.828385146,1,"Geno_at_37"
"5830462I19Rik","ENSMUSG00000091102.1",0.0104947986,0.56321124,0.0729293922,0.942353776,1,"Geno_at_37"
"Hint1","ENSMUSG00000020267.6",-0.0104936454,7.35934192,-0.305832636,0.761876578,1,"Geno_at_37"
"Sdc1","ENSMUSG00000020592.14",-0.0104867789,3.40988543,-0.160781987,0.873359395,1,"Geno_at_37"
"Ticam1","ENSMUSG00000047123.8",-0.010484439,4.1101723,-0.187915708,0.85222735,1,"Geno_at_37"
"Atp8a1","ENSMUSG00000037685.15",0.0104815666,4.08635845,0.205673222,0.838456713,1,"Geno_at_37"
"Polr3e","ENSMUSG00000030880.14",-0.0104783533,6.01073702,-0.306535929,0.76134644,1,"Geno_at_37"
"Foxn2","ENSMUSG00000034998.18",0.0104745086,6.46172431,0.232041885,0.818105161,1,"Geno_at_37"
"Bag2","ENSMUSG00000042215.8",-0.010471344,3.12072405,-0.128584169,0.898557963,1,"Geno_at_37"
"Gm22488","ENSMUSG00000080461.1",-0.0104705227,-0.277037335,-0.101379545,0.919934032,1,"Geno_at_37"
"Gm15782","ENSMUSG00000084083.1",-0.0104660878,-0.299906276,-0.0837631214,0.933809721,1,"Geno_at_37"
"Ptpn6","ENSMUSG00000004266.15",-0.010460439,7.47157974,-0.22372699,0.824710669,1,"Geno_at_37"
"Rnf145","ENSMUSG00000019189.13",0.0104568228,7.31425759,0.245863724,0.80751215,1,"Geno_at_37"
"Csnk1a1","ENSMUSG00000024576.14",-0.0104490671,8.58222042,-0.356425169,0.72405489,1,"Geno_at_37"
"Tusc3","ENSMUSG00000039530.17",-0.0104470572,5.35610408,-0.22256038,0.825409032,1,"Geno_at_37"
"Ndufs1","ENSMUSG00000025968.16",0.0104437077,6.72979861,0.355175292,0.724981239,1,"Geno_at_37"
"4930480G23Rik","ENSMUSG00000086332.2",0.0104315644,-0.997392109,0.159505127,0.874356302,1,"Geno_at_37"
"Gm26574","ENSMUSG00000097925.1",0.0104315644,-0.982329867,0.152231307,0.880039278,1,"Geno_at_37"
"Gpr87","ENSMUSG00000051431.7",0.0104315644,-0.965069142,0.1459985,0.884914105,1,"Geno_at_37"
"Limch1","ENSMUSG00000037736.20",0.0104315644,-0.973887863,0.146913047,0.884198524,1,"Geno_at_37"
"Ly6a2","ENSMUSG00000102051.1",0.0104315644,-0.997392109,0.159505127,0.874356302,1,"Geno_at_37"
"Ppp1r3c","ENSMUSG00000067279.3",0.0104315644,-0.946032543,0.14784394,0.883470255,1,"Geno_at_37"
"Gja1","ENSMUSG00000050953.10",-0.0104315371,6.08824042,-0.231007112,0.818901481,1,"Geno_at_37"
"Coro6","ENSMUSG00000020836.15",0.0104265987,3.15540662,0.126120556,0.900490814,1,"Geno_at_37"
"Gm16286","ENSMUSG00000024571.15",-0.0104179846,7.25693087,-0.386997137,0.701531771,1,"Geno_at_37"
"Tubgcp3","ENSMUSG00000000759.14",-0.0104145263,6.53338045,-0.353530433,0.726200973,1,"Geno_at_37"
"Lipg","ENSMUSG00000053846.5",-0.0104074554,3.23408919,-0.0989013339,0.921988269,1,"Geno_at_37"
"Aamp","ENSMUSG00000006299.13",0.0104045151,6.58439993,0.284771925,0.777805399,1,"Geno_at_37"
"Plcd4","ENSMUSG00000026173.15",0.0104022196,0.423650015,0.0820142867,0.93518843,1,"Geno_at_37"
"C1qtnf6","ENSMUSG00000022440.9",0.0104006485,3.09856532,0.139810515,0.889758411,1,"Geno_at_37"
"Vma21","ENSMUSG00000073131.12",0.0103973019,5.75506493,0.277992612,0.782954128,1,"Geno_at_37"
"Gm48383","ENSMUSG00000113895.1",0.0103950603,-0.614662198,0.0955815223,0.924498271,1,"Geno_at_37"
"Net1","ENSMUSG00000021215.15",-0.0103935141,5.90056387,-0.317016369,0.753460425,1,"Geno_at_37"
"Actr3-ps","ENSMUSG00000082319.3",0.0103918131,6.52912877,0.367062982,0.716187981,1,"Geno_at_37"
"Med14","ENSMUSG00000064127.13",0.0103825141,8.2546699,0.340228508,0.736091513,1,"Geno_at_37"
"Ttc13","ENSMUSG00000037300.19",0.0103812986,6.3942556,0.300385551,0.765986524,1,"Geno_at_37"
"Gm30708","ENSMUSG00000107149.1",-0.0103795486,-0.437189406,-0.0994591042,0.921445515,1,"Geno_at_37"
"E130102H24Rik","ENSMUSG00000086782.2",0.0103788431,0.199455261,0.0948654666,0.92506214,1,"Geno_at_37"
"Gdpgp1","ENSMUSG00000050973.11",-0.0103760417,2.91249942,-0.0973201797,0.923179858,1,"Geno_at_37"
"Hcls1","ENSMUSG00000022831.14",-0.0103714617,8.67811175,-0.309879504,0.758827685,1,"Geno_at_37"
"Neil1","ENSMUSG00000032298.13",0.0103612849,3.63492693,0.173046008,0.863795282,1,"Geno_at_37"
"Creb5","ENSMUSG00000053007.9",-0.0103604921,0.626910324,-0.0613554159,0.951523827,1,"Geno_at_37"
"Chchd2","ENSMUSG00000070493.3",0.0103555629,6.97038352,0.302753697,0.764198847,1,"Geno_at_37"
"Utp25","ENSMUSG00000016181.9",0.0103430145,5.79183748,0.28874786,0.774790518,1,"Geno_at_37"
"Atic","ENSMUSG00000026192.13",0.0103411426,7.8729721,0.344336642,0.733031938,1,"Geno_at_37"
"Mccc1os","ENSMUSG00000086392.9",-0.0103383139,-0.309792813,-0.083003895,0.934408238,1,"Geno_at_37"
"Gm30108","ENSMUSG00000114241.1",0.010336577,1.47204796,0.0871038986,0.931176574,1,"Geno_at_37"
"Tmem184c","ENSMUSG00000031617.16",0.0103239323,5.20440311,0.231850951,0.818252081,1,"Geno_at_37"
"Ube4b","ENSMUSG00000028960.20",0.010317057,7.24592809,0.295961168,0.76932993,1,"Geno_at_37"
"Tbp","ENSMUSG00000014767.17",0.0103152938,5.69012419,0.265399799,0.792544484,1,"Geno_at_37"
"Sfswap","ENSMUSG00000029439.14",-0.010312178,6.90779066,-0.30780991,0.760386419,1,"Geno_at_37"
"Galc","ENSMUSG00000021003.10",-0.0102995715,2.60715983,-0.126849887,0.899918545,1,"Geno_at_37"
"Fancd2os","ENSMUSG00000033963.16",-0.0102915208,-0.56016634,-0.0928908797,0.92661726,1,"Geno_at_37"
"Papss1","ENSMUSG00000028032.13",0.0102869952,4.67788771,0.197634313,0.844684581,1,"Geno_at_37"
"Slit1","ENSMUSG00000025020.11",0.0102847824,-0.0401217445,0.079158578,0.93744019,1,"Geno_at_37"
"Il16","ENSMUSG00000001741.12",0.010284556,6.0180758,0.252617081,0.802313328,1,"Geno_at_37"
"Zfp654","ENSMUSG00000047141.5",0.0102807447,6.12487838,0.248907293,0.805154602,1,"Geno_at_37"
"Ints3","ENSMUSG00000027933.11",0.0102778866,6.91839945,0.289377676,0.774313266,1,"Geno_at_37"
"Pgd","ENSMUSG00000028961.15",0.0102703099,7.08487167,0.243966551,0.808942846,1,"Geno_at_37"
"Atat1","ENSMUSG00000024426.17",-0.0102687989,3.68119286,-0.125383162,0.901077924,1,"Geno_at_37"
"Cops4","ENSMUSG00000035297.14",-0.0102685974,6.39985437,-0.33308753,0.741420289,1,"Geno_at_37"
"Hnrnpdl","ENSMUSG00000029328.15",-0.0102654733,8.7544719,-0.362180034,0.719795164,1,"Geno_at_37"
"Vps54","ENSMUSG00000020128.15",-0.0102484885,7.68897809,-0.300718726,0.765734936,1,"Geno_at_37"
"Gm45359","ENSMUSG00000109728.1",0.0102453157,0.326526331,0.0854613929,0.932471073,1,"Geno_at_37"
"Uqcrc2","ENSMUSG00000030884.12",0.0102378943,7.50672835,0.319342455,0.751713786,1,"Geno_at_37"
"Nsun3","ENSMUSG00000050312.12",0.0102362059,3.99169441,0.150926897,0.881059099,1,"Geno_at_37"
"Alg2","ENSMUSG00000039740.6",-0.0102311698,4.81890696,-0.229066937,0.820395094,1,"Geno_at_37"
"Ass1","ENSMUSG00000076441.9",0.0102307979,6.53924907,0.295338395,0.769800909,1,"Geno_at_37"
"Mpdu1","ENSMUSG00000018761.14",0.0102183827,5.88667326,0.301274246,0.765315508,1,"Geno_at_37"
"Nup98","ENSMUSG00000063550.8",-0.0102183721,7.55763999,-0.385365457,0.702727148,1,"Geno_at_37"
"Gtpbp8","ENSMUSG00000022668.10",0.0102013212,4.58472023,0.235919808,0.815122623,1,"Geno_at_37"
"Ube2n-ps1","ENSMUSG00000106831.1",0.0101972668,5.73068375,0.244904725,0.808223149,1,"Geno_at_37"
"Gm12115","ENSMUSG00000099902.1",0.0101935562,3.77000585,0.176406071,0.861178527,1,"Geno_at_37"
"Klrc1","ENSMUSG00000030167.15",0.0101906035,3.91348819,0.124463249,0.901848293,1,"Geno_at_37"
"Olfr527","ENSMUSG00000062782.4",-0.0101890731,-0.921978247,-0.13074117,0.896866185,1,"Geno_at_37"
"Plekhg5","ENSMUSG00000039713.17",0.0101841989,5.23892958,0.191994533,0.849059932,1,"Geno_at_37"
"Dok6","ENSMUSG00000073514.4",0.0101755852,-0.964551326,0.140488815,0.889227185,1,"Geno_at_37"
"Thnsl2","ENSMUSG00000054474.15",-0.0101723322,1.23901805,-0.0986807854,0.922058177,1,"Geno_at_37"
"Bub1b","ENSMUSG00000040084.9",0.0101702998,7.53450747,0.302117643,0.764678865,1,"Geno_at_37"
"Trgc2","ENSMUSG00000076752.2",-0.0101659242,3.24205827,-0.139810078,0.889758753,1,"Geno_at_37"
"Gm7114","ENSMUSG00000100481.1",-0.0101619805,1.11780326,-0.101747221,0.919644686,1,"Geno_at_37"
"Prm1","ENSMUSG00000022501.6",-0.0101563589,-0.404044238,-0.084518783,0.933214053,1,"Geno_at_37"
"Atf7ip","ENSMUSG00000030213.12",0.0101543228,6.90918436,0.332033314,0.742208085,1,"Geno_at_37"
"Sema3c","ENSMUSG00000028780.13",0.0101526282,-0.826304232,0.114478938,0.909632554,1,"Geno_at_37"
"Cdk8","ENSMUSG00000029635.15",-0.0101492388,6.65623477,-0.295832119,0.769427517,1,"Geno_at_37"
"Glmn","ENSMUSG00000029276.13",0.0101469488,4.15402628,0.19033873,0.850345443,1,"Geno_at_37"
"Sfrp1","ENSMUSG00000031548.7",0.0101454062,-0.96946804,0.143616079,0.886778675,1,"Geno_at_37"
"Uqcrh-ps2","ENSMUSG00000081413.3",0.01014107,0.21939662,0.0944711319,0.925372681,1,"Geno_at_37"
"Atp1b3","ENSMUSG00000032412.8",-0.0101408557,8.32269351,-0.408547033,0.685818071,1,"Geno_at_37"
"Gtdc1","ENSMUSG00000036890.13",-0.0101285447,3.47818373,-0.162150341,0.872291289,1,"Geno_at_37"
"Nampt","ENSMUSG00000020572.8",0.0101277591,8.36847877,0.209241362,0.836086376,1,"Geno_at_37"
"Emb","ENSMUSG00000021728.8",-0.0101173528,5.47582899,-0.208716042,0.836102143,1,"Geno_at_37"
"Iqce","ENSMUSG00000036555.14",-0.0101169173,4.91552541,-0.220358617,0.827107414,1,"Geno_at_37"
"Cct4","ENSMUSG00000007739.10",-0.0101161103,8.65382717,-0.435309589,0.666501179,1,"Geno_at_37"
"Canx","ENSMUSG00000020368.15",0.0101154589,9.56885874,0.387642475,0.701059207,1,"Geno_at_37"
"Cd38","ENSMUSG00000029084.5",-0.0100996148,4.83557939,-0.18817023,0.852029626,1,"Geno_at_37"
"Oxr1","ENSMUSG00000022307.16",0.0100947792,5.43569316,0.244977032,0.808167687,1,"Geno_at_37"
"Bfar","ENSMUSG00000022684.15",-0.0100941622,5.66780195,-0.309033249,0.759464926,1,"Geno_at_37"
"Tnip2","ENSMUSG00000059866.13",0.0100934084,5.70743621,0.201297871,0.841845073,1,"Geno_at_37"
"Sec22c","ENSMUSG00000061536.13",0.0100916436,4.52043392,0.189705631,0.85083707,1,"Geno_at_37"
"Dnlz","ENSMUSG00000075467.4",0.0100903567,4.98435599,0.199632812,0.843135342,1,"Geno_at_37"
"Ubr2","ENSMUSG00000023977.15",0.010084438,7.4464814,0.316011576,0.754215327,1,"Geno_at_37"
"Slc23a2","ENSMUSG00000027340.15",0.0100778975,5.85099802,0.297190848,0.768400233,1,"Geno_at_37"
"Gm12971","ENSMUSG00000087449.1",0.0100764859,-0.0950983857,0.082848049,0.9345311,1,"Geno_at_37"
"Tmem168","ENSMUSG00000029569.9",0.0100760987,6.0419941,0.263488721,0.794002841,1,"Geno_at_37"
"Map4","ENSMUSG00000032479.15",0.0100722548,8.09797443,0.362417192,0.719619816,1,"Geno_at_37"
"Mcts1","ENSMUSG00000000355.13",-0.0100688328,5.82178295,-0.286445079,0.776536244,1,"Geno_at_37"
"Gm5910","ENSMUSG00000110617.1",0.0100678991,3.54647182,0.155527204,0.877463396,1,"Geno_at_37"
"Rab8a","ENSMUSG00000003037.16",-0.0100585304,7.03607603,-0.365634061,0.717242884,1,"Geno_at_37"
"Gm46555","ENSMUSG00000116964.1",0.0100524768,-0.71130457,0.1032214,0.918484684,1,"Geno_at_37"
"Bcl2l1","ENSMUSG00000007659.18",-0.0100409564,6.99517542,-0.167949171,0.868230132,1,"Geno_at_37"
"Trmt1","ENSMUSG00000001909.16",0.0100403521,6.62544664,0.303363451,0.763738766,1,"Geno_at_37"
"Noa1","ENSMUSG00000036285.10",0.0100399545,5.77691986,0.285193,0.777485937,1,"Geno_at_37"
"Gja8","ENSMUSG00000049908.6",-0.0100364669,-0.827251893,-0.115925659,0.908495785,1,"Geno_at_37"
"Acbd6","ENSMUSG00000033701.13",-0.0100358684,5.53409249,-0.231048315,0.81886977,1,"Geno_at_37"
"Spata13","ENSMUSG00000021990.16",-0.0100337112,7.61015182,-0.269526853,0.78939771,1,"Geno_at_37"
"Hps5","ENSMUSG00000014418.16",0.0100328973,5.45955867,0.236491555,0.814683125,1,"Geno_at_37"
"Gm49705","ENSMUSG00000116626.1",-0.0100309984,-0.0446777916,-0.0689161336,0.945520672,1,"Geno_at_37"
"Anxa11","ENSMUSG00000021866.15",-0.0100288031,4.31940208,-0.191853935,0.849169071,1,"Geno_at_37"
"Trpm7","ENSMUSG00000027365.14",0.0100287453,7.53330638,0.265172698,0.792717747,1,"Geno_at_37"
"Gm20703","ENSMUSG00000093622.1",-0.0100286973,-0.649887271,-0.0962807425,0.923947699,1,"Geno_at_37"
"Abhd10","ENSMUSG00000033157.17",-0.0100238413,4.40635895,-0.204676935,0.839227983,1,"Geno_at_37"
"Trim72","ENSMUSG00000042828.12",0.010023121,-0.818365487,0.125971387,0.900607866,1,"Geno_at_37"
"Zfp958","ENSMUSG00000058748.9",-0.0100142363,4.0320079,-0.189591319,0.850925845,1,"Geno_at_37"
"1600014C10Rik","ENSMUSG00000054676.15",-0.0100121722,6.49354752,-0.223457487,0.824717273,1,"Geno_at_37"
"Slc25a12","ENSMUSG00000027010.16",0.0100103256,5.49142337,0.277940146,0.782994014,1,"Geno_at_37"
"Macroh2a3","ENSMUSG00000101167.1",0.0100079374,0.00635809537,0.0782795904,0.938133389,1,"Geno_at_37"
"Erg","ENSMUSG00000040732.20",0.0100021415,-0.538137898,0.0816555508,0.935471268,1,"Geno_at_37"
"C87436","ENSMUSG00000046679.16",-0.0100002224,3.63656687,-0.19870479,0.843854667,1,"Geno_at_37"
"Tmem167","ENSMUSG00000012422.14",0.00999753462,6.5295743,0.288068158,0.775305672,1,"Geno_at_37"
"Bpnt1","ENSMUSG00000026617.16",-0.00999206425,3.97952905,-0.17685039,0.860832619,1,"Geno_at_37"
"Sgo2a","ENSMUSG00000026039.9",-0.00998826358,4.43718216,-0.161688634,0.87265166,1,"Geno_at_37"
"Gm12711","ENSMUSG00000085090.1",0.00998354523,-0.975454468,0.143433575,0.886921537,1,"Geno_at_37"
"Efhd2","ENSMUSG00000040659.3",-0.00997453094,6.57631225,-0.237265305,0.814088447,1,"Geno_at_37"
"D230022J07Rik","ENSMUSG00000087176.1",0.00997005493,-0.357025582,0.0721460795,0.942971821,1,"Geno_at_37"
"Pa2g4","ENSMUSG00000025364.13",-0.00996437896,8.77072576,-0.34892733,0.729618248,1,"Geno_at_37"
"Dcaf17","ENSMUSG00000041966.18",-0.00995799466,4.95247613,-0.233973313,0.816619337,1,"Geno_at_37"
"Hhat","ENSMUSG00000037375.16",-0.00995531086,1.96620174,-0.110069189,0.913098727,1,"Geno_at_37"
"Cep89","ENSMUSG00000023072.14",-0.00995435289,4.89022687,-0.216685683,0.829942509,1,"Geno_at_37"
"Cyb561a3","ENSMUSG00000034445.8",-0.00994729102,4.53241108,-0.185291426,0.854266568,1,"Geno_at_37"
"Josd1","ENSMUSG00000022426.6",0.00994595865,6.24241122,0.340906818,0.735586029,1,"Geno_at_37"
"Clec12a","ENSMUSG00000053063.11",-0.00993862744,-0.705337643,-0.114782531,0.909393987,1,"Geno_at_37"
"H2-DMb2","ENSMUSG00000037548.15",-0.00993821445,1.83279772,-0.0831269266,0.934311246,1,"Geno_at_37"
"A130012E19Rik","ENSMUSG00000112822.1",0.00992853272,1.02467122,0.0754921228,0.940332002,1,"Geno_at_37"
"Ddx50","ENSMUSG00000020076.7",-0.00992433018,6.69817567,-0.296720303,0.768755946,1,"Geno_at_37"
"AW011738","ENSMUSG00000078349.3",0.00991698091,-0.277890808,0.0910895024,0.928036224,1,"Geno_at_37"
"Eya3","ENSMUSG00000028886.15",0.00991033648,6.61593024,0.307724102,0.760451069,1,"Geno_at_37"
"Sltm","ENSMUSG00000032212.10",-0.00990991772,7.69747425,-0.31942982,0.751648211,1,"Geno_at_37"
"Rnf185","ENSMUSG00000020448.16",-0.00990959243,5.07151384,-0.255006161,0.800485015,1,"Geno_at_37"
"Acaa1a","ENSMUSG00000036138.16",-0.0099084823,5.62228509,-0.282384161,0.779617693,1,"Geno_at_37"
"Patz1","ENSMUSG00000020453.17",-0.00990253459,5.72028179,-0.182377993,0.85661707,1,"Geno_at_37"
"Vars","ENSMUSG00000007029.16",0.00988588999,8.49735109,0.28038702,0.781134476,1,"Geno_at_37"
"Babam1","ENSMUSG00000031820.9",0.00987804688,6.30372591,0.325189776,0.747329003,1,"Geno_at_37"
"1700096K18Rik","ENSMUSG00000101856.1",0.0098769767,0.910548493,0.109341796,0.913670645,1,"Geno_at_37"
"Rab1a","ENSMUSG00000020149.17",0.00987448855,7.49257198,0.353328714,0.726350607,1,"Geno_at_37"
"Gm45855","ENSMUSG00000110686.1",0.00987339019,4.98585848,0.179232499,0.858978595,1,"Geno_at_37"
"Slc2a3","ENSMUSG00000003153.10",-0.0098688465,4.94070489,-0.0507392229,0.960152929,1,"Geno_at_37"
"Zranb2","ENSMUSG00000028180.18",0.00986817425,7.33595625,0.343370783,0.733750872,1,"Geno_at_37"
"Tmpo","ENSMUSG00000019961.17",0.00986633506,8.99717307,0.337731886,0.737953053,1,"Geno_at_37"
"Sec61a1","ENSMUSG00000030082.14",-0.00986570776,7.92900853,-0.330956133,0.743013335,1,"Geno_at_37"
"Gm16166","ENSMUSG00000082936.1",-0.00986413742,-0.249630111,-0.0799511705,0.936815168,1,"Geno_at_37"
"Gm9434","ENSMUSG00000080818.4",-0.00985967367,0.443170148,-0.0762282012,0.939751373,1,"Geno_at_37"
"Gm5679","ENSMUSG00000116817.1",0.00985377834,-0.584458754,0.092299376,0.927083167,1,"Geno_at_37"
"Mrto4","ENSMUSG00000028741.13",0.00984157824,5.96792621,0.290756885,0.773268464,1,"Geno_at_37"
"U2af2","ENSMUSG00000030435.16",-0.00983989879,8.1618092,-0.328770312,0.744648261,1,"Geno_at_37"
"Tldc2","ENSMUSG00000074628.9",0.00983690763,-0.234429184,0.0722477848,0.942891572,1,"Geno_at_37"
"Ccng1","ENSMUSG00000020326.7",0.00983548858,7.34347276,0.298162651,0.767665751,1,"Geno_at_37"
"Shcbp1","ENSMUSG00000022322.8",0.00983402509,6.31602212,0.218911221,0.828224362,1,"Geno_at_37"
"Prmt9","ENSMUSG00000037134.17",0.0098319368,4.60361968,0.169500816,0.866557916,1,"Geno_at_37"
"Tfpt","ENSMUSG00000006335.16",0.00983135539,4.56511032,0.202628554,0.840814237,1,"Geno_at_37"
"Galnt11","ENSMUSG00000038072.14",0.00983011477,4.4381365,0.159124722,0.874653343,1,"Geno_at_37"
"Ilrun","ENSMUSG00000056692.13",-0.00982842295,7.32390633,-0.32782887,0.745352804,1,"Geno_at_37"
"Smdt1","ENSMUSG00000022452.16",0.00982738278,5.82074822,0.226418039,0.82243541,1,"Geno_at_37"
"Als2","ENSMUSG00000026024.14",0.00981826643,5.68810125,0.193648115,0.847776567,1,"Geno_at_37"
"Trappc2","ENSMUSG00000079317.10",0.00981392862,2.03368064,0.097439359,0.923035478,1,"Geno_at_37"
"Cct8","ENSMUSG00000025613.13",0.00981308809,9.05119645,0.341558747,0.735100319,1,"Geno_at_37"
"Gm37409","ENSMUSG00000103495.1",0.00980570347,-0.487670049,0.0784199871,0.938022664,1,"Geno_at_37"
"Gm7285","ENSMUSG00000105408.1",-0.00980087089,1.23172153,-0.0826073998,0.934720821,1,"Geno_at_37"
"Gm13341","ENSMUSG00000083863.1",-0.00979618795,-0.216342478,-0.081182282,0.93584442,1,"Geno_at_37"
"Pglyrp2","ENSMUSG00000079563.10",0.00979603147,3.68964708,0.126771419,0.899980112,1,"Geno_at_37"
"Nup210l","ENSMUSG00000027939.11",0.00979561357,2.1737943,0.113089215,0.910724719,1,"Geno_at_37"
"Mcm9","ENSMUSG00000058298.10",0.00979420365,5.24450325,0.22175945,0.82602675,1,"Geno_at_37"
"1110038B12Rik","ENSMUSG00000092203.7",-0.00978529546,6.31639147,-0.191072443,0.849907765,1,"Geno_at_37"
"Nfu1","ENSMUSG00000029993.16",0.00977845096,4.80154142,0.208651578,0.83615201,1,"Geno_at_37"
"Papola","ENSMUSG00000021111.15",0.00977713641,8.28570699,0.393088308,0.697076229,1,"Geno_at_37"
"Necap2","ENSMUSG00000028923.14",-0.00977613957,6.26668951,-0.284524751,0.777992944,1,"Geno_at_37"
"Ecpas","ENSMUSG00000050812.18",0.00977514105,7.5626843,0.307542391,0.760587979,1,"Geno_at_37"
"Ttc7","ENSMUSG00000036918.16",0.00977001427,6.63335287,0.280899119,0.780745464,1,"Geno_at_37"
"Slc38a3","ENSMUSG00000010064.15",0.00976836739,-0.974825272,0.141542448,0.888402111,1,"Geno_at_37"
"1600020E01Rik","ENSMUSG00000097048.7",-0.00975448975,3.89269898,-0.148069478,0.883293826,1,"Geno_at_37"
"Pskh1","ENSMUSG00000048310.8",0.00975432779,5.03264166,0.197493339,0.844793888,1,"Geno_at_37"
"Rnpepl1","ENSMUSG00000026269.14",-0.00975014965,6.82912913,-0.263094811,0.794303531,1,"Geno_at_37"
"Nme4","ENSMUSG00000024177.9",0.00974382246,2.74828794,0.101996483,0.919448534,1,"Geno_at_37"
"Gid8","ENSMUSG00000027573.11",0.00974292942,5.90279532,0.264271896,0.793405103,1,"Geno_at_37"
"Mtf2","ENSMUSG00000029267.17",-0.00973830078,6.82502949,-0.249932225,0.804369349,1,"Geno_at_37"
"Chmp2b","ENSMUSG00000004843.7",0.00972833424,4.87626659,0.232433489,0.817803849,1,"Geno_at_37"
"Snord83b","ENSMUSG00000077734.1",0.00972576273,1.32749882,0.0905700514,0.928445446,1,"Geno_at_37"
"Gm20518","ENSMUSG00000092470.1",0.00972033394,-0.141527612,0.0899058911,0.928968698,1,"Geno_at_37"
"Zbtb3","ENSMUSG00000071661.7",0.00971994903,1.28012327,0.0886759005,0.92993782,1,"Geno_at_37"
"Nudt6","ENSMUSG00000050174.15",0.00971874526,1.71801272,0.0883695773,0.930179192,1,"Geno_at_37"
"Rpl15-ps6","ENSMUSG00000057262.2",-0.00971808769,3.20369392,-0.127034557,0.899773653,1,"Geno_at_37"
"Ppa1","ENSMUSG00000020089.8",0.00970812703,7.37479153,0.231957557,0.818180777,1,"Geno_at_37"
"Apc","ENSMUSG00000005871.15",-0.00970464852,6.79689409,-0.312862082,0.756583141,1,"Geno_at_37"
"Adnp","ENSMUSG00000051149.15",0.00970245983,2.77431258,0.112448353,0.911228424,1,"Geno_at_37"
"Smad1","ENSMUSG00000031681.16",-0.00969861928,4.28768956,-0.186704543,0.853168367,1,"Geno_at_37"
"Gm47218","ENSMUSG00000112008.1",-0.00969854499,3.38439035,-0.137495463,0.891571889,1,"Geno_at_37"
"Abce1","ENSMUSG00000058355.8",0.00969165698,8.45695537,0.370779641,0.713446822,1,"Geno_at_37"
"Ppp1r16a","ENSMUSG00000033819.16",0.00968976463,5.0823135,0.218084529,0.828862479,1,"Geno_at_37"
"Ndrg1","ENSMUSG00000005125.13",0.00967948353,5.27531069,0.108400965,0.914835653,1,"Geno_at_37"
"Cpeb3","ENSMUSG00000039652.16",-0.00967356715,0.798116044,-0.0807221681,0.936207214,1,"Geno_at_37"
"Syn3","ENSMUSG00000059602.14",-0.00966530495,-0.351423198,-0.0834498188,0.9340567,1,"Geno_at_37"
"Zfp219","ENSMUSG00000049295.17",0.00966399626,5.39243202,0.229802596,0.819828678,1,"Geno_at_37"
"Saraf","ENSMUSG00000031532.7",-0.00966136186,7.82962934,-0.285819814,0.77701046,1,"Geno_at_37"
"Gm5525","ENSMUSG00000099492.1",0.00965775284,3.25900572,0.150485032,0.881404607,1,"Geno_at_37"
"Ints11","ENSMUSG00000029034.9",0.00965604914,6.13373532,0.244348915,0.808649504,1,"Geno_at_37"
"Specc1","ENSMUSG00000042331.13",-0.00965024529,5.98329963,-0.172585626,0.864331313,1,"Geno_at_37"
"Rfx3","ENSMUSG00000040929.17",0.00964714179,3.91002711,0.146558199,0.88447616,1,"Geno_at_37"
"Vac14","ENSMUSG00000010936.11",-0.00964617816,6.42698407,-0.204249449,0.83960627,1,"Geno_at_37"
"Grk4","ENSMUSG00000052783.16",0.00964248467,1.9850535,0.106139211,0.916189257,1,"Geno_at_37"
"Tagap1","ENSMUSG00000052031.8",0.00964236624,5.16539469,0.234920439,0.815890977,1,"Geno_at_37"
"Setdb2","ENSMUSG00000071350.12",0.00964103493,4.97414486,0.190965351,0.849858905,1,"Geno_at_37"
"Pink1","ENSMUSG00000028756.12",0.00963196632,5.72377138,0.0877693129,0.931107037,1,"Geno_at_37"
"Gabpb1","ENSMUSG00000027361.15",-0.00963114065,6.41595259,-0.269134249,0.789696906,1,"Geno_at_37"
"Xrcc4","ENSMUSG00000021615.13",0.00963072147,3.45289733,0.156339531,0.876828737,1,"Geno_at_37"
"0610039K10Rik","ENSMUSG00000058812.2",0.00963012871,0.127637481,0.0845908211,0.933157269,1,"Geno_at_37"
"Tent5c","ENSMUSG00000044468.14",0.00962830291,6.21637241,0.226010209,0.822749654,1,"Geno_at_37"
"Gm2000","ENSMUSG00000078193.2",0.00962828346,7.89343082,0.321162503,0.750348059,1,"Geno_at_37"
"Rb1","ENSMUSG00000022105.6",0.00962387255,6.18890833,0.278319557,0.782705589,1,"Geno_at_37"
"Utp14a","ENSMUSG00000063785.12",-0.00960080027,6.20510245,-0.234934804,0.815879932,1,"Geno_at_37"
"Arhgef2","ENSMUSG00000028059.16",0.00959742753,7.98682837,0.310086645,0.758671732,1,"Geno_at_37"
"Mcpt8","ENSMUSG00000022157.8",-0.00959736244,-0.899245618,-0.0928570331,0.926643919,1,"Geno_at_37"
"Rnmt","ENSMUSG00000009535.13",0.00959653974,6.57961743,0.298948879,0.767071685,1,"Geno_at_37"
"Pcsk7","ENSMUSG00000035382.9",-0.00958585912,5.48481111,-0.221825708,0.825975644,1,"Geno_at_37"
"1300014J16Rik","ENSMUSG00000112545.1",0.00958002271,0.951743405,0.071952887,0.943124259,1,"Geno_at_37"
"Gm37216","ENSMUSG00000102951.1",0.00956553104,-0.696516596,0.0893674647,0.929392916,1,"Geno_at_37"
"Bin2","ENSMUSG00000098112.8",0.00956550625,7.23621494,0.195016616,0.846934948,1,"Geno_at_37"
"Gm15983","ENSMUSG00000087168.1",0.00955677949,0.299272332,0.0755458925,0.940289586,1,"Geno_at_37"
"Toe1","ENSMUSG00000028688.13",0.00955098694,4.70056729,0.234728307,0.816038717,1,"Geno_at_37"
"Baz1a","ENSMUSG00000035021.13",0.00954675184,7.64547627,0.316859991,0.753577895,1,"Geno_at_37"
"Stat5a","ENSMUSG00000004043.14",-0.00954633076,7.95593061,-0.312079384,0.757171954,1,"Geno_at_37"
"Rhd","ENSMUSG00000028825.7",0.00954136997,0.0701525286,0.0694360743,0.945110331,1,"Geno_at_37"
"Fsbp","ENSMUSG00000094595.1",-0.00953975201,2.07596542,-0.104438806,0.917526869,1,"Geno_at_37"
"Csf2ra","ENSMUSG00000059326.7",-0.00953398371,4.49792133,-0.187426852,0.852607141,1,"Geno_at_37"
"Ddx27","ENSMUSG00000017999.16",0.00953058622,7.17809651,0.302756338,0.764196854,1,"Geno_at_37"
"Gm48372","ENSMUSG00000111539.1",-0.00952958816,-0.366329201,-0.0730302318,0.942274215,1,"Geno_at_37"
"Ccnh","ENSMUSG00000021548.10",-0.00952850056,5.88484548,-0.258296884,0.797968578,1,"Geno_at_37"
"4921515L22Rik","ENSMUSG00000112406.1",-0.00952707637,0.507239941,-0.0688175869,0.945598448,1,"Geno_at_37"
"Wdr74","ENSMUSG00000042729.11",-0.00952311673,5.81624944,-0.257714283,0.798413937,1,"Geno_at_37"
"Chmp2a","ENSMUSG00000033916.5",-0.00952195537,6.47907187,-0.304331976,0.763008161,1,"Geno_at_37"
"Vps52","ENSMUSG00000024319.18",-0.00952083982,6.44585335,-0.256637332,0.799237375,1,"Geno_at_37"
"Rnf31","ENSMUSG00000047098.18",-0.00952015964,6.04873546,-0.239626242,0.812274609,1,"Geno_at_37"
"Edn1","ENSMUSG00000021367.8",-0.00951298033,-0.74960042,-0.108941437,0.91398545,1,"Geno_at_37"
"Sptssa","ENSMUSG00000044408.7",0.00950620434,5.84839747,0.238081804,0.813461036,1,"Geno_at_37"
"Snrpd1","ENSMUSG00000002477.5",-0.00950261188,6.50075057,-0.253095572,0.801947057,1,"Geno_at_37"
"Gm36070","ENSMUSG00000105708.1",0.00949501257,1.88941788,0.0946038771,0.925268142,1,"Geno_at_37"
"Lsm4","ENSMUSG00000031848.15",0.00949067209,6.9044562,0.248688038,0.805322612,1,"Geno_at_37"
"Gm6158","ENSMUSG00000090381.2",-0.00949066646,5.16688084,-0.171744288,0.864809462,1,"Geno_at_37"
"Ints6l","ENSMUSG00000035967.15",-0.0094828234,6.5441007,-0.153497877,0.879454022,1,"Geno_at_37"
"Ddx10","ENSMUSG00000053289.8",-0.00948219733,6.61050915,-0.333631915,0.741013592,1,"Geno_at_37"
"Acod1","ENSMUSG00000022126.6",0.00947820369,-0.145090924,0.079871621,0.936877897,1,"Geno_at_37"
"Rfc2","ENSMUSG00000023104.9",0.00946681381,6.63360809,0.285221241,0.777464513,1,"Geno_at_37"
"Mtmr3","ENSMUSG00000034354.17",-0.00945712706,8.35598629,-0.231712494,0.818446193,1,"Geno_at_37"
"Med10","ENSMUSG00000021598.9",0.00945544029,5.7974284,0.277423839,0.783386556,1,"Geno_at_37"
"Lef1","ENSMUSG00000027985.14",0.00944243166,6.66517897,0.226721527,0.822201584,1,"Geno_at_37"
"Sema4a","ENSMUSG00000028064.17",0.00944098377,4.16789584,0.0647012216,0.949171733,1,"Geno_at_37"
"1810009J06Rik","ENSMUSG00000094808.2",0.00943455855,-0.931850255,0.123112251,0.902851849,1,"Geno_at_37"
"Gm16578","ENSMUSG00000090016.1",0.00943018925,-0.882313449,0.106927593,0.915569166,1,"Geno_at_37"
"Rufy3","ENSMUSG00000029291.11",0.00942910754,5.41382842,0.271574962,0.787837414,1,"Geno_at_37"
"Rbm6","ENSMUSG00000032582.14",0.00942047223,7.16976699,0.327743,0.745417077,1,"Geno_at_37"
"Gm37850","ENSMUSG00000102899.1",-0.00942019942,0.877256006,-0.0735518642,0.941862663,1,"Geno_at_37"
"Gm45847","ENSMUSG00000109814.1",-0.00941762376,-0.470930772,-0.0741424444,0.941396733,1,"Geno_at_37"
"Trip13","ENSMUSG00000021569.10",0.00941636345,5.87122641,0.246529881,0.806976855,1,"Geno_at_37"
"Wasf2","ENSMUSG00000028868.13",0.00941526955,8.30054369,0.353859624,0.725956806,1,"Geno_at_37"
"Gm16174","ENSMUSG00000087593.1",0.00940564917,0.780121829,0.0650202839,0.948595787,1,"Geno_at_37"
"AI182371","ENSMUSG00000035875.15",-0.00940453374,0.451467517,-0.0717053413,0.943319586,1,"Geno_at_37"
"Extl3","ENSMUSG00000021978.9",0.00939763703,7.58926396,0.28474474,0.777826025,1,"Geno_at_37"
"Gm4784","ENSMUSG00000082189.1",-0.00938939412,0.894641237,-0.0854065493,0.9325143,1,"Geno_at_37"
"Clspn","ENSMUSG00000042489.15",0.00938132731,7.21109809,0.247270833,0.806408807,1,"Geno_at_37"
"Tbck","ENSMUSG00000028030.12",-0.00937417931,4.46132252,-0.171239026,0.865203179,1,"Geno_at_37"
"Arid3b","ENSMUSG00000004661.15",-0.00937326903,5.16736413,-0.168149269,0.86761158,1,"Geno_at_37"
"Gnb1l","ENSMUSG00000000884.17",0.0093726099,2.67275773,0.136470394,0.892375061,1,"Geno_at_37"
"Gm42866","ENSMUSG00000105179.1",0.00936516622,-0.325832682,0.0851284964,0.932733461,1,"Geno_at_37"
"Dctn1","ENSMUSG00000031865.16",0.00936495796,6.93168841,0.268542448,0.790147968,1,"Geno_at_37"
"5730522E02Rik","ENSMUSG00000032985.15",-0.00936448869,-0.844527559,-0.114131263,0.90990577,1,"Geno_at_37"
"Aasdh","ENSMUSG00000055923.16",0.00936432476,4.39096754,0.169171163,0.86681489,1,"Geno_at_37"
"Ncoa6","ENSMUSG00000038369.14",0.00936024943,6.74197081,0.314887378,0.75506023,1,"Geno_at_37"
"Nub1","ENSMUSG00000028954.11",-0.00935964614,7.03342585,-0.27331395,0.786513317,1,"Geno_at_37"
"Gm12856","ENSMUSG00000084133.1",0.00935702352,2.0297634,0.0967789297,0.923555445,1,"Geno_at_37"
"Trbj2-1","ENSMUSG00000076492.1",-0.00935318488,1.7796909,-0.0936698442,0.926003738,1,"Geno_at_37"
"Nmt1","ENSMUSG00000020936.8",0.00934763384,6.99880271,0.341022394,0.735499913,1,"Geno_at_37"
"Drc1","ENSMUSG00000073102.7",-0.00933961296,5.50906656,-0.111708908,0.912233183,1,"Geno_at_37"
"BC002059","ENSMUSG00000060149.7",0.00933877595,3.61885209,0.145208171,0.885532572,1,"Geno_at_37"
"Add1","ENSMUSG00000029106.14",-0.00932013216,8.00204438,-0.37907276,0.707344427,1,"Geno_at_37"
"Nifk","ENSMUSG00000026377.12",0.00931701195,6.70317111,0.237462042,0.81393726,1,"Geno_at_37"
"Crtc1","ENSMUSG00000003575.13",-0.00931422283,4.68237654,-0.170995477,0.865392973,1,"Geno_at_37"
"Zfp809","ENSMUSG00000057982.8",-0.00930200955,5.20905413,-0.193571396,0.8478361,1,"Geno_at_37"
"Cdkn2aipnl","ENSMUSG00000020392.8",0.00929742437,6.63153155,0.284465868,0.778037623,1,"Geno_at_37"
"Lyrm4","ENSMUSG00000046573.7",0.00929443795,3.48798801,0.156505539,0.876699048,1,"Geno_at_37"
"Alkbh7","ENSMUSG00000002661.14",-0.0092939275,2.74441716,-0.122960018,0.902971351,1,"Geno_at_37"
"Rhbdf2","ENSMUSG00000020806.15",-0.00929211282,4.36687838,-0.149154341,0.882445261,1,"Geno_at_37"
"Mpzl3","ENSMUSG00000070305.10",0.00929051079,5.00008678,0.156263575,0.876903395,1,"Geno_at_37"
"Hdac2","ENSMUSG00000019777.16",-0.00929043168,7.07432183,-0.316611061,0.753764904,1,"Geno_at_37"
"Cd320","ENSMUSG00000002308.16",0.00928344056,3.46016502,0.148421474,0.883018484,1,"Geno_at_37"
"Arfgap1","ENSMUSG00000027575.19",0.00927760003,6.13068953,0.300603044,0.765822287,1,"Geno_at_37"
"Gm13461","ENSMUSG00000081999.3",0.0092755744,7.2634102,0.281115977,0.780580748,1,"Geno_at_37"
"Rbbp7","ENSMUSG00000031353.13",-0.00927357419,8.89631076,-0.374249309,0.710891333,1,"Geno_at_37"
"Flvcr1","ENSMUSG00000066595.9",0.0092711298,5.23852588,0.24266997,0.809937766,1,"Geno_at_37"
"Ldha-ps2","ENSMUSG00000083836.1",-0.00927101646,3.93893256,-0.14335118,0.886986035,1,"Geno_at_37"
"Zfp180","ENSMUSG00000057101.8",0.00926717324,5.40986208,0.191715412,0.849276603,1,"Geno_at_37"
"Tyms","ENSMUSG00000025747.12",-0.00926627106,6.638473,-0.236548676,0.81463922,1,"Geno_at_37"
"Tomm34","ENSMUSG00000018322.10",-0.00924563863,6.37514361,-0.264274011,0.793403489,1,"Geno_at_37"
"Mrpl28","ENSMUSG00000024181.9",0.00924371845,5.46899575,0.261739192,0.795338583,1,"Geno_at_37"
"Mcm7","ENSMUSG00000029730.16",0.00924277895,8.59610723,0.257580021,0.798516581,1,"Geno_at_37"
"Gan","ENSMUSG00000052557.11",-0.00924014444,5.50671123,-0.286210811,0.776713908,1,"Geno_at_37"
"Dars","ENSMUSG00000026356.15",0.00923919861,7.25460487,0.334918544,0.740052685,1,"Geno_at_37"
"Gm5446","ENSMUSG00000050243.6",-0.00923220482,4.64462265,-0.215139215,0.831136909,1,"Geno_at_37"
"Tsc22d2","ENSMUSG00000027806.9",0.00922843326,5.73652137,0.169897775,0.866334295,1,"Geno_at_37"
"Gm27194","ENSMUSG00000098292.1",-0.00922511738,-0.701832427,-0.0868574499,0.931370794,1,"Geno_at_37"
"Micu1","ENSMUSG00000020111.15",0.00921833817,4.85085397,0.206807315,0.83757896,1,"Geno_at_37"
"Exoc5","ENSMUSG00000061244.14",0.00921535945,7.29541282,0.243901401,0.808992831,1,"Geno_at_37"
"Atp5a1","ENSMUSG00000025428.15",-0.00921471636,9.58546456,-0.352748367,0.726781166,1,"Geno_at_37"
"Ift27","ENSMUSG00000016637.7",-0.00921419742,3.84844912,-0.158691345,0.87499177,1,"Geno_at_37"
"Golga2","ENSMUSG00000002546.17",-0.00921419231,6.24247419,-0.261178904,0.795766489,1,"Geno_at_37"
"Luc7l","ENSMUSG00000024188.16",0.00920512568,7.12006285,0.269065293,0.789749459,1,"Geno_at_37"
"Phb2","ENSMUSG00000004264.17",-0.00920453285,7.73839451,-0.291342973,0.772824611,1,"Geno_at_37"
"Usp40","ENSMUSG00000005501.14",-0.00920043787,5.00966023,-0.175241618,0.862085202,1,"Geno_at_37"
"Gm9891","ENSMUSG00000115641.1",0.00918194156,-0.767665064,0.0898838582,0.928986057,1,"Geno_at_37"
"Brd7","ENSMUSG00000031660.13",0.00917574184,6.56156212,0.317937924,0.752768278,1,"Geno_at_37"
"Cyp51","ENSMUSG00000001467.5",-0.00917024335,8.90203951,-0.143869446,0.887200909,1,"Geno_at_37"
"Rbx1","ENSMUSG00000022400.9",-0.00916954945,5.68950227,-0.229470332,0.82008449,1,"Geno_at_37"
"Gm10231","ENSMUSG00000068120.4",0.00916940002,1.08891898,0.0715382877,0.943451403,1,"Geno_at_37"
"Lmbr1","ENSMUSG00000010721.15",-0.00916315046,2.60170862,-0.120819599,0.90465182,1,"Geno_at_37"
"Xpr1","ENSMUSG00000026469.14",0.00916278292,7.10734838,0.252964499,0.802047385,1,"Geno_at_37"
"Rfx1","ENSMUSG00000031706.7",-0.00916062224,5.6779323,-0.196130604,0.845850674,1,"Geno_at_37"
"Plk1","ENSMUSG00000030867.7",-0.00916029854,6.74021617,-0.251046705,0.803515724,1,"Geno_at_37"
"Sephs2","ENSMUSG00000049091.6",-0.00916023146,5.63643238,-0.20845653,0.836302897,1,"Geno_at_37"
"Cdkn1a","ENSMUSG00000023067.14",-0.00915928917,6.78593499,-0.101841287,0.920083412,1,"Geno_at_37"
"C920009B18Rik","ENSMUSG00000097352.7",0.00915901886,4.34796498,0.168420855,0.867399832,1,"Geno_at_37"
"Dhrs7c","ENSMUSG00000033044.12",-0.00915850171,-0.973810088,-0.130733206,0.896872431,1,"Geno_at_37"
"Dcakd","ENSMUSG00000020935.8",-0.00915715537,4.66080811,-0.210118464,0.83501745,1,"Geno_at_37"
"Mxd3","ENSMUSG00000021485.14",0.00915664375,4.39925028,0.193447801,0.847932011,1,"Geno_at_37"
"Ldhd","ENSMUSG00000031958.16",-0.00915144783,2.03011645,-0.0802563134,0.936574549,1,"Geno_at_37"
"Polr2f","ENSMUSG00000033020.7",-0.00914216565,5.53719234,-0.206334378,0.837944972,1,"Geno_at_37"
"Gm23251","ENSMUSG00000076961.1",0.00912972848,-0.587425606,0.0838700359,0.933725441,1,"Geno_at_37"
"Gm43071","ENSMUSG00000105272.1",-0.0091279454,2.45910675,-0.102967718,0.918684288,1,"Geno_at_37"
"Tesmin","ENSMUSG00000024905.15",0.00911807746,-0.301458397,0.0768764207,0.939240077,1,"Geno_at_37"
"Sfn","ENSMUSG00000047281.3",0.00911551945,5.02115749,0.162023197,0.872390525,1,"Geno_at_37"
"Luc7l2","ENSMUSG00000029823.16",-0.00911117672,9.26576596,-0.187572469,0.852957298,1,"Geno_at_37"
"Mtln","ENSMUSG00000051319.6",0.00910703487,2.56173605,0.115337591,0.908957839,1,"Geno_at_37"
"Shoc2","ENSMUSG00000024976.14",0.00910693425,6.34857083,0.288624578,0.774883948,1,"Geno_at_37"
"Gpr174","ENSMUSG00000073008.11",0.00910357948,4.09541331,0.123725659,0.902378432,1,"Geno_at_37"
"Gm11821","ENSMUSG00000081884.1",0.00910223359,0.143781215,0.0760533851,0.939889267,1,"Geno_at_37"
"Fkbp2","ENSMUSG00000056629.16",0.00909541631,4.95719493,0.152318005,0.879981815,1,"Geno_at_37"
"Vipr2","ENSMUSG00000011171.11",-0.00908872803,0.331614935,-0.0613246134,0.951513639,1,"Geno_at_37"
"Mrpl39","ENSMUSG00000022889.7",0.00908196418,5.28190953,0.220959178,0.826644073,1,"Geno_at_37"
"Vps29","ENSMUSG00000029462.18",0.00908015147,5.86999893,0.253063321,0.801971743,1,"Geno_at_37"
"Ubxn2a","ENSMUSG00000020634.12",0.0090726649,5.93635882,0.266268793,0.791881601,1,"Geno_at_37"
"Usp4","ENSMUSG00000032612.14",0.00907138849,7.48465393,0.34417178,0.733154635,1,"Geno_at_37"
"B4gat1","ENSMUSG00000047379.7",-0.00906980418,-0.677618981,-0.0843842329,0.933320112,1,"Geno_at_37"
"Ice1","ENSMUSG00000034525.7",-0.00906451548,7.14858464,-0.288155316,0.775239609,1,"Geno_at_37"
"Ube2g1","ENSMUSG00000020794.13",-0.00906370874,6.36231923,-0.225784443,0.822923626,1,"Geno_at_37"
"9930021J03Rik","ENSMUSG00000046138.15",-0.00905875459,5.96565851,-0.162138003,0.872465627,1,"Geno_at_37"
"Oat","ENSMUSG00000030934.9",0.00905733613,6.97885668,0.293983183,0.770826112,1,"Geno_at_37"
"Sprtn","ENSMUSG00000031986.6",-0.00904577142,5.80269551,-0.150855364,0.88132661,1,"Geno_at_37"
"Asic3","ENSMUSG00000038276.12",-0.00904516511,0.39139637,-0.0766857564,0.939390465,1,"Geno_at_37"
"Abhd16a","ENSMUSG00000007036.15",-0.00904295251,4.9344691,-0.219486379,0.827780471,1,"Geno_at_37"
"Adnp2","ENSMUSG00000053950.10",-0.00903368692,5.6216854,-0.238830494,0.812885841,1,"Geno_at_37"
"Neurl1b","ENSMUSG00000034413.14",0.00902787296,2.8757166,0.126717544,0.900022384,1,"Geno_at_37"
"Nadsyn1","ENSMUSG00000031090.14",-0.00902560811,3.31103836,-0.146009522,0.88490548,1,"Geno_at_37"
"Syce2","ENSMUSG00000003824.12",0.00902383711,4.79053068,0.0888199378,0.930186062,1,"Geno_at_37"
"Hjurp","ENSMUSG00000044783.16",0.00902114328,8.77562657,0.322190263,0.749577212,1,"Geno_at_37"
"Wdhd1","ENSMUSG00000037572.17",-0.00900916617,7.06463213,-0.256268625,0.799519342,1,"Geno_at_37"
"Gm7785","ENSMUSG00000083064.1",0.00900752326,3.39631681,0.13597049,0.892766792,1,"Geno_at_37"
"Tmx1","ENSMUSG00000021072.12",0.00900683707,6.71841671,0.258400389,0.797889462,1,"Geno_at_37"
"Ttc19","ENSMUSG00000042298.18",-0.00900656211,4.64178534,-0.194645896,0.847002382,1,"Geno_at_37"
"Kcnab2","ENSMUSG00000028931.12",-0.0090064373,7.62616206,-0.302286104,0.764551721,1,"Geno_at_37"
"Gm18722","ENSMUSG00000116348.1",0.00900123032,2.42808175,0.107715317,0.914949646,1,"Geno_at_37"
"Agpat5","ENSMUSG00000031467.10",-0.0089902101,6.38759706,-0.22842829,0.820886896,1,"Geno_at_37"
"Nek2","ENSMUSG00000026622.15",-0.00898721489,6.62771189,-0.251262661,0.803350343,1,"Geno_at_37"
"Sin3b","ENSMUSG00000031622.16",-0.00898646567,6.69589581,-0.2881939,0.775210363,1,"Geno_at_37"
"Gm8546","ENSMUSG00000094463.2",0.00898570737,3.67463183,0.12398654,0.902165579,1,"Geno_at_37"
"Tifa","ENSMUSG00000046688.14",0.00897945205,0.279323191,0.0887543964,0.929875969,1,"Geno_at_37"
"Ppp3cc","ENSMUSG00000022092.11",0.00897479728,5.76692307,0.187461367,0.852580325,1,"Geno_at_37"
"Itgb7","ENSMUSG00000001281.10",-0.00895959989,7.42791914,-0.249804618,0.804467104,1,"Geno_at_37"
"Clk2","ENSMUSG00000068917.12",-0.00895741429,6.38061425,-0.200895965,0.842156473,1,"Geno_at_37"
"Camta2","ENSMUSG00000040712.16",0.00895618157,4.63705088,0.160358501,0.873690008,1,"Geno_at_37"
"Uhrf2","ENSMUSG00000024817.13",-0.00894920591,7.15948741,-0.267674785,0.790809421,1,"Geno_at_37"
"Acmsd","ENSMUSG00000026348.7",0.00893718591,-0.747171066,0.0842400212,0.933433789,1,"Geno_at_37"
"Caap1","ENSMUSG00000028578.8",0.0089326713,4.46164125,0.199904633,0.842924675,1,"Geno_at_37"
"Mapkap1","ENSMUSG00000038696.14",0.00893183894,5.58079122,0.22198404,0.825853523,1,"Geno_at_37"
"Ncoa4-ps","ENSMUSG00000021908.10",-0.008930251,4.93502216,-0.177615234,0.860237243,1,"Geno_at_37"
"Rmdn3","ENSMUSG00000070730.11",-0.00892793829,6.06191618,-0.242429569,0.810122271,1,"Geno_at_37"
"Ss18l2","ENSMUSG00000032526.11",-0.00892000192,3.12810793,-0.135354677,0.893249389,1,"Geno_at_37"
"Akr1a1","ENSMUSG00000028692.14",-0.00891930884,7.86895005,-0.328640737,0.744745217,1,"Geno_at_37"
"Trps1","ENSMUSG00000038679.16",-0.00891719547,5.62703199,-0.24876744,0.805261767,1,"Geno_at_37"
"Gm38257","ENSMUSG00000102258.1",0.00891322951,0.280635497,0.0636025223,0.949715072,1,"Geno_at_37"
"Coq2","ENSMUSG00000029319.8",-0.00891239479,5.54313367,-0.243595591,0.809227465,1,"Geno_at_37"
"Atcay","ENSMUSG00000034958.11",-0.00890859531,2.35622269,-0.0996406647,0.921302605,1,"Geno_at_37"
"Dlst","ENSMUSG00000004789.10",-0.00889501354,7.41460834,-0.326115768,0.746635404,1,"Geno_at_37"
"Tmem8","ENSMUSG00000024180.14",-0.00889144682,3.30434746,-0.108561647,0.914284096,1,"Geno_at_37"
"Vdac1","ENSMUSG00000020402.11",-0.00888856764,8.22831837,-0.243745482,0.809112459,1,"Geno_at_37"
"Ppie","ENSMUSG00000028651.12",0.00887061012,5.71060091,0.267349344,0.791057559,1,"Geno_at_37"
"Mfsd13a","ENSMUSG00000025227.14",0.00886656097,3.68299046,0.129968697,0.897471995,1,"Geno_at_37"
"Zfpl1","ENSMUSG00000024792.9",0.00886447573,4.33716445,0.161977733,0.87242601,1,"Geno_at_37"
"Shprh","ENSMUSG00000090112.8",0.00886218428,6.19193704,0.224294359,0.82407209,1,"Geno_at_37"
"Mta2","ENSMUSG00000071646.9",0.00886144868,8.27021457,0.381108343,0.705849565,1,"Geno_at_37"
"E2f3","ENSMUSG00000016477.18",0.00884601512,6.11604758,0.264704201,0.793075212,1,"Geno_at_37"
"Tars","ENSMUSG00000022241.6",0.00884111498,7.45881127,0.308810861,0.759632415,1,"Geno_at_37"
"Hmgn5","ENSMUSG00000031245.8",0.00883915645,6.68156973,0.115712536,0.909160626,1,"Geno_at_37"
"Dram2","ENSMUSG00000027900.15",-0.00883754363,4.72062584,-0.177010235,0.860708184,1,"Geno_at_37"
"Ippk","ENSMUSG00000021385.10",-0.00883745351,4.67705584,-0.168656393,0.867216198,1,"Geno_at_37"
"Man1a","ENSMUSG00000003746.16",0.00883691986,6.24484249,0.227424622,0.821659939,1,"Geno_at_37"
"Ctc1","ENSMUSG00000020898.18",-0.00883663404,6.10607018,-0.214268042,0.831809931,1,"Geno_at_37"
"Trappc11","ENSMUSG00000038102.15",-0.00883605365,6.08209001,-0.263891676,0.79369528,1,"Geno_at_37"
"Pdcd10","ENSMUSG00000027835.11",0.00882519542,5.36121018,0.189357077,0.851107763,1,"Geno_at_37"
"Cant1","ENSMUSG00000025575.14",-0.00882046539,6.16596818,-0.275871638,0.784567025,1,"Geno_at_37"
"Gm47469","ENSMUSG00000113047.1",-0.00881812418,2.44205344,-0.0818528568,0.935315705,1,"Geno_at_37"
"Trmt11","ENSMUSG00000019792.8",-0.0088129654,4.68155859,-0.202252359,0.841105633,1,"Geno_at_37"
"Srsf11","ENSMUSG00000055436.18",-0.00880619609,8.54993309,-0.311301277,0.75775746,1,"Geno_at_37"
"Mbtps1","ENSMUSG00000031835.16",0.00880552397,7.19493271,0.319908993,0.75128858,1,"Geno_at_37"
"Slc25a32","ENSMUSG00000022299.9",0.00880434329,5.02120657,0.16839726,0.867418228,1,"Geno_at_37"
"Stil","ENSMUSG00000028718.16",-0.00880183794,6.67308945,-0.230944523,0.818949654,1,"Geno_at_37"
"Gm23136","ENSMUSG00000095868.1",0.00879916481,0.823989567,0.0599010171,0.952637799,1,"Geno_at_37"
"Usp7","ENSMUSG00000022710.17",-0.00879520603,8.3359207,-0.353424154,0.726279809,1,"Geno_at_37"
"Gm43820","ENSMUSG00000106062.1",-0.00878789233,-0.0127911317,-0.0643152091,0.949152412,1,"Geno_at_37"
"Pnpla6","ENSMUSG00000004565.15",-0.00878673409,5.11341903,-0.158630524,0.875039268,1,"Geno_at_37"
"Kdm7a","ENSMUSG00000042599.8",0.00878642377,5.91525189,0.18273398,0.856254838,1,"Geno_at_37"
"Fbxo21","ENSMUSG00000032898.9",-0.00878484185,5.20514156,-0.228143999,0.821105843,1,"Geno_at_37"
"Pomt2","ENSMUSG00000034126.5",0.0087847025,4.24695138,0.158656824,0.875018729,1,"Geno_at_37"
"Pten","ENSMUSG00000013663.7",-0.00878076637,6.618838,-0.263044279,0.794342107,1,"Geno_at_37"
"Brwd1","ENSMUSG00000022914.17",0.00877820288,6.51340727,0.276884405,0.783796743,1,"Geno_at_37"
"Taok2","ENSMUSG00000059981.12",0.00877265118,6.73504406,0.218781503,0.828324482,1,"Geno_at_37"
"Gm38411","ENSMUSG00000104669.1",0.0087712774,1.25710268,0.079138771,0.93745581,1,"Geno_at_37"
"Gin1","ENSMUSG00000026333.14",0.00877012127,3.89143508,0.15441233,0.878334565,1,"Geno_at_37"
"Dhx8","ENSMUSG00000034931.15",-0.00876831729,6.34777675,-0.304550697,0.7628432,1,"Geno_at_37"
"Haus2","ENSMUSG00000027285.13",-0.00876515536,4.96413369,-0.182946327,0.856089714,1,"Geno_at_37"
"Capza1","ENSMUSG00000070372.11",-0.00875873786,7.61590756,-0.316999292,0.753473253,1,"Geno_at_37"
"Serbp1","ENSMUSG00000036371.6",-0.00875703617,9.83347407,-0.341413685,0.735208386,1,"Geno_at_37"
"Rangap1","ENSMUSG00000022391.16",0.00875579355,8.28366429,0.256767189,0.799138073,1,"Geno_at_37"
"2610021A01Rik","ENSMUSG00000091474.2",0.00875393225,4.86917258,0.207020421,0.837414045,1,"Geno_at_37"
"Wdr4","ENSMUSG00000024037.13",0.0087532804,5.75898559,0.21870398,0.828384318,1,"Geno_at_37"
"Gm26935","ENSMUSG00000098146.1",0.00875052805,-0.19999728,0.0771448528,0.939028353,1,"Geno_at_37"
"Gm4258","ENSMUSG00000098243.3",-0.0087499152,-0.151950712,-0.0731994554,0.942140701,1,"Geno_at_37"
"Eif1b","ENSMUSG00000006941.5",-0.00874553227,5.50081386,-0.207139363,0.837322004,1,"Geno_at_37"
"Gm38250","ENSMUSG00000104168.1",-0.00873725945,0.48386548,-0.0687370995,0.945661971,1,"Geno_at_37"
"Ift43","ENSMUSG00000007867.9",-0.00873126282,1.56273838,-0.0843093473,0.933379141,1,"Geno_at_37"
"Trip6","ENSMUSG00000023348.11",-0.00873062748,1.70509805,-0.0903389243,0.928627533,1,"Geno_at_37"
"Gm45051","ENSMUSG00000108435.1",0.00872444613,-0.487157602,0.0954044242,0.924637726,1,"Geno_at_37"
"Trbv13-2","ENSMUSG00000076469.3",0.0087220717,4.67375671,0.174601441,0.862583743,1,"Geno_at_37"
"Nup210","ENSMUSG00000030091.17",0.00872204301,8.53743597,0.284223028,0.778221895,1,"Geno_at_37"
"Psmd13","ENSMUSG00000025487.15",0.00871992357,7.18325133,0.290407275,0.773533265,1,"Geno_at_37"
"Nacc1","ENSMUSG00000001910.5",-0.00871929405,7.55149037,-0.307014045,0.760986105,1,"Geno_at_37"
"Celsr3","ENSMUSG00000023473.13",-0.00871670388,-0.615686543,-0.0806080476,0.936297199,1,"Geno_at_37"
"Gm42930","ENSMUSG00000106940.1",0.00871292326,0.107252528,0.0465464805,0.963257125,1,"Geno_at_37"
"Dpy19l1","ENSMUSG00000043067.15",0.00870857968,6.26601151,0.197835792,0.844528365,1,"Geno_at_37"
"Madd","ENSMUSG00000040687.16",-0.00870727414,7.50247696,-0.270756875,0.788460544,1,"Geno_at_37"
"Ms4a6c","ENSMUSG00000079419.4",0.00870535383,2.52327485,0.0902583973,0.928690976,1,"Geno_at_37"
"Fam32a","ENSMUSG00000003039.9",0.0086932517,6.53640439,0.209911528,0.835177483,1,"Geno_at_37"
"Gtf2b","ENSMUSG00000028271.9",0.00869062024,6.06552804,0.250075489,0.804259604,1,"Geno_at_37"
"Zfp444","ENSMUSG00000044876.15",-0.00868804494,4.94084654,-0.20073598,0.842280438,1,"Geno_at_37"
"Ammecr1l","ENSMUSG00000041915.9",0.00867460326,5.44924418,0.203159583,0.840402945,1,"Geno_at_37"
"Gpx3","ENSMUSG00000018339.11",0.00867374351,1.35736262,0.0738175446,0.941653055,1,"Geno_at_37"
"Gm45293","ENSMUSG00000110325.1",-0.00866512158,-0.643219513,-0.0860297941,0.932023081,1,"Geno_at_37"
"Sap18b","ENSMUSG00000061104.5",-0.00866487206,5.7192997,-0.197012246,0.845166937,1,"Geno_at_37"
"Krcc1","ENSMUSG00000053012.17",-0.00866287407,5.67512097,-0.212239734,0.833377398,1,"Geno_at_37"
"Gclc","ENSMUSG00000032350.9",0.00865692062,5.94296578,0.191677027,0.849306401,1,"Geno_at_37"
"Xrcc1","ENSMUSG00000051768.9",-0.00865142764,5.89051018,-0.255766475,0.799903404,1,"Geno_at_37"
"Taf1c","ENSMUSG00000031832.15",0.00865071572,4.77419502,0.181297952,0.85737169,1,"Geno_at_37"
"Gm3531","ENSMUSG00000089782.1",0.00864797443,8.06914506,0.281411949,0.780355956,1,"Geno_at_37"
"Tpcn1","ENSMUSG00000032741.9",0.0086476602,5.53180869,0.172102896,0.864530045,1,"Geno_at_37"
"Mpp5","ENSMUSG00000021112.9",-0.00864399974,5.32815917,-0.226542777,0.822339302,1,"Geno_at_37"
"Gfpt1","ENSMUSG00000029992.14",0.00864131179,5.77023952,0.210973372,0.83435639,1,"Geno_at_37"
"Gm45286","ENSMUSG00000109787.1",0.00863677763,0.496217063,0.0618931864,0.951064686,1,"Geno_at_37"
"Rnf111","ENSMUSG00000032217.13",0.00862612484,6.38831873,0.208257917,0.836456547,1,"Geno_at_37"
"Ppp3cb","ENSMUSG00000021816.11",-0.00862324862,7.35255953,-0.264310612,0.793375558,1,"Geno_at_37"
"Ywhab","ENSMUSG00000018326.9",-0.00861472266,8.2446437,-0.333460259,0.741141824,1,"Geno_at_37"
"Ptp4a2","ENSMUSG00000028788.14",-0.00861068142,8.27419723,-0.291852499,0.772438803,1,"Geno_at_37"
"Gm4800","ENSMUSG00000111759.1",-0.00860892101,-0.528457883,-0.0813924911,0.935678677,1,"Geno_at_37"
"Ormdl1","ENSMUSG00000026097.9",0.00860263105,4.41175854,0.201101066,0.841997556,1,"Geno_at_37"
"Sf3a1","ENSMUSG00000002129.11",0.00860213513,7.8691613,0.34226109,0.734577173,1,"Geno_at_37"
"Uckl1","ENSMUSG00000089917.7",-0.00860072844,4.84178652,-0.182370514,0.856537491,1,"Geno_at_37"
"Cenpw","ENSMUSG00000075266.5",0.00859769671,4.00235184,0.150189819,0.881635458,1,"Geno_at_37"
"Nr2f6","ENSMUSG00000002393.14",0.00858904401,2.40642451,0.0980846643,0.922527452,1,"Geno_at_37"
"Vps36","ENSMUSG00000031479.9",0.0085861249,6.36059299,0.27968528,0.78166764,1,"Geno_at_37"
"Gm5605","ENSMUSG00000109181.1",0.00858529927,0.0591566159,0.0656399441,0.948106615,1,"Geno_at_37"
"Id3","ENSMUSG00000007872.3",-0.00857326825,4.3679685,-0.124193878,0.9020127,1,"Geno_at_37"
"Unc119b","ENSMUSG00000046562.5",0.00857152128,6.19729863,0.22541111,0.82321133,1,"Geno_at_37"
"Lin7c","ENSMUSG00000027162.7",0.0085685622,6.90783866,0.214324852,0.831766039,1,"Geno_at_37"
"Zcchc4","ENSMUSG00000029179.14",0.00856245973,4.84926381,0.176455016,0.861140421,1,"Geno_at_37"
"Flna","ENSMUSG00000031328.16",0.00856108273,9.70275282,0.302974165,0.764032486,1,"Geno_at_37"
"Cdkn3","ENSMUSG00000037628.10",0.00855954442,4.1448997,0.125013744,0.901359377,1,"Geno_at_37"
"Sytl2","ENSMUSG00000030616.16",-0.00855700864,1.26781608,-0.0630038262,0.950187759,1,"Geno_at_37"
"Gm49338","ENSMUSG00000111128.1",-0.00854948527,2.32692583,-0.0936544349,0.926015874,1,"Geno_at_37"
"Casp6","ENSMUSG00000027997.9",-0.00853237785,4.17374313,-0.14875017,0.882761381,1,"Geno_at_37"
"Men1","ENSMUSG00000024947.17",-0.00852528903,6.07852883,-0.197437076,0.844837514,1,"Geno_at_37"
"Psmc4","ENSMUSG00000030603.16",-0.00852150469,7.20358636,-0.268718041,0.790014125,1,"Geno_at_37"
"Ociad2","ENSMUSG00000029153.11",0.00851308721,2.68496286,0.0991197176,0.921712661,1,"Geno_at_37"
"Rsrc1","ENSMUSG00000034544.17",-0.00851278249,5.39439467,-0.221039356,0.826582219,1,"Geno_at_37"
"Zfp608","ENSMUSG00000052713.9",-0.00851161053,5.92543195,-0.180487146,0.858002417,1,"Geno_at_37"
"Akap1","ENSMUSG00000018428.15",0.0085114606,5.37249206,0.230469334,0.819315412,1,"Geno_at_37"
"Cinp","ENSMUSG00000021276.10",-0.00850186434,6.01870884,-0.242678309,0.809931366,1,"Geno_at_37"
"Gm48086","ENSMUSG00000112229.1",0.00849962091,2.02927685,0.101873607,0.919545229,1,"Geno_at_37"
"Cfi","ENSMUSG00000058952.12",0.00849873343,-0.764937214,0.0906601229,0.928374486,1,"Geno_at_37"
"Cad","ENSMUSG00000013629.16",0.00849810016,7.83943159,0.143316027,0.887483037,1,"Geno_at_37"
"Ankrd39","ENSMUSG00000079610.9",-0.00849482075,3.60442639,-0.102244636,0.919257006,1,"Geno_at_37"
"Slx4","ENSMUSG00000039738.16",-0.00849481736,6.28222093,-0.269237784,0.789618,1,"Geno_at_37"
"Nfatc3","ENSMUSG00000031902.10",0.00848700697,7.5200059,0.291473407,0.772725842,1,"Geno_at_37"
"Rps6-ps4","ENSMUSG00000081406.4",-0.00848391174,9.50618859,-0.348418611,0.729996261,1,"Geno_at_37"
"Gm42636","ENSMUSG00000104682.1",-0.00848283837,0.890196814,-0.0664721831,0.947449661,1,"Geno_at_37"
"Fat2","ENSMUSG00000055333.14",-0.00848028533,-0.267403162,-0.0507700228,0.959906203,1,"Geno_at_37"
"Mrps21","ENSMUSG00000054312.6",0.00847683282,5.26653304,0.200479806,0.842478943,1,"Geno_at_37"
"Gm4737","ENSMUSG00000048087.6",-0.00847365431,6.85306966,-0.277178746,0.783572918,1,"Geno_at_37"
"Fank1","ENSMUSG00000053111.13",-0.00847327953,-0.0976548718,-0.0682898013,0.946015,1,"Geno_at_37"
"Gm15446","ENSMUSG00000090015.8",-0.00845922423,4.07604092,-0.142611928,0.887564758,1,"Geno_at_37"
"Tjp2","ENSMUSG00000024812.11",0.00845675958,6.00778397,0.177775919,0.860112172,1,"Geno_at_37"
"Pafah1b1","ENSMUSG00000020745.15",-0.0084546507,8.01878127,-0.292565061,0.771899358,1,"Geno_at_37"
"Sra1","ENSMUSG00000006050.12",0.00845412291,5.67215827,0.216064056,0.830422567,1,"Geno_at_37"
"Cxxc1","ENSMUSG00000024560.7",-0.00844581832,6.73085149,-0.243277377,0.809471637,1,"Geno_at_37"
"2010008C14Rik","ENSMUSG00000107761.1",-0.00844460596,0.97056754,-0.0580272788,0.95411757,1,"Geno_at_37"
"Smad4","ENSMUSG00000024515.13",0.00844442164,6.57768458,0.281291311,0.780447579,1,"Geno_at_37"
"Mrpl22","ENSMUSG00000020514.8",0.00843571134,3.81308119,0.157489213,0.87593065,1,"Geno_at_37"
"Klhl41","ENSMUSG00000075307.3",-0.00842941095,-0.740431126,-0.0953544054,0.924677114,1,"Geno_at_37"
"Hyal1","ENSMUSG00000010051.15",-0.00842426741,0.611826038,-0.0774562612,0.938782738,1,"Geno_at_37"
"Ankib1","ENSMUSG00000040351.11",0.00841845836,6.54567305,0.251365997,0.80327121,1,"Geno_at_37"
"Hgs","ENSMUSG00000025793.17",-0.00841678641,5.94843152,-0.194382656,0.847206616,1,"Geno_at_37"
"Dhcr7","ENSMUSG00000058454.15",-0.00841526539,6.0124807,-0.160274593,0.873844269,1,"Geno_at_37"
"Vav1","ENSMUSG00000034116.17",-0.00841067533,7.53031428,-0.231602887,0.818442972,1,"Geno_at_37"
"Chmp1b","ENSMUSG00000109901.2",-0.00840977736,5.35579234,-0.190315898,0.850363171,1,"Geno_at_37"
"Narf","ENSMUSG00000000056.7",0.00840673191,5.56826495,0.0762723406,0.940107481,1,"Geno_at_37"
"Mthfd2l","ENSMUSG00000029376.8",-0.00840640777,2.41274855,-0.104160464,0.917745848,1,"Geno_at_37"
"Lemd2","ENSMUSG00000044857.8",-0.00840540301,5.87969231,-0.18898556,0.851396309,1,"Geno_at_37"
"Adprh","ENSMUSG00000002844.9",0.00839624499,7.20957525,0.196175553,0.845831555,1,"Geno_at_37"
"Vwa8","ENSMUSG00000058997.8",0.00839311235,5.52308854,0.221238103,0.826428899,1,"Geno_at_37"
"Creld2","ENSMUSG00000023272.4",0.00838154662,5.32962667,0.15367532,0.878913418,1,"Geno_at_37"
"Gm12275","ENSMUSG00000081340.1",-0.00837976356,-0.0434794098,-0.0816555512,0.935471267,1,"Geno_at_37"
"Gse1","ENSMUSG00000031822.20",0.00837671844,5.87006848,0.0950909717,0.925311914,1,"Geno_at_37"
"Psme3","ENSMUSG00000078652.9",0.00836990592,8.27530754,0.321655517,0.749978253,1,"Geno_at_37"
"Ccdc122","ENSMUSG00000034795.14",0.00836871243,1.62499836,0.0552957792,0.956327626,1,"Geno_at_37"
"Batf2","ENSMUSG00000039699.14",-0.00836840824,-0.753424939,-0.101165394,0.920102564,1,"Geno_at_37"
"H2bc15","ENSMUSG00000095217.1",-0.00836623639,-0.390308943,-0.0861869348,0.931899233,1,"Geno_at_37"
"Rgs1","ENSMUSG00000026358.13",-0.00836190106,8.32508094,-0.127446432,0.899990386,1,"Geno_at_37"
"Gm13421","ENSMUSG00000085929.1",0.00836153267,-0.00885016326,0.0757118328,0.940158688,1,"Geno_at_37"
"Hmbox1","ENSMUSG00000021972.14",0.00835160193,5.64620291,0.193899239,0.847581703,1,"Geno_at_37"
"Asap3","ENSMUSG00000036995.7",0.00835081799,1.78369211,0.0829712917,0.934433941,1,"Geno_at_37"
"Ccdc9","ENSMUSG00000041375.18",0.0083445955,6.36602816,0.122813033,0.90348664,1,"Geno_at_37"
"Atrnl1","ENSMUSG00000054843.9",0.00834432762,3.92517344,0.151111109,0.880915064,1,"Geno_at_37"
"Asph","ENSMUSG00000028207.18",-0.00834261684,2.93311773,-0.073764483,0.941769576,1,"Geno_at_37"
"Alyref2","ENSMUSG00000060244.1",0.00833736239,0.670885678,0.0780150829,0.938341998,1,"Geno_at_37"
"Hif1a","ENSMUSG00000021109.13",0.00833596447,7.99112373,0.199447925,0.843352055,1,"Geno_at_37"
"Cenpe","ENSMUSG00000045328.11",0.00833547916,7.65005931,0.205963632,0.838231925,1,"Geno_at_37"
"Tub","ENSMUSG00000031028.14",0.00832952828,-0.0862054314,0.0716959706,0.94332698,1,"Geno_at_37"
"Srd5a1","ENSMUSG00000021594.11",-0.00831816014,2.12515748,-0.087615871,0.930773115,1,"Geno_at_37"
"Mrpl9","ENSMUSG00000028140.13",-0.00831309485,6.30742599,-0.267757509,0.790746351,1,"Geno_at_37"
"2810454H06Rik","ENSMUSG00000100876.1",0.00830652114,0.0426553255,0.0682768387,0.94602523,1,"Geno_at_37"
"Stxbp3","ENSMUSG00000027882.18",0.00830569261,5.57508134,0.231403212,0.818596635,1,"Geno_at_37"
"Epb41","ENSMUSG00000028906.17",-0.00829998134,6.18605885,-0.235328725,0.815577049,1,"Geno_at_37"
"Cript","ENSMUSG00000024146.9",-0.00829914904,5.33450191,-0.200503829,0.842460328,1,"Geno_at_37"
"Yaf2","ENSMUSG00000022634.9",-0.0082951392,5.4387844,-0.1822066,0.856664966,1,"Geno_at_37"
"Rpl10a-ps1","ENSMUSG00000084416.3",-0.00829303279,9.35654838,-0.319008847,0.751964208,1,"Geno_at_37"
"Sec62","ENSMUSG00000027706.8",-0.0082871569,7.27209542,-0.307568364,0.760568409,1,"Geno_at_37"
"Gatad2b","ENSMUSG00000042390.9",0.00827525107,7.78694045,0.23302722,0.817347068,1,"Geno_at_37"
"Ppif","ENSMUSG00000021868.7",-0.00827511584,5.08492238,-0.174206295,0.862891493,1,"Geno_at_37"
"Gm48720","ENSMUSG00000111690.1",-0.00827173593,-0.351341947,-0.0688894838,0.945541705,1,"Geno_at_37"
"Gprasp2","ENSMUSG00000072966.11",-0.00827005791,0.538627981,-0.0661641208,0.947692835,1,"Geno_at_37"
"En2","ENSMUSG00000039095.8",0.00826662223,-0.51831147,0.0799054883,0.936851191,1,"Geno_at_37"
"Kmt5c","ENSMUSG00000059851.15",0.00826481455,6.12916937,0.241109273,0.81113578,1,"Geno_at_37"
"Gm4189","ENSMUSG00000092384.7",0.00825837955,0.282179675,0.0724949547,0.942696549,1,"Geno_at_37"
"Rnf225","ENSMUSG00000033967.4",0.00825487072,0.802078437,0.0693693902,0.945162957,1,"Geno_at_37"
"Cs","ENSMUSG00000005683.8",-0.00824462871,8.05293499,-0.286116283,0.7767856,1,"Geno_at_37"
"Snupn","ENSMUSG00000055334.4",0.00823350726,4.49133453,0.163242425,0.87143901,1,"Geno_at_37"
"Col23a1","ENSMUSG00000063564.13",0.00823344826,-0.0454056415,0.0665732197,0.947369907,1,"Geno_at_37"
"Gm26685","ENSMUSG00000097281.2",-0.00823305982,-0.360694927,-0.0608652601,0.951876362,1,"Geno_at_37"
"Mrps14","ENSMUSG00000058267.13",0.00823256371,5.33051294,0.201391288,0.841772697,1,"Geno_at_37"
"Cactin","ENSMUSG00000034889.8",0.00822518095,6.21562974,0.168299248,0.867541094,1,"Geno_at_37"
"Cpox","ENSMUSG00000022742.6",0.00820546893,5.89403679,0.171862407,0.864717425,1,"Geno_at_37"
"Prss12","ENSMUSG00000027978.9",0.00820383233,2.64032791,0.0465191042,0.963401181,1,"Geno_at_37"
"Cox7a2","ENSMUSG00000032330.7",-0.00820283583,6.47578212,-0.211253226,0.834140019,1,"Geno_at_37"
"Gm37254","ENSMUSG00000104394.2",0.00819906533,3.2209739,0.10175098,0.919641728,1,"Geno_at_37"
"Gm11592","ENSMUSG00000086680.2",0.00819585354,-0.880285591,0.100764425,0.920418129,1,"Geno_at_37"
"Gm49209","ENSMUSG00000115688.1",0.00819442783,-0.755023382,0.0730409628,0.942265748,1,"Geno_at_37"
"Gm6750","ENSMUSG00000101236.1",0.0081922366,0.958272835,0.0645515408,0.948965836,1,"Geno_at_37"
"Lrch4","ENSMUSG00000093445.7",0.00819150945,1.80736836,0.0944543968,0.92538586,1,"Geno_at_37"
"Dnajb14","ENSMUSG00000074212.7",0.00818622448,4.35817188,0.156907278,0.876385214,1,"Geno_at_37"
"Ptprs","ENSMUSG00000013236.17",0.00818403028,7.75857806,0.182938728,0.856227007,1,"Geno_at_37"
"Gm10110","ENSMUSG00000062093.5",0.00817732174,6.57604436,0.226014266,0.822746529,1,"Geno_at_37"
"Brd9","ENSMUSG00000057649.6",-0.00817571543,6.21687718,-0.241617042,0.810745958,1,"Geno_at_37"
"Ik","ENSMUSG00000024474.7",0.00817034698,7.32047725,0.234152676,0.81648139,1,"Geno_at_37"
"Snai1","ENSMUSG00000042821.7",0.00816672063,-0.149979646,0.061661956,0.951247267,1,"Geno_at_37"
"Gm26631","ENSMUSG00000097445.1",-0.00816636536,0.777752224,-0.060624371,0.952066581,1,"Geno_at_37"
"Tbc1d12","ENSMUSG00000048720.8",-0.00816610072,3.07313544,-0.104174568,0.917734752,1,"Geno_at_37"
"Tpm3","ENSMUSG00000027940.18",0.00816444032,9.13190646,0.31533089,0.754726867,1,"Geno_at_37"
"Ranbp3","ENSMUSG00000002372.9",-0.00815956369,7.07400981,-0.279137362,0.782084008,1,"Geno_at_37"
"Lmo2","ENSMUSG00000032698.15",0.00815012005,0.388315894,0.0699281094,0.944722026,1,"Geno_at_37"
"Armcx5","ENSMUSG00000072969.2",-0.00815001623,3.79244544,-0.140704606,0.889058194,1,"Geno_at_37"
"Gm4860","ENSMUSG00000105559.1",-0.0081447017,-0.66547686,-0.080305757,0.936535561,1,"Geno_at_37"
"Psmc2","ENSMUSG00000028932.8",-0.00814014997,7.33298908,-0.272559864,0.787087412,1,"Geno_at_37"
"Gm50256","ENSMUSG00000117751.1",-0.00813587701,0.898122993,-0.0621237889,0.950882604,1,"Geno_at_37"
"Top2b","ENSMUSG00000017485.11",-0.00813346742,8.39017284,-0.273468519,0.786395656,1,"Geno_at_37"
"Ttll12","ENSMUSG00000016757.11",-0.00812989235,5.60511927,-0.19013,0.850507524,1,"Geno_at_37"
"Gas2","ENSMUSG00000030498.15",0.00812891033,3.01963536,0.0963259313,0.923912118,1,"Geno_at_37"
"Rrnad1","ENSMUSG00000004896.16",-0.00812846222,4.98749603,-0.147088531,0.884061229,1,"Geno_at_37"
"Cct7","ENSMUSG00000030007.8",0.00812506406,8.75655773,0.25717283,0.798827903,1,"Geno_at_37"
"Timm29","ENSMUSG00000048429.10",0.00811849834,5.76642393,0.229257869,0.820248077,1,"Geno_at_37"
"Tmem94","ENSMUSG00000020747.18",-0.00811142335,5.71351667,-0.215425255,0.830915957,1,"Geno_at_37"
"Hmga1","ENSMUSG00000046711.16",0.00810904664,7.05876156,0.183740255,0.855509986,1,"Geno_at_37"
"Cpsf7","ENSMUSG00000034820.4",-0.00810739946,7.32068677,-0.273676422,0.786237405,1,"Geno_at_37"
"Psmd10","ENSMUSG00000031429.14",-0.00810631361,5.14309192,-0.186351415,0.853442772,1,"Geno_at_37"
"Sema4b","ENSMUSG00000030539.13",-0.00810123524,4.32638792,-0.125744592,0.900785835,1,"Geno_at_37"
"Tprgl","ENSMUSG00000029030.14",0.00810047583,6.32207759,0.251315498,0.803309881,1,"Geno_at_37"
"Cog4","ENSMUSG00000031753.16",0.00808621234,5.51938062,0.204350651,0.83948061,1,"Geno_at_37"
"Supv3l1","ENSMUSG00000020079.15",-0.0080850905,5.387257,-0.214216594,0.831849681,1,"Geno_at_37"
"Gm49759","ENSMUSG00000111394.1",0.00808324205,5.78186372,0.0730177695,0.942665123,1,"Geno_at_37"
"Capn7","ENSMUSG00000021893.14",-0.00807705897,6.59039128,-0.235964097,0.815088576,1,"Geno_at_37"
"Pja1","ENSMUSG00000034403.16",-0.00807136243,5.11509831,-0.176389389,0.861191514,1,"Geno_at_37"
"Taok1","ENSMUSG00000017291.13",0.00806707371,6.79835276,0.247000777,0.806615832,1,"Geno_at_37"
"Prdm10","ENSMUSG00000042496.18",0.00806397139,5.42641832,0.199358141,0.84334823,1,"Geno_at_37"
"Rasd1","ENSMUSG00000049892.7",-0.00806111913,-0.258248269,-0.0623894797,0.95067282,1,"Geno_at_37"
"Pcbp2","ENSMUSG00000056851.14",-0.00805965687,8.82909921,-0.270945941,0.788316522,1,"Geno_at_37"
"BC055308","ENSMUSG00000103973.1",-0.00805935983,0.38465896,-0.0647765573,0.948788195,1,"Geno_at_37"
"Chmp6","ENSMUSG00000025371.12",-0.00805073072,4.90043739,-0.187556703,0.852506256,1,"Geno_at_37"
"Mul1","ENSMUSG00000041241.12",0.00804770121,5.04850027,0.177899998,0.860015596,1,"Geno_at_37"
"Mphosph10","ENSMUSG00000030521.11",0.00804087615,6.43938026,0.256817343,0.799099722,1,"Geno_at_37"
"Zkscan17","ENSMUSG00000020472.14",-0.00803730931,6.27389866,-0.238549577,0.813101648,1,"Geno_at_37"
"Eif2ak4","ENSMUSG00000005102.13",-0.00803673716,5.69086323,-0.200543123,0.842429879,1,"Geno_at_37"
"Smim10l1","ENSMUSG00000072704.6",0.0080304067,5.19428707,0.195753379,0.84614326,1,"Geno_at_37"
"Ublcp1","ENSMUSG00000041231.15",-0.00801845598,4.45719362,-0.148736589,0.882772004,1,"Geno_at_37"
"Rad50","ENSMUSG00000020380.16",-0.00801722344,6.59926952,-0.190515831,0.850207927,1,"Geno_at_37"
"Gm6722","ENSMUSG00000113431.1",0.0080125457,-0.629139878,0.0710749443,0.943817021,1,"Geno_at_37"
"Gstk1","ENSMUSG00000029864.7",0.00801096757,2.97827883,0.102553891,0.919009911,1,"Geno_at_37"
"Rnf103","ENSMUSG00000052656.12",0.00800270962,5.06854637,0.168201753,0.867570659,1,"Geno_at_37"
"Gm42568","ENSMUSG00000103703.2",-0.00798794505,-0.372243299,-0.0774311872,0.938802514,1,"Geno_at_37"
"Atxn3","ENSMUSG00000021189.11",0.00798682064,5.90314443,0.24355717,0.809256946,1,"Geno_at_37"
"Arrdc1","ENSMUSG00000026972.15",0.00798079456,5.85732027,0.233845133,0.816717923,1,"Geno_at_37"
"Traj11","ENSMUSG00000076918.1",0.00797908479,0.163601474,0.0554945295,0.956118053,1,"Geno_at_37"
"Ppip5k2","ENSMUSG00000040648.14",0.00797150698,6.44672975,0.214796402,0.831401732,1,"Geno_at_37"
"Tbccd1","ENSMUSG00000004462.7",0.00796219269,4.18917622,0.122355243,0.903446122,1,"Geno_at_37"
"Tfdp2","ENSMUSG00000032411.15",-0.00796142583,6.18089865,-0.234747311,0.816024104,1,"Geno_at_37"
"Erlin2","ENSMUSG00000031483.8",-0.0079542288,5.01400015,-0.191690711,0.849295778,1,"Geno_at_37"
"Usp47","ENSMUSG00000059263.9",0.00795219862,7.42108287,0.284369636,0.778110645,1,"Geno_at_37"
"Rsph3b","ENSMUSG00000023806.10",0.00794374829,3.08003504,0.117266891,0.90744208,1,"Geno_at_37"
"Rps6","ENSMUSG00000028495.14",-0.00794318502,4.71113914,-0.168749646,0.867143497,1,"Geno_at_37"
"Suv39h1","ENSMUSG00000039231.18",0.00793495053,6.50750385,0.228591476,0.820761225,1,"Geno_at_37"
"Xab2","ENSMUSG00000019470.12",-0.0079325342,6.45000642,-0.271587027,0.787828226,1,"Geno_at_37"
"Ubl5","ENSMUSG00000084786.9",0.00793020945,6.30138668,0.189692774,0.850847055,1,"Geno_at_37"
"Cnnm2","ENSMUSG00000064105.13",-0.00792015598,2.29318747,-0.0755917956,0.940253377,1,"Geno_at_37"
"Celf2","ENSMUSG00000002107.18",-0.00791851736,8.10865412,-0.24543477,0.807816614,1,"Geno_at_37"
"Tpd52l2","ENSMUSG00000000827.18",-0.00790683137,6.24301331,-0.219456368,0.827803632,1,"Geno_at_37"
"Atg4b","ENSMUSG00000026280.17",-0.00788935191,5.95241184,-0.227505051,0.821597985,1,"Geno_at_37"
"Gm6252","ENSMUSG00000117804.1",-0.00788133485,5.72882516,-0.177450243,0.86036567,1,"Geno_at_37"
"Gm37975","ENSMUSG00000102376.1",0.00788095221,-0.355761984,0.0650517274,0.948570964,1,"Geno_at_37"
"Tbcb","ENSMUSG00000006095.12",0.00787254448,4.95235689,0.196115023,0.845862759,1,"Geno_at_37"
"Ciao3","ENSMUSG00000002280.11",0.00786694545,4.43850724,0.164464441,0.870485514,1,"Geno_at_37"
"Sf3b1","ENSMUSG00000025982.13",0.00786257873,9.4680832,0.239814757,0.812129824,1,"Geno_at_37"
"Gnpat","ENSMUSG00000031985.9",-0.0078578007,6.81361624,-0.264352598,0.793343517,1,"Geno_at_37"
"Immt","ENSMUSG00000052337.15",0.00785577586,7.26006355,0.243786604,0.809080907,1,"Geno_at_37"
"Scaf1","ENSMUSG00000038406.17",0.00785119378,7.173129,0.230919359,0.818969022,1,"Geno_at_37"
"4933423P22Rik","ENSMUSG00000085471.1",0.00784628619,1.8384772,0.0462979556,0.963493768,1,"Geno_at_37"
"Ilf2","ENSMUSG00000001016.12",0.00784182471,6.93542129,0.210202656,0.834952343,1,"Geno_at_37"
"Gm48639","ENSMUSG00000114664.1",0.00783961758,-0.127550351,0.0821486029,0.935082533,1,"Geno_at_37"
"Edem1","ENSMUSG00000030104.9",0.00782837204,7.20291575,0.232179826,0.817999021,1,"Geno_at_37"
"Rln3","ENSMUSG00000045232.4",0.00782508571,-0.564793713,0.067753839,0.94643802,1,"Geno_at_37"
"Zfp54","ENSMUSG00000023882.15",-0.00781628939,2.98680589,-0.103682456,0.918121925,1,"Geno_at_37"
"Trav3-3","ENSMUSG00000094828.5",0.00779817906,1.49008435,0.0721384453,0.942977845,1,"Geno_at_37"
"Ptma","ENSMUSG00000026238.14",-0.00779685634,9.90579908,-0.223396675,0.824779473,1,"Geno_at_37"
"Kcnh7","ENSMUSG00000059742.10",-0.00778897215,-0.845131639,-0.0907653955,0.928291552,1,"Geno_at_37"
"Cox6b1","ENSMUSG00000036751.7",-0.0077856529,6.76852035,-0.23490245,0.81590481,1,"Geno_at_37"
"Gnl1","ENSMUSG00000024429.9",0.00778274661,6.64924503,0.198783722,0.84379348,1,"Geno_at_37"
"Psma6","ENSMUSG00000021024.14",0.00776915086,7.20736756,0.266143483,0.79197718,1,"Geno_at_37"
"Adgrg5","ENSMUSG00000061577.12",-0.0077680971,-0.0177772899,-0.0586836654,0.953599174,1,"Geno_at_37"
"Eif3m","ENSMUSG00000027170.12",-0.00776222925,7.42386778,-0.243216342,0.809518472,1,"Geno_at_37"
"Gm8075","ENSMUSG00000113321.1",0.00775619273,-0.866512473,0.0921846305,0.927173551,1,"Geno_at_37"
"Myh9","ENSMUSG00000022443.17",0.00775235451,10.7870656,0.1970244,0.845441772,1,"Geno_at_37"
"Pdia4","ENSMUSG00000025823.9",-0.00775206257,7.49590742,-0.21967899,0.827631833,1,"Geno_at_37"
"Irgq","ENSMUSG00000041037.8",0.00774610711,4.66922252,0.104933967,0.917256747,1,"Geno_at_37"
"Szrd1","ENSMUSG00000040842.17",0.00773734762,7.11777202,0.248426816,0.805522792,1,"Geno_at_37"
"Gm15560","ENSMUSG00000081497.1",-0.00773698623,-0.497958684,-0.0744386702,0.941163037,1,"Geno_at_37"
"Vps16","ENSMUSG00000027411.17",0.00772247252,6.85256119,0.253454157,0.801672601,1,"Geno_at_37"
"Angel2","ENSMUSG00000026634.16",0.00771921508,6.48414185,0.235348232,0.81556205,1,"Geno_at_37"
"Smad2","ENSMUSG00000024563.16",0.00771383959,6.20399958,0.192900003,0.848357133,1,"Geno_at_37"
"Pxmp2","ENSMUSG00000029499.11",0.0077070034,2.31703787,0.0940046629,0.925740044,1,"Geno_at_37"
"Eif4a-ps4","ENSMUSG00000101188.1",0.00769737708,9.77982604,0.247080979,0.806554348,1,"Geno_at_37"
"Parl","ENSMUSG00000033918.16",-0.00769286626,5.90505528,-0.235632609,0.815343414,1,"Geno_at_37"
"Psmg2","ENSMUSG00000024537.5",-0.00768975781,5.49844632,-0.213181904,0.832649206,1,"Geno_at_37"
"Ccdc6","ENSMUSG00000048701.13",-0.00768466254,7.08754051,-0.205855542,0.838315589,1,"Geno_at_37"
"Lgals8","ENSMUSG00000057554.13",-0.00767713242,5.18089246,-0.132264067,0.895699922,1,"Geno_at_37"
"Cyb5r4","ENSMUSG00000032872.16",-0.00767165035,5.60282298,-0.172979687,0.863846948,1,"Geno_at_37"
"Acad8","ENSMUSG00000031969.16",0.00766285019,4.32723136,0.164195809,0.870695101,1,"Geno_at_37"
"Tmem70","ENSMUSG00000025940.6",-0.00766149724,5.47581615,-0.195775804,0.846125866,1,"Geno_at_37"
"Ube3b","ENSMUSG00000029577.13",-0.00766024177,6.67094344,-0.270220956,0.788868827,1,"Geno_at_37"
"Shmt1","ENSMUSG00000020534.14",-0.00765366446,6.71256466,-0.252093896,0.802713862,1,"Geno_at_37"
"Gm15559","ENSMUSG00000086401.1",0.00765224271,1.09550906,0.0606041978,0.952082511,1,"Geno_at_37"
"Zfp397","ENSMUSG00000024276.7",0.00763970861,5.8000824,0.219680798,0.827630438,1,"Geno_at_37"
"Klhl12","ENSMUSG00000026455.14",0.0076396534,5.51655369,0.1907482,0.850027504,1,"Geno_at_37"
"Nipsnap2","ENSMUSG00000029432.12",-0.00763625732,4.49525879,-0.142610597,0.8875658,1,"Geno_at_37"
"Sox15","ENSMUSG00000041287.5",0.00762925468,-0.381535369,0.0691866198,0.9453072,1,"Geno_at_37"
"Hps3","ENSMUSG00000027615.14",0.00762433798,5.04894403,0.19453014,0.84709219,1,"Geno_at_37"
"Trappc6a","ENSMUSG00000002043.17",-0.00762429695,5.34854424,-0.0901456528,0.929107747,1,"Geno_at_37"
"Hmox2","ENSMUSG00000004070.15",0.00762250455,5.54630238,0.184960188,0.854524033,1,"Geno_at_37"
"Tubgcp2","ENSMUSG00000025474.9",0.00762030317,6.25931463,0.19666175,0.845438742,1,"Geno_at_37"
"Sike1","ENSMUSG00000027854.12",0.00761901659,5.77901733,0.1749427,0.862317978,1,"Geno_at_37"
"Zcchc8","ENSMUSG00000029427.11",0.00761387312,6.75783835,0.258628029,0.797715471,1,"Geno_at_37"
"Cpsf4","ENSMUSG00000029625.16",-0.00761038258,6.08102209,-0.197748514,0.844596035,1,"Geno_at_37"
"Med4","ENSMUSG00000022109.6",0.00760944041,5.46808952,0.195615093,0.846250524,1,"Geno_at_37"
"Arl13b","ENSMUSG00000022911.11",0.00760899437,4.39476666,0.137046416,0.891923716,1,"Geno_at_37"
"Gm7153","ENSMUSG00000081996.1",-0.00760592021,0.203782057,-0.049211989,0.961081523,1,"Geno_at_37"
"Eif3e","ENSMUSG00000022336.3",-0.00760163666,8.39109261,-0.260739079,0.79610244,1,"Geno_at_37"
"Zfc3h1","ENSMUSG00000034163.10",0.00760075484,7.95935795,0.296141161,0.769193825,1,"Geno_at_37"
"Gm45629","ENSMUSG00000110010.1",-0.00759180978,0.982243198,-0.0590868299,0.953280777,1,"Geno_at_37"
"H2-Eb1","ENSMUSG00000060586.11",-0.00758732003,0.220820076,-0.0587453727,0.953550441,1,"Geno_at_37"
"Trgj4","ENSMUSG00000098799.1",-0.00758498269,-0.0518936206,-0.0556812756,0.955970542,1,"Geno_at_37"
"Ppp1r15b","ENSMUSG00000046062.5",-0.007581045,7.7005577,-0.189844643,0.850729116,1,"Geno_at_37"
"Fyttd1","ENSMUSG00000022800.14",0.00756952727,6.40813464,0.219735789,0.827588002,1,"Geno_at_37"
"Ezh1","ENSMUSG00000006920.14",-0.0075683082,5.81180744,-0.213767657,0.832196561,1,"Geno_at_37"
"Pigf","ENSMUSG00000024145.6",0.00756396063,3.15003829,0.100588187,0.920556834,1,"Geno_at_37"
"Hexb","ENSMUSG00000021665.9",0.0075524563,4.83777154,0.13678454,0.892128905,1,"Geno_at_37"
"Gm38244","ENSMUSG00000104350.1",0.00754484094,3.75254421,0.085770618,0.932284721,1,"Geno_at_37"
"Sox9","ENSMUSG00000000567.5",0.00754192634,-0.895997291,0.0947497886,0.925153236,1,"Geno_at_37"
"Orc6","ENSMUSG00000031697.12",0.00754027731,6.31477015,0.15496559,0.877955848,1,"Geno_at_37"
"Haspin","ENSMUSG00000050107.2",-0.00753924309,5.287006,-0.189830135,0.850740383,1,"Geno_at_37"
"Gm35867","ENSMUSG00000117848.1",-0.00753622014,-0.624971056,-0.0679772395,0.946261694,1,"Geno_at_37"
"Gm9299","ENSMUSG00000108381.1",0.00753614922,0.0756285629,0.048761176,0.96143995,1,"Geno_at_37"
"Marchf7","ENSMUSG00000026977.17",-0.00753570127,7.03288166,-0.202254146,0.841104249,1,"Geno_at_37"
"Gm9993","ENSMUSG00000117505.1",-0.00753438777,0.435798517,-0.0608257583,0.951907554,1,"Geno_at_37"
"Msantd4","ENSMUSG00000041124.11",0.00753055239,5.19186088,0.16714962,0.868391063,1,"Geno_at_37"
"4933439C10Rik","ENSMUSG00000072893.12",-0.00752549489,3.17160899,-0.116813898,0.907797943,1,"Geno_at_37"
"Srpk1","ENSMUSG00000004865.16",0.00752319262,7.90368573,0.304643495,0.762773214,1,"Geno_at_37"
"Dcaf6","ENSMUSG00000026571.12",-0.00752133231,5.23044172,-0.160264638,0.873763289,1,"Geno_at_37"
"Gm48583","ENSMUSG00000114277.1",-0.00751549717,5.70924289,-0.128591866,0.898682774,1,"Geno_at_37"
"Gm6474","ENSMUSG00000114023.1",0.00751517648,2.97837486,0.0943307029,0.925483273,1,"Geno_at_37"
"Gm15829","ENSMUSG00000086083.1",-0.00751380184,-0.357999181,-0.0640866235,0.949332875,1,"Geno_at_37"
"Wdr81","ENSMUSG00000045374.18",-0.00751155643,5.29145726,-0.125308327,0.901200249,1,"Geno_at_37"
"Csf1","ENSMUSG00000014599.10",0.00750635548,4.08849173,0.0891269655,0.929672726,1,"Geno_at_37"
"Nudcd3","ENSMUSG00000053838.14",-0.00750586102,6.25916864,-0.231868474,0.818238597,1,"Geno_at_37"
"Guk1","ENSMUSG00000020444.19",-0.00749654321,4.53641906,-0.151673955,0.880475005,1,"Geno_at_37"
"Tfap4","ENSMUSG00000005718.8",-0.00749225801,5.12176444,-0.168261623,0.867523979,1,"Geno_at_37"
"4921525O09Rik","ENSMUSG00000113211.1",0.00748801507,2.30143803,0.0773564334,0.938861474,1,"Geno_at_37"
"Gm42646","ENSMUSG00000106776.1",0.00746405015,-0.449975999,0.0647232093,0.948830311,1,"Geno_at_37"
"Adam9","ENSMUSG00000031555.15",0.00746318227,5.61601945,0.198231508,0.844221568,1,"Geno_at_37"
"Zfp93","ENSMUSG00000055305.15",0.00746223324,0.388206804,0.0549687605,0.956533367,1,"Geno_at_37"
"Sucla2","ENSMUSG00000022110.13",0.00745933137,6.02192525,0.210960785,0.834366122,1,"Geno_at_37"
"Atp13a1","ENSMUSG00000031862.11",-0.00745159378,7.30596739,-0.23062177,0.819198076,1,"Geno_at_37"
"Cdc23","ENSMUSG00000024370.17",-0.007451187,6.26647794,-0.231545143,0.818487409,1,"Geno_at_37"
"Ubfd1","ENSMUSG00000030870.12",0.0074510934,6.35613765,0.214245156,0.831827613,1,"Geno_at_37"
"Dgke","ENSMUSG00000000276.11",0.00744902997,4.7496566,0.161996546,0.872411326,1,"Geno_at_37"
"Zpr1","ENSMUSG00000032078.17",-0.00744811756,6.4271133,-0.193626212,0.847793563,1,"Geno_at_37"
"Gm36602","ENSMUSG00000118040.1",0.00744087952,-0.442505051,0.0610504664,0.951730115,1,"Geno_at_37"
"Trim28","ENSMUSG00000005566.14",-0.00744070089,8.81791865,-0.250776212,0.803722883,1,"Geno_at_37"
"Mettl5","ENSMUSG00000051730.15",-0.0074324337,4.49692058,-0.158611352,0.87505424,1,"Geno_at_37"
"Snhg8","ENSMUSG00000104960.1",-0.0074272039,5.18326075,-0.126878283,0.899931082,1,"Geno_at_37"
"Ung","ENSMUSG00000029591.14",-0.00742405464,5.6631405,-0.210247069,0.834917998,1,"Geno_at_37"
"Gm20405","ENSMUSG00000092495.1",0.00741995858,-0.28244374,0.0683876857,0.945937744,1,"Geno_at_37"
"Atg9a","ENSMUSG00000033124.16",0.00741831675,4.37290893,0.134945909,0.893569753,1,"Geno_at_37"
"Tcaim","ENSMUSG00000046603.16",0.00741794445,2.6170895,0.0906845001,0.928355282,1,"Geno_at_37"
"Arf2","ENSMUSG00000062421.13",-0.00741617005,4.44543406,-0.162410219,0.872088462,1,"Geno_at_37"
"Cfap46","ENSMUSG00000049571.18",0.0074151538,0.441286064,0.0510284297,0.959646287,1,"Geno_at_37"
"Max","ENSMUSG00000059436.13",-0.00741486347,7.83541723,-0.20355618,0.840095804,1,"Geno_at_37"
"Snx11","ENSMUSG00000020876.14",-0.00740685874,5.08459589,-0.174108394,0.862967744,1,"Geno_at_37"
"Cnnm3","ENSMUSG00000001138.13",-0.00740649823,5.87584687,-0.207514455,0.837031762,1,"Geno_at_37"
"Mrps26","ENSMUSG00000037740.8",-0.00740555627,5.33832108,-0.166902029,0.868584145,1,"Geno_at_37"
"4930452B06Rik","ENSMUSG00000021747.12",-0.00740168563,1.39592228,-0.051240854,0.959491976,1,"Geno_at_37"
"Tm7sf2","ENSMUSG00000024799.16",-0.00739914769,3.94453091,-0.124473057,0.901783722,1,"Geno_at_37"
"Nop9","ENSMUSG00000019297.9",-0.00739732481,5.98645408,-0.231852849,0.81825062,1,"Geno_at_37"
"Syt6","ENSMUSG00000027849.19",-0.00739302364,-0.191164322,-0.0479751463,0.962076223,1,"Geno_at_37"
"Slc25a46","ENSMUSG00000024259.9",0.00738584606,6.06766842,0.221704139,0.826069413,1,"Geno_at_37"
"Rps11","ENSMUSG00000003429.11",-0.00738275404,9.32688252,-0.212628564,0.833076857,1,"Geno_at_37"
"Kcnq5","ENSMUSG00000028033.16",0.00738001476,3.9796942,0.131993348,0.895884304,1,"Geno_at_37"
"Ppp4r3b","ENSMUSG00000020463.15",0.00737860598,7.36863966,0.264348299,0.793346797,1,"Geno_at_37"
"Dnali1","ENSMUSG00000042707.6",0.0073769625,-0.776838332,0.0820090058,0.935192593,1,"Geno_at_37"
"Gm29156","ENSMUSG00000100480.1",0.00737164636,0.081912928,0.0605960047,0.952088981,1,"Geno_at_37"
"Ctsh","ENSMUSG00000032359.14",-0.00737058677,-0.885822493,-0.0875633444,0.930814508,1,"Geno_at_37"
"Gm38292","ENSMUSG00000103151.1",0.00736425823,-0.681329513,0.0647782212,0.948786882,1,"Geno_at_37"
"Gm8930","ENSMUSG00000106803.1",-0.00736115466,-0.342059647,-0.0687633775,0.945641232,1,"Geno_at_37"
"Carmil2","ENSMUSG00000050357.9",0.007341193,7.5302164,0.229928828,0.819731496,1,"Geno_at_37"
"Liph","ENSMUSG00000044626.13",-0.00733728825,0.61870665,-0.0466025226,0.963147933,1,"Geno_at_37"
"Smim7","ENSMUSG00000044600.14",0.00733149906,5.99767383,0.235130226,0.815729669,1,"Geno_at_37"
"Exosc3","ENSMUSG00000028322.11",0.00731494941,5.7979138,0.172782599,0.864000487,1,"Geno_at_37"
"Tmem11","ENSMUSG00000043284.12",-0.00731163595,5.46248479,-0.175179416,0.862133639,1,"Geno_at_37"
"Atp1a1","ENSMUSG00000033161.10",-0.00730737175,9.81916237,-0.264510696,0.79322287,1,"Geno_at_37"
"Med11","ENSMUSG00000018923.13",-0.0073060597,5.15680803,-0.15365303,0.878927976,1,"Geno_at_37"
"B3gat3","ENSMUSG00000071649.6",-0.00730196878,4.93130771,-0.167589606,0.868047964,1,"Geno_at_37"
"H2-T-ps","ENSMUSG00000073405.6",0.00730163218,4.8524271,0.142043133,0.888010082,1,"Geno_at_37"
"9230112E08Rik","ENSMUSG00000070461.3",-0.00729892778,2.84098028,-0.0898732819,0.92899439,1,"Geno_at_37"
"Sertad2","ENSMUSG00000049800.13",-0.00729665405,5.1439468,-0.143560847,0.886821909,1,"Geno_at_37"
"Tubb2b","ENSMUSG00000045136.6",-0.0072904178,5.21073168,-0.101772721,0.919829367,1,"Geno_at_37"
"Arhgef10","ENSMUSG00000071176.10",-0.00728970831,2.8043626,-0.0875406561,0.930832387,1,"Geno_at_37"
"C030006K11Rik","ENSMUSG00000116138.1",-0.00728911453,3.75264981,-0.1165107,0.908036142,1,"Geno_at_37"
"Pogz","ENSMUSG00000038902.14",-0.00728858599,6.4738668,-0.210234582,0.834927655,1,"Geno_at_37"
"Gm18553","ENSMUSG00000102626.1",-0.00728806647,-0.625163135,-0.063410756,0.949866475,1,"Geno_at_37"
"Slc35d3","ENSMUSG00000050473.5",0.00728767747,0.631153441,0.0491523434,0.961128654,1,"Geno_at_37"
"Ptpn1","ENSMUSG00000027540.13",0.00728639308,8.91129998,0.279744182,0.781622883,1,"Geno_at_37"
"Cry1","ENSMUSG00000020038.10",0.00727115949,6.05051362,0.200769761,0.842254262,1,"Geno_at_37"
"Zfp652","ENSMUSG00000075595.9",0.00726858741,5.9134939,0.173665195,0.863312952,1,"Geno_at_37"
"Ndufv2","ENSMUSG00000024099.15",-0.0072685826,6.86813409,-0.244776785,0.808321285,1,"Geno_at_37"
"Scn3b","ENSMUSG00000049281.16",-0.00726697132,-0.773635177,-0.068242183,0.946052583,1,"Geno_at_37"
"Chd3","ENSMUSG00000018474.18",-0.00725976168,9.08315706,-0.14130549,0.888988594,1,"Geno_at_37"
"Twf2","ENSMUSG00000023277.13",-0.00725656819,5.99607711,-0.170133795,0.866064533,1,"Geno_at_37"
"Mnat1","ENSMUSG00000021103.12",-0.0072561031,5.63221883,-0.210501114,0.83472155,1,"Geno_at_37"
"Gm47441","ENSMUSG00000113606.1",-0.00725514646,3.36650708,-0.0936312621,0.926034124,1,"Geno_at_37"
"BC106179","ENSMUSG00000045231.5",-0.00724929662,0.372266161,-0.0566835057,0.955178908,1,"Geno_at_37"
"Aff4","ENSMUSG00000049470.13",0.00724866177,7.24572704,0.154493922,0.87838711,1,"Geno_at_37"
"Dna2","ENSMUSG00000036875.15",-0.00724698963,5.87503486,-0.111827976,0.911963331,1,"Geno_at_37"
"Atad3a","ENSMUSG00000029036.18",-0.00724601634,6.53832099,-0.196334295,0.845692696,1,"Geno_at_37"
"Nt5c","ENSMUSG00000020736.12",0.00722618069,5.88351741,0.179774682,0.858556722,1,"Geno_at_37"
"Homez","ENSMUSG00000057156.10",-0.00722244493,3.11369948,-0.0970868563,0.923313005,1,"Geno_at_37"
"Fam53c","ENSMUSG00000034300.17",-0.00721767288,5.9964076,-0.21568983,0.830711599,1,"Geno_at_37"
"Nsmce1","ENSMUSG00000030750.13",0.00721661092,5.85805142,0.197170991,0.845043839,1,"Geno_at_37"
"Aph1b","ENSMUSG00000032375.15",-0.00721203821,1.81906384,-0.0747005735,0.940956424,1,"Geno_at_37"
"Nelfcd","ENSMUSG00000016253.12",-0.00721186436,6.05828234,-0.183287646,0.855824312,1,"Geno_at_37"
"Spag1","ENSMUSG00000037617.12",0.00721109218,2.28599051,0.0842641419,0.933414775,1,"Geno_at_37"
"Zmym5","ENSMUSG00000040123.17",0.00720514191,6.08449343,0.191780753,0.84922588,1,"Geno_at_37"
"Kcnn4","ENSMUSG00000054342.8",-0.00720257144,7.48096369,-0.19115045,0.849715198,1,"Geno_at_37"
"Kat14","ENSMUSG00000027425.18",0.00720137027,5.82669635,0.20868116,0.836129126,1,"Geno_at_37"
"Fbxl6","ENSMUSG00000022559.8",0.00719585759,5.52396869,0.162555793,0.87197485,1,"Geno_at_37"
"Nelfb","ENSMUSG00000013465.19",-0.00719401799,6.36961395,-0.258508064,0.797807162,1,"Geno_at_37"
"Acbd5","ENSMUSG00000026781.17",0.00719391816,5.4828419,0.178430039,0.859603069,1,"Geno_at_37"
"Set","ENSMUSG00000054766.13",0.0071915974,8.53766846,0.231447623,0.818562457,1,"Geno_at_37"
"Psmb6","ENSMUSG00000018286.6",-0.0071852054,6.84698428,-0.216835389,0.829826907,1,"Geno_at_37"
"Commd4","ENSMUSG00000032299.10",-0.00718387865,5.49331689,-0.18384139,0.855393771,1,"Geno_at_37"
"Pkn1","ENSMUSG00000057672.16",-0.00718132588,6.60584105,-0.229440996,0.820107077,1,"Geno_at_37"
"2310040G07Rik","ENSMUSG00000072852.4",0.00718092735,-0.327952403,0.0558423942,0.955843276,1,"Geno_at_37"
"Pabpc4","ENSMUSG00000011257.19",0.00717846277,7.75820289,0.243176267,0.809549225,1,"Geno_at_37"
"Mpc2","ENSMUSG00000026568.6",0.00717020858,4.73477292,0.169286639,0.866724872,1,"Geno_at_37"
"Rc3h1","ENSMUSG00000040423.11",0.0071668879,6.77456009,0.211137705,0.834229333,1,"Geno_at_37"
"Hpdl","ENSMUSG00000043155.4",0.00716544652,0.175339074,0.0631910243,0.950039959,1,"Geno_at_37"
"Odf2l","ENSMUSG00000028256.16",-0.00716475255,4.98637389,-0.169280897,0.866729348,1,"Geno_at_37"
"Olfr1444","ENSMUSG00000046272.4",0.00716328153,-0.737990136,0.0763754898,0.939635194,1,"Geno_at_37"
"Clp1","ENSMUSG00000027079.15",0.00716204634,5.31773875,0.189760817,0.850794214,1,"Geno_at_37"
"Ldlrad4","ENSMUSG00000024544.9",0.00716084976,6.01220825,0.112143592,0.911723253,1,"Geno_at_37"
"Heca","ENSMUSG00000039879.9",-0.00715273394,6.92132524,-0.175087146,0.862205492,1,"Geno_at_37"
"Kctd15","ENSMUSG00000030499.9",-0.00714924176,-0.133861565,-0.0497952692,0.960620638,1,"Geno_at_37"
"Zik1","ENSMUSG00000030393.8",-0.00714518385,2.72793937,-0.0827173913,0.934634106,1,"Geno_at_37"
"Tbc1d19","ENSMUSG00000039178.9",-0.00714080575,3.53645395,-0.0949653173,0.924983508,1,"Geno_at_37"
"Tarbp2","ENSMUSG00000023051.11",-0.00713463369,5.56354922,-0.182621451,0.856342345,1,"Geno_at_37"
"Snhg17","ENSMUSG00000085385.7",0.00713435615,6.52305417,0.214700786,0.831475599,1,"Geno_at_37"
"Cdkn2b","ENSMUSG00000073802.5",-0.00712980986,-0.727930043,-0.0716277377,0.94338082,1,"Geno_at_37"
"Senp3","ENSMUSG00000005204.12",0.00712575427,6.99340957,0.255531176,0.800083386,1,"Geno_at_37"
"Ythdf1","ENSMUSG00000038848.14",0.00712130402,6.86858031,0.226216785,0.822590479,1,"Geno_at_37"
"Slc12a4","ENSMUSG00000017765.17",-0.00711442037,5.72661785,-0.158082022,0.875467636,1,"Geno_at_37"
"Il9","ENSMUSG00000021538.3",0.00711018823,2.64250487,0.0379902972,0.970120134,1,"Geno_at_37"
"Gm12818","ENSMUSG00000082678.1",0.0070986667,-0.274527479,0.0694439225,0.945104137,1,"Geno_at_37"
"Gar1","ENSMUSG00000028010.16",-0.00708951701,6.63002805,-0.0803352132,0.936907622,1,"Geno_at_37"
"Pdzd8","ENSMUSG00000074746.3",-0.00708372192,7.16915505,-0.213302891,0.832555708,1,"Geno_at_37"
"Pole3","ENSMUSG00000028394.9",0.00707980211,6.66223125,0.196247772,0.8457598,1,"Geno_at_37"
"Gm13340","ENSMUSG00000083563.1",-0.00707029678,0.708022995,-0.059245024,0.953155845,1,"Geno_at_37"
"Asxl2","ENSMUSG00000037486.18",0.00706730445,6.8128395,0.247772294,0.806024425,1,"Geno_at_37"
"Dpf2","ENSMUSG00000024826.15",0.00706498749,6.82115647,0.25777846,0.798364875,1,"Geno_at_37"
"Abcd3","ENSMUSG00000028127.10",0.00705942561,4.99541609,0.164628133,0.870357806,1,"Geno_at_37"
"Sarm1","ENSMUSG00000050132.13",0.00705899412,-0.139706281,0.0631003302,0.950111565,1,"Geno_at_37"
"Tor3a","ENSMUSG00000060519.11",-0.00705741485,3.20032416,-0.0980528259,0.922552517,1,"Geno_at_37"
"Ifi204","ENSMUSG00000073489.6",-0.00704684756,-0.821539117,-0.0605410512,0.952132376,1,"Geno_at_37"
"Gtf2h2","ENSMUSG00000021639.17",-0.00704566108,5.1322555,-0.139142536,0.890281606,1,"Geno_at_37"
"Fam118a","ENSMUSG00000022434.8",-0.00704484923,4.69624401,-0.13898341,0.890406249,1,"Geno_at_37"
"Pcmtd2","ENSMUSG00000027589.14",0.00703432669,6.21921079,0.161163056,0.873061917,1,"Geno_at_37"
"Noct","ENSMUSG00000023087.15",-0.00703293981,6.71799024,-0.148851544,0.882746613,1,"Geno_at_37"
"Cpne3","ENSMUSG00000028228.5",-0.00703109691,7.29173095,-0.195444576,0.846382793,1,"Geno_at_37"
"Ndc80","ENSMUSG00000024056.10",-0.00702859324,6.66463876,-0.19493336,0.846779365,1,"Geno_at_37"
"Wrnip1","ENSMUSG00000021400.8",0.00702737159,5.87180482,0.194149638,0.847387412,1,"Geno_at_37"
"Rab22a","ENSMUSG00000027519.10",-0.00702424793,6.25534344,-0.197466426,0.844814756,1,"Geno_at_37"
"Hibch","ENSMUSG00000041426.12",0.00701898068,4.31367777,0.117534376,0.907231958,1,"Geno_at_37"
"Nlk","ENSMUSG00000017376.15",-0.00701389426,4.81298597,-0.153305732,0.879199421,1,"Geno_at_37"
"She","ENSMUSG00000046280.9",0.00701003467,3.18318413,0.0824191099,0.934869265,1,"Geno_at_37"
"Oxct1","ENSMUSG00000022186.14",-0.00700743434,8.58396368,-0.180682891,0.857877431,1,"Geno_at_37"
"Mast2","ENSMUSG00000003810.13",0.00700685993,6.55849376,0.210168166,0.834979015,1,"Geno_at_37"
"Mcm6","ENSMUSG00000026355.11",0.00699855981,9.60838234,0.256300994,0.799494587,1,"Geno_at_37"
"Stn1","ENSMUSG00000042694.17",0.00699786681,4.43338491,0.145267084,0.885486467,1,"Geno_at_37"
"Morf4l2","ENSMUSG00000031422.16",-0.00699404711,7.67852127,-0.231531409,0.818497978,1,"Geno_at_37"
"Gm15428","ENSMUSG00000046057.4",-0.00698267344,4.03391328,-0.107013366,0.915501705,1,"Geno_at_37"
"Fadd","ENSMUSG00000031077.7",-0.00698141307,4.13241631,-0.111731916,0.911791574,1,"Geno_at_37"
"Tango2","ENSMUSG00000013539.14",-0.00698097274,4.29137271,-0.142128045,0.8879436,1,"Geno_at_37"
"Phex","ENSMUSG00000057457.11",0.0069782441,-0.696022716,0.0739070633,0.941582431,1,"Geno_at_37"
"Mtrex","ENSMUSG00000016018.4",0.00697062747,7.35502796,0.242701525,0.809913548,1,"Geno_at_37"
"AI597479","ENSMUSG00000010290.7",-0.00696819629,5.2194256,-0.183038613,0.856017953,1,"Geno_at_37"
"Gm22270","ENSMUSG00000077222.1",-0.00696803792,1.85271441,-0.0651580335,0.948487043,1,"Geno_at_37"
"Ndufs6","ENSMUSG00000021606.8",-0.00695752865,5.56594539,-0.185906401,0.853788605,1,"Geno_at_37"
"Plagl2","ENSMUSG00000051413.17",-0.00695541032,8.79431938,-0.195119444,0.846635007,1,"Geno_at_37"
"Mrpl55","ENSMUSG00000036860.14",0.00695467136,4.08906854,0.125924014,0.900645039,1,"Geno_at_37"
"Ddx3x","ENSMUSG00000000787.12",0.00694417099,9.40851198,0.257053665,0.798919018,1,"Geno_at_37"
"Ogfr","ENSMUSG00000049401.10",-0.00693681711,6.94389851,-0.181743663,0.857025012,1,"Geno_at_37"
"Zmat2","ENSMUSG00000001383.9",-0.00693661481,6.61984447,-0.242501464,0.810067091,1,"Geno_at_37"
"Atpsckmt","ENSMUSG00000039065.11",-0.00693025633,4.00960421,-0.112154111,0.911459705,1,"Geno_at_37"
"Mroh2a","ENSMUSG00000079429.9",-0.00691740895,4.35209565,-0.124432523,0.901815535,1,"Geno_at_37"
"Ppp4r1","ENSMUSG00000061950.17",0.00691354926,5.96166098,0.187522079,0.852533156,1,"Geno_at_37"
"Mrpl38","ENSMUSG00000020775.13",-0.00691181687,5.09276542,-0.136820509,0.892100722,1,"Geno_at_37"
"Snhg20","ENSMUSG00000086859.4",-0.00690249003,3.93959997,-0.119682632,0.90554465,1,"Geno_at_37"
"Gm24888","ENSMUSG00000077575.1",-0.00689445494,0.0875510979,-0.0596304482,0.952851468,1,"Geno_at_37"
"Atp5mpl","ENSMUSG00000021290.6",0.006892584,5.73544174,0.158173526,0.87539617,1,"Geno_at_37"
"Rsbn1","ENSMUSG00000044098.14",-0.00689091945,5.26821207,-0.136878388,0.892055372,1,"Geno_at_37"
"Baiap2","ENSMUSG00000025372.16",-0.00687708966,4.72226765,-0.128257703,0.898814058,1,"Geno_at_37"
"Fam92a","ENSMUSG00000028218.19",-0.00687603299,4.6064178,-0.141009735,0.88881925,1,"Geno_at_37"
"4930518I15Rik","ENSMUSG00000074629.3",-0.00687542053,1.86757548,-0.0745894627,0.941044078,1,"Geno_at_37"
"Klc4","ENSMUSG00000003546.10",0.00687051108,4.510644,0.111959645,0.911612564,1,"Geno_at_37"
"Actr6","ENSMUSG00000019948.4",-0.00686815317,4.24248004,-0.122798134,0.903098433,1,"Geno_at_37"
"Hmmr","ENSMUSG00000020330.16",-0.00686405884,7.04571883,-0.202416431,0.840978542,1,"Geno_at_37"
"Dock8","ENSMUSG00000052085.7",-0.00685914885,7.35622523,-0.124594526,0.901971162,1,"Geno_at_37"
"Mrps10","ENSMUSG00000034729.16",-0.00684674331,4.98754113,-0.152448458,0.879869524,1,"Geno_at_37"
"Armcx2","ENSMUSG00000033436.13",-0.00684409919,2.60697886,-0.0863073361,0.931804341,1,"Geno_at_37"
"Fes","ENSMUSG00000053158.10",-0.00683743157,4.40715293,-0.0736866619,0.941951174,1,"Geno_at_37"
"Oard1","ENSMUSG00000040771.14",-0.00683429689,4.85276327,-0.148557086,0.882912408,1,"Geno_at_37"
"Zxdc","ENSMUSG00000034430.16",-0.00683010336,4.78363506,-0.146042847,0.884879404,1,"Geno_at_37"
"A930037H05Rik","ENSMUSG00000109408.1",0.00682770034,0.974295941,0.0648408838,0.948737413,1,"Geno_at_37"
"Fasn","ENSMUSG00000025153.9",-0.00682622989,9.55226985,-0.244429835,0.808587428,1,"Geno_at_37"
"Traj19","ENSMUSG00000076910.1",0.0068234199,0.022038877,0.0554106408,0.956184318,1,"Geno_at_37"
"Gm7856","ENSMUSG00000084301.1",0.00682300386,-0.22874975,0.0627326622,0.950401856,1,"Geno_at_37"
"Fam169b","ENSMUSG00000074071.11",0.00682165333,7.06350322,0.189162584,0.851258818,1,"Geno_at_37"
"Ccnk","ENSMUSG00000021258.10",0.00681803086,6.31220416,0.206743576,0.837628286,1,"Geno_at_37"
"Pgk1-rs7","ENSMUSG00000066632.3",0.00681576862,5.16797781,0.0964953634,0.923952789,1,"Geno_at_37"
"Prpf8","ENSMUSG00000020850.14",0.00681215701,9.2988733,0.280676654,0.780914451,1,"Geno_at_37"
"Hcfc2","ENSMUSG00000020246.13",-0.00680966464,5.08175132,-0.155966296,0.87712033,1,"Geno_at_37"
"Kctd18","ENSMUSG00000054770.16",0.00677741848,5.33734173,0.187734591,0.852368055,1,"Geno_at_37"
"Gfm2","ENSMUSG00000021666.16",-0.0067761161,5.28001071,-0.154348379,0.878384542,1,"Geno_at_37"
"Asb1","ENSMUSG00000026311.16",0.00677561284,3.89974684,0.0996887476,0.921264758,1,"Geno_at_37"
"Scd4","ENSMUSG00000050195.8",-0.00677244904,0.375879289,-0.047769644,0.962221267,1,"Geno_at_37"
"S1pr1","ENSMUSG00000045092.8",-0.00676363593,5.91101125,-0.147830043,0.883481127,1,"Geno_at_37"
"Bod1l","ENSMUSG00000061755.10",-0.00675933469,7.58927425,-0.249981335,0.804331729,1,"Geno_at_37"
"Gm4342","ENSMUSG00000083911.1",0.00675661895,-0.614283245,0.058907938,0.953422055,1,"Geno_at_37"
"Rbm12b1","ENSMUSG00000046667.14",-0.00675646136,3.83065372,-0.127597664,0.89933186,1,"Geno_at_37"
"E330034L11Rik","ENSMUSG00000106383.1",-0.00675588853,1.89935937,-0.0652269206,0.948432662,1,"Geno_at_37"
"Gm37500","ENSMUSG00000103900.1",0.00675444766,0.10681453,0.0555586135,0.956067433,1,"Geno_at_37"
"Mmp15","ENSMUSG00000031790.8",0.00675060905,0.621701087,0.0512831541,0.959445031,1,"Geno_at_37"
"H2bc12","ENSMUSG00000062727.4",-0.00674488731,0.973082776,-0.0601018914,0.95247917,1,"Geno_at_37"
"Snrnp200","ENSMUSG00000003660.10",0.0067414997,8.32882929,0.270467854,0.788680723,1,"Geno_at_37"
"Mre11a","ENSMUSG00000031928.15",-0.00673600689,6.52060993,-0.210707122,0.834562255,1,"Geno_at_37"
"Kcnmb4os2","ENSMUSG00000085837.8",0.00672527774,-0.40678961,0.0631436047,0.950077398,1,"Geno_at_37"
"Dpp4","ENSMUSG00000035000.8",-0.00672438945,5.02590514,-0.12976278,0.897633495,1,"Geno_at_37"
"Adss","ENSMUSG00000015961.8",-0.00672370889,8.03921817,-0.233086979,0.817301096,1,"Geno_at_37"
"Anapc2","ENSMUSG00000026965.12",0.00671925248,7.14823103,0.247944555,0.805892394,1,"Geno_at_37"
"Dcdc2b","ENSMUSG00000078552.10",-0.00671586167,1.16941708,-0.0516582409,0.959148682,1,"Geno_at_37"
"Cul2","ENSMUSG00000024231.15",0.00671123706,6.3563749,0.222055674,0.825798274,1,"Geno_at_37"
"Med27","ENSMUSG00000026799.15",-0.00671009106,4.24615725,-0.139019208,0.890378208,1,"Geno_at_37"
"Rcsd1","ENSMUSG00000040723.14",0.00670132918,7.64552698,0.221755934,0.826029461,1,"Geno_at_37"
"Fancd2","ENSMUSG00000034023.16",0.00669888333,5.97093227,0.145941222,0.884958925,1,"Geno_at_37"
"Arcn1","ENSMUSG00000032096.16",0.00669625787,8.07623865,0.212754163,0.832979783,1,"Geno_at_37"
"Prdm4","ENSMUSG00000035529.10",-0.0066952034,6.35328417,-0.173481506,0.863456036,1,"Geno_at_37"
"Eef2","ENSMUSG00000034994.10",-0.00669235879,12.3278132,-0.331295915,0.742759298,1,"Geno_at_37"
"Lactb2","ENSMUSG00000025937.6",-0.00669213961,5.60667876,-0.160496203,0.873582502,1,"Geno_at_37"
"H3f3a","ENSMUSG00000060743.12",-0.00668688912,7.92464687,-0.220241311,0.827197925,1,"Geno_at_37"
"Ccnd3","ENSMUSG00000034165.16",0.00668627685,7.49910851,0.160102097,0.873902964,1,"Geno_at_37"
"Supt7l","ENSMUSG00000053134.13",-0.00668484269,4.90887645,-0.16278424,0.871796566,1,"Geno_at_37"
"Gm36501","ENSMUSG00000113690.1",-0.00668453707,1.03804955,-0.058160959,0.954011991,1,"Geno_at_37"
"Snx14","ENSMUSG00000032422.18",0.00667583453,4.51057821,0.138588739,0.890715405,1,"Geno_at_37"
"AC159819.1","ENSMUSG00000118653.1",0.00666521984,5.76237165,0.175972819,0.861515846,1,"Geno_at_37"
"Otub1","ENSMUSG00000024767.11",0.00665747428,6.53756867,0.202940303,0.840572776,1,"Geno_at_37"
"Elmo2","ENSMUSG00000017670.16",0.00665530542,6.16294343,0.189959998,0.850639536,1,"Geno_at_37"
"Ppp1r1b","ENSMUSG00000061718.12",0.00665430818,-0.417800028,0.0560369994,0.95568956,1,"Geno_at_37"
"9530080O11Rik","ENSMUSG00000044125.6",0.00664819967,-0.789843317,0.0675499728,0.946598931,1,"Geno_at_37"
"Zfp945","ENSMUSG00000059142.16",-0.00663777562,2.81620141,-0.0687675362,0.94563795,1,"Geno_at_37"
"Taz","ENSMUSG00000009995.17",-0.00663627979,5.21362353,-0.127546451,0.899372038,1,"Geno_at_37"
"Gm9385","ENSMUSG00000080848.3",0.00663473685,7.47656636,0.159319651,0.874511927,1,"Geno_at_37"
"Echdc2","ENSMUSG00000028601.18",-0.00662936463,1.68921823,-0.0664848709,0.947439646,1,"Geno_at_37"
"Spag6l","ENSMUSG00000022783.11",-0.00662867949,-0.284104864,-0.0480937104,0.961965182,1,"Geno_at_37"
"Scamp2","ENSMUSG00000040188.10",-0.00662833094,5.89938053,-0.155666427,0.877354617,1,"Geno_at_37"
"Tet1","ENSMUSG00000047146.17",-0.00661725547,1.31796533,-0.0531079435,0.958003356,1,"Geno_at_37"
"Lmo7","ENSMUSG00000033060.16",-0.00661215375,-0.02940574,-0.0571695891,0.95479498,1,"Geno_at_37"
"Zfp282","ENSMUSG00000025821.9",0.00661100423,5.67600143,0.169126241,0.866849909,1,"Geno_at_37"
"Gnb1","ENSMUSG00000029064.15",-0.00661094613,8.73243896,-0.245083185,0.808086267,1,"Geno_at_37"
"Arhgap31","ENSMUSG00000022799.4",-0.00660876673,6.47024779,-0.181001269,0.857602469,1,"Geno_at_37"
"Mir7072","ENSMUSG00000098511.1",-0.00660545203,-0.862549038,-0.0718149307,0.943233113,1,"Geno_at_37"
"Bcl9","ENSMUSG00000038256.15",-0.0066022459,5.82655895,-0.175469157,0.861908019,1,"Geno_at_37"
"Lrrk2","ENSMUSG00000036273.15",0.00660147675,1.88947143,0.0591750412,0.953211113,1,"Geno_at_37"
"Dynlt1-ps1","ENSMUSG00000082691.6",0.00658430216,4.92869968,0.164903205,0.870143211,1,"Geno_at_37"
"Gak","ENSMUSG00000062234.14",-0.006582546,7.33612964,-0.258784782,0.797595667,1,"Geno_at_37"
"Gm4366","ENSMUSG00000107383.1",-0.00657817123,9.37707176,-0.237316795,0.814048878,1,"Geno_at_37"
"Gm38948","ENSMUSG00000109984.1",0.00657777079,0.502860541,0.0389492671,0.969212976,1,"Geno_at_37"
"Prim2","ENSMUSG00000026134.11",0.00657603566,5.77114811,0.183718374,0.855489413,1,"Geno_at_37"
"Mtfmt","ENSMUSG00000059183.12",0.0065710436,4.4344518,0.138992566,0.890399077,1,"Geno_at_37"
"Ybey","ENSMUSG00000033126.5",-0.00656996497,2.50801511,-0.067147407,0.94691668,1,"Geno_at_37"
"Faap24","ENSMUSG00000030493.13",-0.00656707417,4.01447469,-0.12117169,0.904375358,1,"Geno_at_37"
"Naglu","ENSMUSG00000001751.9",-0.00655695485,3.18237638,-0.0897978622,0.929053811,1,"Geno_at_37"
"Ppp6c","ENSMUSG00000026753.5",0.00655099459,6.48534233,0.165062744,0.870018752,1,"Geno_at_37"
"Gm42067","ENSMUSG00000110156.2",-0.00653668663,0.155447908,-0.0420372989,0.966752532,1,"Geno_at_37"
"Ppp3r1","ENSMUSG00000033953.10",0.00653573334,7.18634734,0.147513459,0.883776598,1,"Geno_at_37"
"Trnt1","ENSMUSG00000013736.16",-0.00653469871,6.46223199,-0.197104586,0.845095332,1,"Geno_at_37"
"Ly6e","ENSMUSG00000022587.14",0.00652962807,7.52286649,0.133931671,0.89453578,1,"Geno_at_37"
"Inpp4a","ENSMUSG00000026113.17",0.00652620451,5.21067085,0.125220542,0.901197084,1,"Geno_at_37"
"Fgr","ENSMUSG00000028874.14",-0.00652246475,1.72118376,-0.0509010956,0.959746894,1,"Geno_at_37"
"Gm16892","ENSMUSG00000097876.1",-0.00652057617,0.891592769,-0.052353992,0.958598998,1,"Geno_at_37"
"Vamp3","ENSMUSG00000028955.3",-0.00651554209,6.54362936,-0.153997986,0.878658376,1,"Geno_at_37"
"Zmym3","ENSMUSG00000031310.16",0.0065141233,5.51088392,0.165439682,0.869724711,1,"Geno_at_37"
"Brd3","ENSMUSG00000026918.16",-0.00650919774,6.94788894,-0.196422864,0.845624005,1,"Geno_at_37"
"Ascc1","ENSMUSG00000044475.14",-0.00650818903,4.74558392,-0.132589548,0.895416859,1,"Geno_at_37"
"Gmfg","ENSMUSG00000060791.15",0.00650542715,3.40003665,0.0791772684,0.93742545,1,"Geno_at_37"
"Nuak2","ENSMUSG00000009772.15",0.00649706711,1.22106947,0.0475252218,0.962414418,1,"Geno_at_37"
"Hspb11","ENSMUSG00000063172.13",0.00648793658,3.61415158,0.0898173046,0.929038493,1,"Geno_at_37"
"Slc25a36","ENSMUSG00000032449.13",0.00648294301,5.9090705,0.16518458,0.869923708,1,"Geno_at_37"
"Gm10925","ENSMUSG00000100862.1",-0.00648103219,1.30577199,-0.068251444,0.946045273,1,"Geno_at_37"
"Txndc9","ENSMUSG00000058407.12",0.00647975036,6.58183866,0.207786067,0.836821605,1,"Geno_at_37"
"Mfap3","ENSMUSG00000020522.13",-0.0064784857,5.69189736,-0.178414571,0.859615106,1,"Geno_at_37"
"Mtrr","ENSMUSG00000034617.7",0.00647586328,5.37760696,0.158507106,0.875135651,1,"Geno_at_37"
"Stat6","ENSMUSG00000002147.18",0.00647485517,7.82022636,0.209948058,0.835149232,1,"Geno_at_37"
"Gm18284","ENSMUSG00000092325.2",-0.00647439222,1.17995389,-0.0504505815,0.960102851,1,"Geno_at_37"
"Wtap","ENSMUSG00000060475.13",-0.0064718785,6.76001396,-0.186340063,0.853451593,1,"Geno_at_37"
"Gm15326","ENSMUSG00000086111.1",0.00646838824,-0.284940351,0.0604759912,0.952183752,1,"Geno_at_37"
"Sh2d1a","ENSMUSG00000005696.11",-0.00646514247,1.00521112,-0.0514122019,0.959343072,1,"Geno_at_37"
"Gm27219","ENSMUSG00000098985.1",-0.0064518117,3.73117032,-0.114754234,0.909416223,1,"Geno_at_37"
"Fancg","ENSMUSG00000028453.10",-0.00645160829,4.92172242,-0.139503789,0.889998648,1,"Geno_at_37"
"Orc5","ENSMUSG00000029012.11",-0.00644337319,5.09072548,-0.174111461,0.862965355,1,"Geno_at_37"
"Il18bp","ENSMUSG00000070427.4",-0.00644090941,2.9263681,-0.0939805149,0.925759062,1,"Geno_at_37"
"Gm13205","ENSMUSG00000086606.1",-0.00644085217,-0.0470682246,-0.0501330138,0.960353771,1,"Geno_at_37"
"Actb","ENSMUSG00000029580.14",-0.00643952938,12.2409297,-0.274018318,0.785977182,1,"Geno_at_37"
"Creg1","ENSMUSG00000040713.12",0.00643767951,3.24431558,0.0857405544,0.932251046,1,"Geno_at_37"
"Tor1aip2","ENSMUSG00000050565.16",0.00643397914,7.18458655,0.211553032,0.833908236,1,"Geno_at_37"
"Rtf2","ENSMUSG00000027502.11",-0.00643340087,6.51856821,-0.218427701,0.828597573,1,"Geno_at_37"
"Entr1","ENSMUSG00000026927.17",-0.00642742191,5.76300439,-0.203763016,0.839935632,1,"Geno_at_37"
"Hps1","ENSMUSG00000025188.15",0.0064272477,5.09303859,0.160317706,0.873721857,1,"Geno_at_37"
"Nap1l1","ENSMUSG00000058799.16",0.00642549446,8.25056032,0.223035629,0.82504255,1,"Geno_at_37"
"Psmg1","ENSMUSG00000022913.16",-0.0064249579,4.9347268,-0.136052812,0.892702281,1,"Geno_at_37"
"Fchsd2","ENSMUSG00000030691.15",0.00642328542,6.22048248,0.16125759,0.872988122,1,"Geno_at_37"
"Phtf2","ENSMUSG00000039987.15",0.00642284203,6.14260315,0.180205256,0.858221721,1,"Geno_at_37"
"Fam192a","ENSMUSG00000031774.8",0.00641263503,6.09786016,0.214163457,0.831890737,1,"Geno_at_37"
"Dusp6","ENSMUSG00000019960.8",-0.00641226251,5.53712875,-0.069276948,0.945544061,1,"Geno_at_37"
"Dnmt3l-ps1","ENSMUSG00000081801.1",-0.00640364441,0.0596194038,-0.0422614114,0.966574611,1,"Geno_at_37"
"Slc35e1","ENSMUSG00000019731.13",0.00639765857,6.71626875,0.204562774,0.839316371,1,"Geno_at_37"
"Srbd1","ENSMUSG00000024135.10",0.00639695493,5.25920261,0.145545161,0.885268853,1,"Geno_at_37"
"Pelo","ENSMUSG00000042275.9",-0.00639463555,2.32036837,-0.0751835012,0.940575457,1,"Geno_at_37"
"Smarcal1","ENSMUSG00000039354.16",-0.00638990182,5.19702121,-0.153488954,0.879056215,1,"Geno_at_37"
"Pin1","ENSMUSG00000032171.7",-0.00638872907,5.97100084,-0.179581589,0.858706963,1,"Geno_at_37"
"Trerf1","ENSMUSG00000064043.13",-0.00638653549,4.47910961,-0.0821904189,0.935146476,1,"Geno_at_37"
"Anln","ENSMUSG00000036777.8",-0.00638044928,5.95539994,-0.150728736,0.881214045,1,"Geno_at_37"
"Faap100","ENSMUSG00000025384.15",-0.00637599096,4.46539142,-0.112687971,0.911040085,1,"Geno_at_37"
"Rpl28-ps1","ENSMUSG00000058603.10",0.00636860882,8.76707279,0.199126523,0.843527758,1,"Geno_at_37"
"Gm24289","ENSMUSG00000088254.1",-0.00636075148,-0.406202759,-0.0520623379,0.95882942,1,"Geno_at_37"
"Shc1","ENSMUSG00000042626.13",0.00635786435,6.73202517,0.217671814,0.829181095,1,"Geno_at_37"
"Phf20","ENSMUSG00000038116.16",-0.00635447866,5.15769378,-0.148158092,0.883224507,1,"Geno_at_37"
"C77080","ENSMUSG00000050390.12",-0.00634780791,1.57986481,-0.0587896008,0.953515511,1,"Geno_at_37"
"Psmd4","ENSMUSG00000005625.15",-0.00634024867,7.02108022,-0.208699233,0.836115146,1,"Geno_at_37"
"Rbbp9","ENSMUSG00000027428.9",0.00633671192,3.00489153,0.0972145404,0.923212478,1,"Geno_at_37"
"Gm2996","ENSMUSG00000110251.1",0.00633556498,0.589606424,0.0468658649,0.962935477,1,"Geno_at_37"
"Nipal1","ENSMUSG00000067219.9",0.00633334493,4.22287089,0.0728015542,0.942574289,1,"Geno_at_37"
"Plscr1","ENSMUSG00000032369.13",-0.00632689387,5.74706124,-0.106920564,0.915701466,1,"Geno_at_37"
"Aco2","ENSMUSG00000022477.13",0.00632533094,8.68616739,0.235318533,0.815584884,1,"Geno_at_37"
"Zfp646","ENSMUSG00000049739.10",-0.00630624225,6.99782022,-0.203074009,0.840469221,1,"Geno_at_37"
"Dusp5","ENSMUSG00000034765.6",0.00630277052,6.60978029,0.0918187789,0.927786078,1,"Geno_at_37"
"Nudt16","ENSMUSG00000032565.9",-0.00629875651,3.61108495,-0.09388634,0.925833231,1,"Geno_at_37"
"Gm49405","ENSMUSG00000024869.10",0.00629449329,1.00271007,0.0476406813,0.962323178,1,"Geno_at_37"
"Trav12-2","ENSMUSG00000096656.6",0.00629427409,1.04727194,0.0662563745,0.947620013,1,"Geno_at_37"
"Cybc1","ENSMUSG00000039294.14",0.00628625612,6.26362885,0.147854049,0.883462347,1,"Geno_at_37"
"Gm16433","ENSMUSG00000043024.6",-0.00628604226,5.19932515,-0.12878155,0.898403133,1,"Geno_at_37"
"4930412M03Rik","ENSMUSG00000051008.5",-0.00628597263,0.893267278,-0.0399410392,0.968419733,1,"Geno_at_37"
"Arhgap19","ENSMUSG00000025154.15",0.006272524,6.37538437,0.162321567,0.872157652,1,"Geno_at_37"
"Mecr","ENSMUSG00000028910.12",0.00627033957,4.63647374,0.112112896,0.911492102,1,"Geno_at_37"
"Gm22571","ENSMUSG00000064918.2",-0.00626982172,0.835927819,-0.0532686902,0.957876365,1,"Geno_at_37"
"Mapt","ENSMUSG00000018411.17",-0.00626949129,-0.592032572,-0.0518258974,0.959016222,1,"Geno_at_37"
"Elk1","ENSMUSG00000009406.13",0.00626675794,4.73900715,0.1252117,0.901204023,1,"Geno_at_37"
"Txnl4b","ENSMUSG00000031723.8",-0.00626393368,3.35682854,-0.0927074265,0.926761757,1,"Geno_at_37"
"Gabrr2","ENSMUSG00000023267.10",-0.00626151483,-0.474640738,-0.0609724347,0.951791732,1,"Geno_at_37"
"Apobec2","ENSMUSG00000040694.4",0.0062504132,1.47043298,0.0575318203,0.954508883,1,"Geno_at_37"
"Xdh","ENSMUSG00000024066.9",-0.00624781518,6.94524957,-0.0707593519,0.944420811,1,"Geno_at_37"
"Edf1","ENSMUSG00000015092.9",0.00624695045,6.77099857,0.17610159,0.861415585,1,"Geno_at_37"
"1700028N14Rik","ENSMUSG00000078635.3",-0.0062326379,-0.345210025,-0.051830738,0.959012397,1,"Geno_at_37"
"Ubash3a","ENSMUSG00000042345.15",-0.00622661176,6.41438846,-0.100484314,0.92089013,1,"Geno_at_37"
"St3gal2","ENSMUSG00000031749.12",0.00621804424,5.85762391,0.138512344,0.890775249,1,"Geno_at_37"
"Bpgm","ENSMUSG00000038871.5",0.00621624722,3.929599,0.0983855528,0.922290585,1,"Geno_at_37"
"Ly6g","ENSMUSG00000022582.4",0.00620941418,-0.970377312,0.086782134,0.93143015,1,"Geno_at_37"
"Ensa","ENSMUSG00000038619.12",0.00620121313,7.26422972,0.195164968,0.846599692,1,"Geno_at_37"
"Pkd1l3","ENSMUSG00000048827.12",0.00620012552,2.3763565,0.0761767124,0.939791987,1,"Geno_at_37"
"Gm10252","ENSMUSG00000110350.1",-0.00619479136,0.355471312,-0.054129384,0.95719643,1,"Geno_at_37"
"Bcap31","ENSMUSG00000002015.5",-0.00619438125,7.03537481,-0.189426089,0.851054166,1,"Geno_at_37"
"Zbtb1","ENSMUSG00000033454.6",-0.00618117356,7.02594866,-0.149287724,0.88234094,1,"Geno_at_37"
"Gm12168","ENSMUSG00000082530.1",0.00617898838,1.0993789,0.0520540617,0.958835958,1,"Geno_at_37"
"Ikbkb","ENSMUSG00000031537.15",-0.00617859974,7.07070782,-0.221800905,0.825994775,1,"Geno_at_37"
"Tmem192","ENSMUSG00000025521.15",-0.00617551661,4.67504032,-0.140848308,0.88894566,1,"Geno_at_37"
"Rnd3","ENSMUSG00000017144.8",0.00617523633,0.46168844,0.0539241156,0.957358586,1,"Geno_at_37"
"Rian","ENSMUSG00000097451.11",0.00617431144,-0.5097983,0.0613649994,0.951481749,1,"Geno_at_37"
"Plcl1","ENSMUSG00000038349.10",-0.00617135751,3.6262744,-0.0681197115,0.946192917,1,"Geno_at_37"
"Mtmr6","ENSMUSG00000021987.9",-0.00616997957,6.47098484,-0.178431136,0.859602215,1,"Geno_at_37"
"Uba1","ENSMUSG00000001924.15",0.00616639836,9.95573233,0.229307148,0.820210134,1,"Geno_at_37"
"Cdc123","ENSMUSG00000039128.13",0.00616471319,6.73982848,0.193676366,0.847754644,1,"Geno_at_37"
"Pold2","ENSMUSG00000020471.11",0.00615838424,6.17680005,0.165437412,0.869726481,1,"Geno_at_37"
"Pard6g","ENSMUSG00000056214.9",-0.00615759927,4.58522224,-0.115544732,0.908795081,1,"Geno_at_37"
"Ccdc97","ENSMUSG00000002608.8",-0.00614084868,6.31459828,-0.198243122,0.844212564,1,"Geno_at_37"
"Isyna1","ENSMUSG00000019139.10",0.00613460725,6.16004377,0.125178444,0.901261306,1,"Geno_at_37"
"Arhgap45","ENSMUSG00000035697.14",-0.00612575295,9.04883391,-0.1979924,0.844406945,1,"Geno_at_37"
"Gm16234","ENSMUSG00000085572.1",-0.00612536472,0.02661117,-0.0468817912,0.962922891,1,"Geno_at_37"
"Usp8","ENSMUSG00000027363.15",-0.00612195116,6.52775707,-0.203712925,0.839974422,1,"Geno_at_37"
"Rps24-ps3","ENSMUSG00000081049.1",-0.00612065278,8.26432831,-0.106152528,0.916527511,1,"Geno_at_37"
"Iqcc","ENSMUSG00000040795.12",0.00612002891,3.56954373,0.0927230389,0.92674946,1,"Geno_at_37"
"Pgk1","ENSMUSG00000062070.12",0.00611511401,8.06982216,0.0704450548,0.944681378,1,"Geno_at_37"
"Dnajc17","ENSMUSG00000034278.3",-0.00611043503,3.11205777,-0.0977045638,0.922826688,1,"Geno_at_37"
"Stxbp2","ENSMUSG00000004626.14",-0.00611007249,7.03871023,-0.226535351,0.822345024,1,"Geno_at_37"
"Serpinb9","ENSMUSG00000045827.10",0.00610427678,3.7608708,0.0898477558,0.929014501,1,"Geno_at_37"
"Arfip1","ENSMUSG00000074513.9",0.00610282665,3.58756326,0.0983703482,0.922302554,1,"Geno_at_37"
"Mthfd1l","ENSMUSG00000040675.17",0.0060997152,7.45890095,0.175699794,0.861728431,1,"Geno_at_37"
"Ankmy2","ENSMUSG00000036188.4",0.00609907931,4.39816977,0.102216144,0.91927568,1,"Geno_at_37"
"Apbb1","ENSMUSG00000037032.16",0.00609030478,1.34292975,0.0519607613,0.958909671,1,"Geno_at_37"
"Gm26387","ENSMUSG00000077426.1",-0.00608369045,0.300170697,-0.0408133687,0.967719227,1,"Geno_at_37"
"Spg7","ENSMUSG00000000738.18",0.00608307624,5.85194806,0.162182164,0.872266452,1,"Geno_at_37"
"Tmem240","ENSMUSG00000084845.9",0.00608186085,1.18554893,0.0549829822,0.956522133,1,"Geno_at_37"
"Osbpl3","ENSMUSG00000029822.15",-0.00608058982,6.58644547,-0.118989171,0.906202635,1,"Geno_at_37"
"Gm11687","ENSMUSG00000082480.1",0.0060804084,-0.365589824,0.0552505406,0.956310783,1,"Geno_at_37"
"Zc3h7a","ENSMUSG00000037965.14",0.0060776917,7.44462049,0.227824334,0.821352052,1,"Geno_at_37"
"Sf3b4","ENSMUSG00000068856.3",0.00607733715,6.2772296,0.190035085,0.850581227,1,"Geno_at_37"
"Rnps1","ENSMUSG00000034681.17",0.00607526925,7.39580849,0.206715733,0.837649833,1,"Geno_at_37"
"Nat8f1","ENSMUSG00000057103.11",-0.00607495757,0.518120289,-0.0452426319,0.964218312,1,"Geno_at_37"
"Tpgs1","ENSMUSG00000020308.7",0.00607155426,3.73524821,0.0990152439,0.921794898,1,"Geno_at_37"
"Gm42869","ENSMUSG00000105137.1",0.00606848777,0.382226987,0.0463278816,0.963360632,1,"Geno_at_37"
"Mafg","ENSMUSG00000051510.13",-0.00606007195,6.40892609,-0.161018065,0.8731751,1,"Geno_at_37"
"Pecam1","ENSMUSG00000020717.19",-0.00605732425,6.36303216,-0.108620428,0.914399603,1,"Geno_at_37"
"Btnl7-ps","ENSMUSG00000061728.5",0.00605726956,0.647145599,0.0491962882,0.96109393,1,"Geno_at_37"
"Bnip2","ENSMUSG00000011958.17",-0.00604730742,7.22293339,-0.207385409,0.837131613,1,"Geno_at_37"
"Zfand2a","ENSMUSG00000053581.13",-0.0060457728,4.64570565,-0.111123976,0.912269477,1,"Geno_at_37"
"Umad1","ENSMUSG00000089862.8",0.00604553749,2.64570175,0.0747635447,0.940906747,1,"Geno_at_37"
"Pla2g15","ENSMUSG00000031903.7",-0.0060449943,3.72720368,-0.0928311089,0.926664338,1,"Geno_at_37"
"Ttc17","ENSMUSG00000027194.16",-0.0060392922,5.07470199,-0.116387509,0.908132925,1,"Geno_at_37"
"Myl12a","ENSMUSG00000024048.15",-0.00603858204,7.23826678,-0.178609372,0.859463504,1,"Geno_at_37"
"Gm6477","ENSMUSG00000111877.1",0.00603840368,6.3955403,0.164703487,0.870299019,1,"Geno_at_37"
"Bpifc","ENSMUSG00000050108.12",-0.00603805755,0.617486964,-0.0513076133,0.959425706,1,"Geno_at_37"
"Dnase1l2","ENSMUSG00000024136.14",0.00603621025,1.28503186,0.055677785,0.9559733,1,"Geno_at_37"
"Cdh24","ENSMUSG00000059674.7",-0.00603511804,3.36663765,-0.0767887383,0.939309237,1,"Geno_at_37"
"2610008E11Rik","ENSMUSG00000060301.6",0.0060341323,3.28406919,0.0835184071,0.934002631,1,"Geno_at_37"
"Trgc4","ENSMUSG00000076757.9",0.00603368566,2.50013364,0.0674250002,0.946697572,1,"Geno_at_37"
"A930007A09Rik","ENSMUSG00000118559.2",-0.006028965,0.208745984,-0.0441074799,0.965115476,1,"Geno_at_37"
"Treml2","ENSMUSG00000071068.7",0.00602213906,8.11539206,0.166621112,0.868803226,1,"Geno_at_37"
"Tram1","ENSMUSG00000025935.10",-0.00601922402,7.3149795,-0.195086563,0.846660514,1,"Geno_at_37"
"Api5","ENSMUSG00000027193.12",0.00601770717,8.00016513,0.231108972,0.818823085,1,"Geno_at_37"
"Gm12989","ENSMUSG00000083678.3",0.00601514018,3.85033914,0.111755169,0.911773295,1,"Geno_at_37"
"Ppwd1","ENSMUSG00000021713.9",0.00600737917,5.42132739,0.166760875,0.868694227,1,"Geno_at_37"
"Kif5c","ENSMUSG00000026764.15",-0.00599256722,1.60964903,-0.0553303771,0.956247719,1,"Geno_at_37"
"Nat10","ENSMUSG00000027185.15",0.0059898357,6.83826682,0.184301984,0.855035689,1,"Geno_at_37"
"Pbrm1","ENSMUSG00000042323.17",-0.0059849546,7.7938844,-0.201221712,0.84190408,1,"Geno_at_37"
"Med30","ENSMUSG00000038622.8",0.00598455587,4.78689975,0.116929408,0.907707199,1,"Geno_at_37"
"Polrmt","ENSMUSG00000020329.12",0.00597863387,5.1444366,0.127012123,0.899791254,1,"Geno_at_37"
"Kti12","ENSMUSG00000073775.4",0.00597216464,5.44186997,0.118813425,0.906227299,1,"Geno_at_37"
"Gm6520","ENSMUSG00000104862.1",-0.00597199307,0.122456481,-0.0513836367,0.959365641,1,"Geno_at_37"
"Saal1","ENSMUSG00000006763.14",0.00596823693,4.79867719,0.156514883,0.876691748,1,"Geno_at_37"
"Ptpn4","ENSMUSG00000026384.13",0.00596629876,5.75339981,0.15521248,0.877709308,1,"Geno_at_37"
"P2ry12","ENSMUSG00000036353.13",-0.00596094245,-0.952422178,-0.0748877107,0.940808795,1,"Geno_at_37"
"Pelp1","ENSMUSG00000018921.11",-0.00595640861,6.70534904,-0.164831399,0.870199228,1,"Geno_at_37"
"4930430F08Rik","ENSMUSG00000046567.10",-0.00594673039,2.83348104,-0.0735417976,0.941870605,1,"Geno_at_37"
"Commd9","ENSMUSG00000027163.13",0.00594629417,3.77443181,0.0950675151,0.92490303,1,"Geno_at_37"
"Gm12751","ENSMUSG00000062554.7",-0.00593267656,4.34503308,-0.117221519,0.907477723,1,"Geno_at_37"
"Cfap43","ENSMUSG00000044948.17",0.00593105778,1.13201835,0.05480962,0.956659077,1,"Geno_at_37"
"Atg16l1","ENSMUSG00000026289.15",-0.00592945199,5.99003681,-0.181720403,0.857043103,1,"Geno_at_37"
"Gm50322","ENSMUSG00000118138.1",-0.00592931463,2.83128916,-0.0576567038,0.954417841,1,"Geno_at_37"
"Gm48735","ENSMUSG00000113601.1",0.00591909621,0.488445242,0.0525276313,0.958461817,1,"Geno_at_37"
"Gm19569","ENSMUSG00000099094.1",0.00591411196,-0.00455332355,0.0432818972,0.965768003,1,"Geno_at_37"
"Tfe3","ENSMUSG00000000134.17",0.00590943545,5.82229334,0.153973633,0.878677409,1,"Geno_at_37"
"Prmt3","ENSMUSG00000030505.17",-0.0059080366,6.00800271,-0.152014459,0.880208801,1,"Geno_at_37"
"Vamp7","ENSMUSG00000051412.6",0.00590589249,4.5877635,0.134251641,0.894113913,1,"Geno_at_37"
"Supt3","ENSMUSG00000038954.14",0.00590538696,3.178747,0.0795325729,0.93714526,1,"Geno_at_37"
"Psmd14","ENSMUSG00000026914.15",0.00590255714,7.11219164,0.180681525,0.8578512,1,"Geno_at_37"
"Gm11808","ENSMUSG00000068240.5",-0.00590136416,8.19019299,-0.174735808,0.862479099,1,"Geno_at_37"
"Mbnl1","ENSMUSG00000027763.13",0.00589725538,9.61285959,0.154278283,0.878521651,1,"Geno_at_37"
"Gm5424","ENSMUSG00000046687.6",-0.00589701185,7.24486305,-0.177459438,0.860358512,1,"Geno_at_37"
"Snx19","ENSMUSG00000031993.7",-0.00589200239,5.73030735,-0.159418934,0.874423604,1,"Geno_at_37"
"Pik3r4","ENSMUSG00000032571.14",-0.00589155368,5.60102761,-0.158582288,0.875076937,1,"Geno_at_37"
"Polm","ENSMUSG00000020474.11",-0.00589062074,4.73967317,-0.114895602,0.909305138,1,"Geno_at_37"
"Srsf4","ENSMUSG00000028911.16",0.00588938286,6.06946154,0.160636807,0.873472733,1,"Geno_at_37"
"Vapb","ENSMUSG00000054455.5",-0.00588926158,6.15692582,-0.195129984,0.84662683,1,"Geno_at_37"
"Ciao2a","ENSMUSG00000032381.5",0.00588645656,6.02498065,0.173740898,0.863253985,1,"Geno_at_37"
"Rbbp4","ENSMUSG00000057236.10",-0.00588545088,8.57075608,-0.210905766,0.834408662,1,"Geno_at_37"
"Golt1b","ENSMUSG00000030245.10",-0.005878659,6.148758,-0.126007163,0.900579793,1,"Geno_at_37"
"Nucks1","ENSMUSG00000026434.12",0.00587751851,8.547517,0.205061222,0.83893047,1,"Geno_at_37"
"Arap1","ENSMUSG00000032812.18",0.00587199393,5.88325758,0.132512942,0.895476919,1,"Geno_at_37"
"Cnksr3","ENSMUSG00000015202.13",-0.00586084179,4.91146676,-0.115605003,0.908747725,1,"Geno_at_37"
"4930550C14Rik","ENSMUSG00000005131.4",-0.00585741602,-0.198013057,-0.0457766189,0.963796293,1,"Geno_at_37"
"Ctps","ENSMUSG00000028633.7",-0.00585068742,6.84855032,-0.148105463,0.883265676,1,"Geno_at_37"
"Eno3","ENSMUSG00000060600.15",0.00584680665,5.55037332,0.119970131,0.905318872,1,"Geno_at_37"
"Rcbtb1","ENSMUSG00000035469.17",0.00584661699,7.0513881,0.14251473,0.887640854,1,"Geno_at_37"
"Ikbke","ENSMUSG00000042349.13",0.00584425726,7.38171985,0.157520053,0.875906561,1,"Geno_at_37"
"3632454L22Rik","ENSMUSG00000089759.7",0.00584311478,-0.264011756,0.0466889639,0.963075277,1,"Geno_at_37"
"Pik3ca","ENSMUSG00000027665.13",-0.00583705563,7.16603748,-0.204581569,0.839301819,1,"Geno_at_37"
"Gm33023","ENSMUSG00000110652.1",0.00582941838,-0.346005481,0.0543048073,0.957057853,1,"Geno_at_37"
"Rpl18-ps2","ENSMUSG00000053173.12",0.00582691411,7.28514291,0.136839016,0.89209908,1,"Geno_at_37"
"Gtpbp1","ENSMUSG00000042535.9",-0.00582363466,7.57829676,-0.176850668,0.860832402,1,"Geno_at_37"
"Dhrs11","ENSMUSG00000034449.7",-0.00582083453,3.30519568,-0.0827703107,0.934592386,1,"Geno_at_37"
"Dkc1","ENSMUSG00000031403.14",-0.00581212235,7.75002891,-0.180136627,0.858275115,1,"Geno_at_37"
"Ppm1d","ENSMUSG00000020525.17",0.00579968976,5.356513,0.157316635,0.87606545,1,"Geno_at_37"
"Dnajb6-ps","ENSMUSG00000091905.3",0.00579504307,4.56353246,0.10470964,0.917313803,1,"Geno_at_37"
"Pcyt1a","ENSMUSG00000005615.15",0.0057936454,5.39587368,0.133675195,0.894565767,1,"Geno_at_37"
"Mroh1","ENSMUSG00000022558.16",-0.00577480053,5.15317227,-0.149259822,0.882362763,1,"Geno_at_37"
"Riok3","ENSMUSG00000024404.7",0.00577170409,7.17094297,0.177783827,0.860106017,1,"Geno_at_37"
"Tmem177","ENSMUSG00000036975.5",0.00576841003,3.11770303,0.0847486904,0.933032831,1,"Geno_at_37"
"Mir3091","ENSMUSG00000092827.1",-0.00576397175,-0.756228638,-0.0665289944,0.947404817,1,"Geno_at_37"
"Lypla1","ENSMUSG00000025903.14",-0.00575800027,6.0036563,-0.159927701,0.874026355,1,"Geno_at_37"
"Pnisr","ENSMUSG00000028248.15",-0.00575752379,7.81338351,-0.174867895,0.862376233,1,"Geno_at_37"
"Gm43654","ENSMUSG00000105804.1",-0.00575549732,1.50131072,-0.0516551886,0.959151094,1,"Geno_at_37"
"Gm37314","ENSMUSG00000104094.1",-0.00575451706,-0.278895414,-0.0534816783,0.957708105,1,"Geno_at_37"
"Bet1","ENSMUSG00000032757.6",-0.00574971136,4.62423168,-0.114790889,0.90938742,1,"Geno_at_37"
"Srgn","ENSMUSG00000020077.14",0.0057493797,7.69745186,0.150658385,0.881269055,1,"Geno_at_37"
"Gm38365","ENSMUSG00000103591.1",0.00574921172,0.517006774,0.0374996453,0.970338845,1,"Geno_at_37"
"Fbxw2","ENSMUSG00000035949.15",-0.00574665907,6.61995818,-0.189248669,0.851191958,1,"Geno_at_37"
"Slc1a4","ENSMUSG00000020142.12",0.0057440897,4.35542034,0.105673958,0.91655522,1,"Geno_at_37"
"Cul1","ENSMUSG00000029686.15",-0.0057420049,6.99518848,-0.18916156,0.851259613,1,"Geno_at_37"
"Camsap1","ENSMUSG00000026933.17",0.00573914939,5.66616555,0.136767908,0.892141938,1,"Geno_at_37"
"Ccne1","ENSMUSG00000002068.16",0.00573551651,6.04842485,0.121532691,0.904091913,1,"Geno_at_37"
"Hgsnat","ENSMUSG00000037260.8",-0.00572755278,4.13176688,-0.101739937,0.919650418,1,"Geno_at_37"
"Fbxo11","ENSMUSG00000005371.15",-0.00572746243,7.12996606,-0.164947782,0.870108435,1,"Geno_at_37"
"Rbm8a","ENSMUSG00000038374.10",0.0057227,6.9790519,0.170657362,0.865656474,1,"Geno_at_37"
"Alkbh6","ENSMUSG00000042831.13",-0.00570647253,4.47483817,-0.12052127,0.904886077,1,"Geno_at_37"
"Slc12a8","ENSMUSG00000035506.16",0.00570468286,-0.309430429,0.0466667954,0.963092796,1,"Geno_at_37"
"Kctd10","ENSMUSG00000001098.15",0.0056949816,5.6847338,0.170800165,0.865545182,1,"Geno_at_37"
"Nsun4","ENSMUSG00000028706.14",0.0056942307,5.42100272,0.137988889,0.891185318,1,"Geno_at_37"
"Tnnt2","ENSMUSG00000026414.13",0.00569336561,2.14509022,0.0516751498,0.959135323,1,"Geno_at_37"
"Gm46440","ENSMUSG00000114516.1",-0.00568802883,-0.476832012,-0.0481945342,0.96188551,1,"Geno_at_37"
"Pde1a","ENSMUSG00000059173.19",0.00568769937,-0.923511247,0.0717642187,0.943273128,1,"Geno_at_37"
"Ksr1","ENSMUSG00000018334.18",0.00568446499,3.60527747,0.0731024684,0.942217222,1,"Geno_at_37"
"Map7d3","ENSMUSG00000067878.13",-0.00568207198,-0.528951461,-0.057439576,0.954581738,1,"Geno_at_37"
"Slc6a6","ENSMUSG00000030096.8",-0.00568191275,7.94906711,-0.16449372,0.870462671,1,"Geno_at_37"
"Fxr2","ENSMUSG00000018765.5",-0.00567899902,6.86110145,-0.159175288,0.874613857,1,"Geno_at_37"
"Ddx46","ENSMUSG00000021500.17",0.00567756047,8.31561034,0.19366965,0.847759856,1,"Geno_at_37"
"Gm10481","ENSMUSG00000096810.1",0.00567558427,-0.231620047,0.0465924315,0.963151564,1,"Geno_at_37"
"Nrros","ENSMUSG00000052384.14",-0.00567394796,4.29281358,-0.0625356555,0.950692557,1,"Geno_at_37"
"3110082I17Rik","ENSMUSG00000053553.11",0.00567376671,4.84641784,0.116801662,0.907807556,1,"Geno_at_37"
"Tm9sf2","ENSMUSG00000025544.13",-0.00565965833,7.24207879,-0.194176429,0.847366625,1,"Geno_at_37"
"Crem","ENSMUSG00000063889.16",0.00565762547,5.20536591,0.0922947841,0.927142782,1,"Geno_at_37"
"Rab3gap2","ENSMUSG00000039318.12",-0.00565552523,6.07234284,-0.190324053,0.850356839,1,"Geno_at_37"
"Csgalnact1","ENSMUSG00000036356.15",0.00565338381,4.83609554,0.113063708,0.910744766,1,"Geno_at_37"
"Pptc7","ENSMUSG00000038582.15",-0.00565096126,5.80187984,-0.140227773,0.88943162,1,"Geno_at_37"
"Tmem214","ENSMUSG00000038828.13",-0.00564866027,5.54730102,-0.140494705,0.889222572,1,"Geno_at_37"
"Eif3b","ENSMUSG00000056076.13",-0.00564581121,9.10887227,-0.209015961,0.835870145,1,"Geno_at_37"
"Hsd11b2","ENSMUSG00000031891.6",-0.0056429387,-0.731405071,-0.0521212427,0.958782882,1,"Geno_at_37"
"Rbm22","ENSMUSG00000024604.7",-0.00564251806,6.63721778,-0.191618362,0.849351941,1,"Geno_at_37"
"Dnttip2","ENSMUSG00000039756.12",0.0056420892,6.77477627,0.162378862,0.872112935,1,"Geno_at_37"
"Hnrnpll","ENSMUSG00000024095.15",-0.00563888563,7.99066423,-0.169370448,0.86665954,1,"Geno_at_37"
"Ap3m1","ENSMUSG00000021824.13",0.00563815685,5.77165443,0.145171705,0.885561109,1,"Geno_at_37"
"Fip1l1","ENSMUSG00000029227.15",-0.00563615682,7.36760687,-0.193066193,0.848228155,1,"Geno_at_37"
"Dus3l","ENSMUSG00000007603.9",0.00562623624,6.06946155,0.144784237,0.885864348,1,"Geno_at_37"
"Cggbp1","ENSMUSG00000054604.7",0.00562589106,7.31281298,0.142724961,0.887476266,1,"Geno_at_37"
"Gm10548","ENSMUSG00000073607.2",0.00562475104,1.31528586,0.055001732,0.956507322,1,"Geno_at_37"
"Ltb4r2","ENSMUSG00000040432.5",0.00561691766,-0.855281009,0.0631836495,0.950045781,1,"Geno_at_37"
"Atg13","ENSMUSG00000027244.14",-0.00561361053,6.60242634,-0.137016949,0.891946804,1,"Geno_at_37"
"Zfp868","ENSMUSG00000060427.15",0.00561236685,4.295079,0.100018124,0.921005507,1,"Geno_at_37"
"Nus1","ENSMUSG00000023068.16",-0.00561172553,6.86773206,-0.157423183,0.875982225,1,"Geno_at_37"
"Gm42998","ENSMUSG00000105466.1",-0.00560422192,-0.471258197,-0.0374925024,0.970365679,1,"Geno_at_37"
"Bahd1","ENSMUSG00000040007.8",-0.00560377902,6.00534845,-0.12369516,0.902394288,1,"Geno_at_37"
"Nolc1","ENSMUSG00000015176.11",-0.00559960218,8.14653507,-0.189233053,0.851204087,1,"Geno_at_37"
"Ptprc","ENSMUSG00000026395.16",-0.00559715046,10.076547,-0.195409222,0.846410217,1,"Geno_at_37"
"Gramd3","ENSMUSG00000001700.10",0.0055863403,5.19556994,0.112838764,0.910921564,1,"Geno_at_37"
"Gm37678","ENSMUSG00000103970.1",0.00558403851,-0.238677507,0.0469417764,0.962875487,1,"Geno_at_37"
"Mpc1-ps","ENSMUSG00000091498.4",0.00557515702,4.70636156,0.112493943,0.91119259,1,"Geno_at_37"
"Rpn1","ENSMUSG00000030062.7",-0.00557144572,7.7656281,-0.184928692,0.854548515,1,"Geno_at_37"
"Smarcd2","ENSMUSG00000078619.10",0.00557023449,7.20915671,0.181718814,0.857044339,1,"Geno_at_37"
"Rictor","ENSMUSG00000050310.9",0.00556740862,6.69214779,0.154713083,0.87809954,1,"Geno_at_37"
"Fam111a","ENSMUSG00000024691.13",0.00556588402,7.15047384,0.15047661,0.881411193,1,"Geno_at_37"
"Gm10655","ENSMUSG00000074256.3",0.00556533903,-0.707338002,0.0528758561,0.958186709,1,"Geno_at_37"
"Tnrc6b","ENSMUSG00000047888.10",0.00556205314,6.74264951,0.106430913,0.916094663,1,"Geno_at_37"
"Knstrn","ENSMUSG00000027331.15",0.00554382971,6.17207573,0.176364911,0.861210572,1,"Geno_at_37"
"Dennd6a","ENSMUSG00000040818.10",0.00554362829,5.39006006,0.123199806,0.90278312,1,"Geno_at_37"
"Ankrd28","ENSMUSG00000014496.8",-0.00554136994,6.62747499,-0.148929257,0.882621307,1,"Geno_at_37"
"Slc26a8","ENSMUSG00000036196.16",-0.00553608259,-0.502896113,-0.0538767978,0.957395966,1,"Geno_at_37"
"Mtrf1l","ENSMUSG00000019774.8",0.00552937059,4.09487179,0.0959601615,0.924200123,1,"Geno_at_37"
"Uhrf1bp1l","ENSMUSG00000019951.10",-0.00552921791,6.58518244,-0.180947666,0.857644166,1,"Geno_at_37"
"Zc3h15","ENSMUSG00000027091.14",0.00552377269,7.49913235,0.165610592,0.869591394,1,"Geno_at_37"
"Gm14845","ENSMUSG00000082729.3",-0.00552195738,0.232564864,-0.041541613,0.967143572,1,"Geno_at_37"
"Ivns1abp","ENSMUSG00000023150.14",-0.00551615859,8.57093355,-0.173282561,0.863611007,1,"Geno_at_37"
"Grk2","ENSMUSG00000024858.14",-0.00550854634,8.19439938,-0.152403792,0.87990444,1,"Geno_at_37"
"Galnt3","ENSMUSG00000026994.9",-0.00550814096,4.84866541,-0.0998520717,0.921136205,1,"Geno_at_37"
"Crocc","ENSMUSG00000040860.16",0.00550745871,4.52624339,0.0889664673,0.929708869,1,"Geno_at_37"
"Fam174a","ENSMUSG00000051185.9",0.00550564866,4.05940905,0.103633147,0.918160721,1,"Geno_at_37"
"4930456G14Rik","ENSMUSG00000102985.1",0.0055041471,-0.742962445,0.0551315281,0.956404793,1,"Geno_at_37"
"Psma3","ENSMUSG00000060073.9",0.00550224235,5.57088501,0.152509697,0.879821652,1,"Geno_at_37"
"Syde2","ENSMUSG00000036863.12",0.00549346762,2.789365,0.0607206808,0.951990529,1,"Geno_at_37"
"Gm9967","ENSMUSG00000055323.5",-0.00549173537,0.315440091,-0.0389431843,0.969197633,1,"Geno_at_37"
"Tulp4","ENSMUSG00000034377.10",-0.00548282815,5.80706079,-0.121238015,0.904323281,1,"Geno_at_37"
"Mpst","ENSMUSG00000071711.12",-0.00548265999,4.6209349,-0.131388478,0.896358586,1,"Geno_at_37"
"Rufy4","ENSMUSG00000061815.11",-0.00547630145,-0.754225918,-0.0548169644,0.956653276,1,"Geno_at_37"
"Thap12","ENSMUSG00000030753.15",-0.00547530675,7.29987113,-0.166908614,0.86857901,1,"Geno_at_37"
"Hdac4","ENSMUSG00000026313.16",0.00547431924,5.35193364,0.13167224,0.896136082,1,"Geno_at_37"
"Atxn7l1","ENSMUSG00000020564.17",0.00547417598,6.37714995,0.156067959,0.877040903,1,"Geno_at_37"
"Gm7334","ENSMUSG00000044645.8",0.00547341814,3.82389746,0.0486967671,0.961634647,1,"Geno_at_37"
"Arl8a","ENSMUSG00000026426.10",0.0054721901,5.27522976,0.111021964,0.912349672,1,"Geno_at_37"
"Sp3","ENSMUSG00000027109.16",-0.00546860978,7.54958502,-0.153596639,0.87897205,1,"Geno_at_37"
"Gm20755","ENSMUSG00000106461.1",-0.00546815517,-0.615079998,-0.055087464,0.9564396,1,"Geno_at_37"
"Kdm6a","ENSMUSG00000037369.17",-0.00546789164,6.31778169,-0.142652209,0.887533223,1,"Geno_at_37"
"Crtam","ENSMUSG00000032021.14",0.00546508991,2.82089076,0.0656605203,0.948090372,1,"Geno_at_37"
"Arhgap24","ENSMUSG00000057315.14",0.00546390381,1.25865542,0.0439261991,0.965258756,1,"Geno_at_37"
"Tspan13","ENSMUSG00000020577.17",-0.00546258209,6.35139186,-0.151393783,0.880694052,1,"Geno_at_37"
"Rab11b","ENSMUSG00000077450.13",0.00545246869,6.39597423,0.165918372,0.869351323,1,"Geno_at_37"
"Pop1","ENSMUSG00000022325.14",0.00545051738,6.14879874,0.16953924,0.866527965,1,"Geno_at_37"
"Socs6","ENSMUSG00000056153.15",0.0054484256,5.03832643,0.111518055,0.911959687,1,"Geno_at_37"
"Klhl36","ENSMUSG00000031828.9",0.00544657671,2.76345176,0.0613069237,0.951527607,1,"Geno_at_37"
"Sec16a","ENSMUSG00000026924.17",-0.00544557722,7.06744459,-0.179512385,0.85876081,1,"Geno_at_37"
"Pdss1","ENSMUSG00000026784.14",0.00544371278,4.30788833,0.109222071,0.913764784,1,"Geno_at_37"
"Pbk","ENSMUSG00000022033.9",0.00544301298,6.18541238,0.112814565,0.910957951,1,"Geno_at_37"
"Tmem18","ENSMUSG00000043061.10",-0.0054347878,5.60001458,-0.134507174,0.893913623,1,"Geno_at_37"
"Rfx7","ENSMUSG00000037674.15",-0.00542466546,7.60096342,-0.185304439,0.854256454,1,"Geno_at_37"
"Gm7964","ENSMUSG00000063902.13",0.0054165098,8.69694166,0.214756353,0.831432671,1,"Geno_at_37"
"Ccdc34","ENSMUSG00000027160.16",0.00541522657,5.1882654,0.10930596,0.913698823,1,"Geno_at_37"
"Mrm2","ENSMUSG00000029557.7",0.00541236166,2.76548814,0.073923118,0.941569765,1,"Geno_at_37"
"Gm32200","ENSMUSG00000103114.1",-0.00540797368,-0.804805966,-0.0587296418,0.953562864,1,"Geno_at_37"
"Gm3854","ENSMUSG00000109398.2",-0.00540597709,-0.369028925,-0.0434542952,0.965631741,1,"Geno_at_37"
"Pcca","ENSMUSG00000041650.15",-0.00540471755,4.07358004,-0.0911242067,0.928008885,1,"Geno_at_37"
"Mark3","ENSMUSG00000007411.16",-0.00540373914,6.42732581,-0.138284101,0.890954049,1,"Geno_at_37"
"Gm26511","ENSMUSG00000097155.1",-0.00540331757,-0.279923105,-0.0519521686,0.95891646,1,"Geno_at_37"
"Kyat1","ENSMUSG00000039648.14",-0.00540326034,3.41487455,-0.0832058076,0.934249061,1,"Geno_at_37"
"Hepacam2","ENSMUSG00000044156.14",-0.00540219945,3.31280252,-0.0328084129,0.974199583,1,"Geno_at_37"
"Meak7","ENSMUSG00000034105.9",0.00539972947,3.68362277,0.0943593133,0.925460741,1,"Geno_at_37"
"Jmjd6","ENSMUSG00000056962.11",0.00539283862,5.69712565,0.0816828712,0.935621891,1,"Geno_at_37"
"Zfp141","ENSMUSG00000092416.2",-0.00539045924,4.90113136,-0.118027057,0.906844951,1,"Geno_at_37"
"Kif2a","ENSMUSG00000021693.20",-0.00538752769,6.26756928,-0.14881695,0.882709149,1,"Geno_at_37"
"Akap14","ENSMUSG00000036551.6",0.00538160797,-0.519207252,0.0505593725,0.960016893,1,"Geno_at_37"
"Noxo1","ENSMUSG00000019320.14",0.00538029983,0.519183562,0.0359043047,0.971600142,1,"Geno_at_37"
"Gm13181","ENSMUSG00000081070.1",0.00537934094,0.147038241,0.0479238685,0.962099395,1,"Geno_at_37"
"Gm4419","ENSMUSG00000097055.2",0.00537849726,0.210241454,0.0373532634,0.970454574,1,"Geno_at_37"
"Gm45481","ENSMUSG00000110414.1",-0.00537516277,-0.520121932,-0.0509536468,0.959705373,1,"Geno_at_37"
"Odf3b","ENSMUSG00000047394.9",-0.00537396508,-0.356530846,-0.0488794954,0.961344253,1,"Geno_at_37"
"Klhl20","ENSMUSG00000026705.16",0.00536940911,5.48905922,0.14976309,0.881969169,1,"Geno_at_37"
"Rorc","ENSMUSG00000028150.14",-0.00536822202,7.06690893,-0.115151325,0.909169634,1,"Geno_at_37"
"Uck2","ENSMUSG00000026558.13",-0.00536483316,7.93420394,-0.154541575,0.878233565,1,"Geno_at_37"
"Gm18422","ENSMUSG00000108269.1",0.00536223415,-0.454146141,0.0454155705,0.964081635,1,"Geno_at_37"
"Rad1","ENSMUSG00000022248.14",-0.00535107825,4.56745529,-0.113880396,0.910102918,1,"Geno_at_37"
"B3gat2","ENSMUSG00000026156.8",0.0053503496,1.42473471,0.0449850338,0.9644219,1,"Geno_at_37"
"Zfp629","ENSMUSG00000045639.14",-0.00534893639,4.73866918,-0.087146818,0.931142751,1,"Geno_at_37"
"Itga7","ENSMUSG00000025348.9",0.00534660992,2.66334986,0.0204590577,0.983924681,1,"Geno_at_37"
"Ptcd1","ENSMUSG00000029624.10",0.00533891701,4.38211166,0.106151038,0.916179954,1,"Geno_at_37"
"Txlna","ENSMUSG00000053841.15",0.00533690171,7.54616621,0.158092132,0.87545974,1,"Geno_at_37"
"Prep","ENSMUSG00000019849.11",0.00533463762,6.82395615,0.155103872,0.877794172,1,"Geno_at_37"
"4933422A05Rik","ENSMUSG00000111746.1",-0.00532904289,-0.846813278,-0.0576370156,0.954425799,1,"Geno_at_37"
"Nfkbie","ENSMUSG00000023947.8",0.00532882228,5.09814837,0.10166225,0.919711554,1,"Geno_at_37"
"Ms4a1","ENSMUSG00000024673.9",-0.0053285167,-0.887539197,-0.061843137,0.951104205,1,"Geno_at_37"
"Ankrd13c","ENSMUSG00000039988.14",-0.00532724852,6.4900394,-0.156437238,0.876752405,1,"Geno_at_37"
"Tug1","ENSMUSG00000056579.18",0.00532688199,6.83203133,0.157633195,0.875818189,1,"Geno_at_37"
"Pde4c","ENSMUSG00000031842.15",-0.00532560456,3.69838202,-0.0775086741,0.938741399,1,"Geno_at_37"
"Fam234b","ENSMUSG00000030207.15",-0.00532529034,4.45161537,-0.0969013518,0.923459058,1,"Geno_at_37"
"Rnf227","ENSMUSG00000043419.11",-0.00532476439,2.90527089,-0.0753875892,0.940414462,1,"Geno_at_37"
"Cnih1","ENSMUSG00000015759.11",-0.00532168083,6.41518261,-0.155791842,0.877256629,1,"Geno_at_37"
"Chchd7","ENSMUSG00000042198.12",0.00532116067,3.88167825,0.0872416396,0.931068026,1,"Geno_at_37"
"Rhog","ENSMUSG00000073982.11",0.00531881554,6.85526822,0.165955436,0.869322413,1,"Geno_at_37"
"Gm5873","ENSMUSG00000093651.1",0.0053167575,4.20009574,0.097900825,0.922672179,1,"Geno_at_37"
"Zfp787","ENSMUSG00000046792.8",-0.00531072254,3.92352039,-0.0788770354,0.937662218,1,"Geno_at_37"
"Tmem104","ENSMUSG00000045980.13",0.00530701892,3.93478516,0.0786703734,0.937825198,1,"Geno_at_37"
"Ccdc73","ENSMUSG00000045106.12",0.00530503066,1.41707947,0.0535508009,0.957653499,1,"Geno_at_37"
"Gm9847","ENSMUSG00000050974.4",0.00530127739,2.58959595,0.0637352461,0.949610286,1,"Geno_at_37"
"Ubxn1","ENSMUSG00000071655.12",-0.00529978321,6.97785194,-0.172544676,0.864185846,1,"Geno_at_37"
"Bcl11b","ENSMUSG00000048251.15",-0.00529469839,7.93176447,-0.163102628,0.8715481,1,"Geno_at_37"
"Prf1","ENSMUSG00000037202.6",-0.00529107195,3.7033166,-0.0363479041,0.97141354,1,"Geno_at_37"
"Rflna","ENSMUSG00000037962.7",-0.0052888904,-0.563274698,-0.0482102163,0.961873117,1,"Geno_at_37"
"Nol9","ENSMUSG00000028948.16",0.0052821738,6.80050347,0.13647354,0.892372595,1,"Geno_at_37"
"Pi4k2b","ENSMUSG00000029186.12",0.00527148146,5.02504995,0.092621417,0.926829503,1,"Geno_at_37"
"Hddc3","ENSMUSG00000030532.6",0.00526973989,0.415073509,0.0450570334,0.964364996,1,"Geno_at_37"
"Gm10550","ENSMUSG00000101952.1",-0.00526932879,-0.461942436,-0.046175859,0.963480774,1,"Geno_at_37"
"Arl8b","ENSMUSG00000030105.8",-0.00525864939,6.93172281,-0.169309056,0.866707398,1,"Geno_at_37"
"Nhlrc2","ENSMUSG00000025078.9",0.00525832019,6.39806183,0.15380712,0.878807546,1,"Geno_at_37"
"Gm14287","ENSMUSG00000082329.1",-0.00525780609,2.3520635,-0.0640780131,0.949339673,1,"Geno_at_37"
"Gm15500","ENSMUSG00000086583.3",0.00525423393,10.2411812,0.176403711,0.861180364,1,"Geno_at_37"
"Gm12174","ENSMUSG00000080776.1",0.00525297994,7.69759431,0.186597701,0.853251388,1,"Geno_at_37"
"6820431F20Rik","ENSMUSG00000071796.13",0.00524473146,3.93015411,0.075325545,0.940463405,1,"Geno_at_37"
"Map2k3os","ENSMUSG00000042549.10",-0.00524392895,1.98221396,-0.0498848134,0.960549884,1,"Geno_at_37"
"Actr10","ENSMUSG00000021076.6",-0.00524337686,6.21116102,-0.141092475,0.888754459,1,"Geno_at_37"
"Trappc4","ENSMUSG00000032112.10",-0.00524017108,5.30863641,-0.130649291,0.896938238,1,"Geno_at_37"
"Gm45047","ENSMUSG00000109337.1",-0.00523965898,-0.596428168,-0.0480350099,0.962011569,1,"Geno_at_37"
"Actr3b","ENSMUSG00000056367.14",0.00523355774,6.46542674,0.0704977187,0.944552703,1,"Geno_at_37"
"Tent2","ENSMUSG00000042167.6",-0.00522320025,5.88692725,-0.14493973,0.885742655,1,"Geno_at_37"
"Mybbp1a","ENSMUSG00000040463.16",-0.00522307578,8.94458487,-0.189152699,0.851266495,1,"Geno_at_37"
"Acly","ENSMUSG00000020917.17",0.00522062104,8.70951643,0.158127728,0.875431939,1,"Geno_at_37"
"Dhx16","ENSMUSG00000024422.14",0.00520275569,6.68106265,0.166899464,0.868586145,1,"Geno_at_37"
"Kat2b-ps","ENSMUSG00000053208.10",0.00519529827,1.87059937,0.0559277227,0.955775876,1,"Geno_at_37"
"Calr","ENSMUSG00000003814.8",-0.00519209863,9.48895948,-0.146718624,0.884350641,1,"Geno_at_37"
"Mogs","ENSMUSG00000030036.8",0.00518159634,7.24673761,0.134576063,0.893859628,1,"Geno_at_37"
"Tmem234","ENSMUSG00000028797.20",-0.00517268611,6.56433567,-0.136554061,0.892309501,1,"Geno_at_37"
"Rab3ip","ENSMUSG00000064181.6",-0.00516988754,5.63897447,-0.140500801,0.889217798,1,"Geno_at_37"
"Cenpn","ENSMUSG00000031756.5",-0.00516977477,5.00512588,-0.087640818,0.930759346,1,"Geno_at_37"
"Zmym4","ENSMUSG00000042446.16",0.00516581609,6.19956255,0.150979139,0.881018251,1,"Geno_at_37"
"Pcna-ps2","ENSMUSG00000067608.5",-0.00516481746,7.36208361,-0.137164377,0.891831292,1,"Geno_at_37"
"Ctnnb1","ENSMUSG00000006932.17",0.00516323591,8.75958223,0.183807825,0.855419867,1,"Geno_at_37"
"Slc16a1","ENSMUSG00000032902.1",0.00515709193,6.9425733,0.13435914,0.894029654,1,"Geno_at_37"
"Eva1b","ENSMUSG00000050212.4",0.00515135144,3.31124333,0.0734783007,0.941920701,1,"Geno_at_37"
"Cpe","ENSMUSG00000037852.8",0.00515011794,2.39182132,0.0512198307,0.959495062,1,"Geno_at_37"
"Wdr12","ENSMUSG00000026019.15",0.00514792431,5.899204,0.121843637,0.903847779,1,"Geno_at_37"
"Gm7019","ENSMUSG00000103439.1",-0.00514670715,2.29565067,-0.0617235482,0.951198633,1,"Geno_at_37"
"Det1","ENSMUSG00000030610.13",-0.00514618262,4.33782311,-0.0971401218,0.923271069,1,"Geno_at_37"
"Dph1","ENSMUSG00000078789.9",-0.0051429086,3.50091573,-0.0705877842,0.944201446,1,"Geno_at_37"
"Cd36","ENSMUSG00000002944.15",0.00513812558,2.16160343,0.0479878919,0.962048802,1,"Geno_at_37"
"Gm4925","ENSMUSG00000069540.4",0.00513434835,-0.476322591,0.0430330029,0.965964729,1,"Geno_at_37"
"Cip2a","ENSMUSG00000033031.13",0.00513196333,7.44343128,0.146163836,0.884784732,1,"Geno_at_37"
"Cct2","ENSMUSG00000034024.8",-0.0051313906,9.29854192,-0.197696143,0.844636641,1,"Geno_at_37"
"9130208D14Rik","ENSMUSG00000086513.3",-0.00513136572,-0.140743928,-0.0450217541,0.964392879,1,"Geno_at_37"
"Gm38009","ENSMUSG00000103818.1",0.00513118194,0.031686355,0.0392221883,0.968977069,1,"Geno_at_37"
"N4bp2l2","ENSMUSG00000029655.17",-0.00512317396,6.83539761,-0.165915848,0.869353291,1,"Geno_at_37"
"Cbx7","ENSMUSG00000053411.16",-0.00511717384,6.55769136,-0.12571882,0.900806059,1,"Geno_at_37"
"Bop1","ENSMUSG00000022557.11",0.00511229286,6.82749042,0.153203199,0.879279563,1,"Geno_at_37"
"Ostc","ENSMUSG00000041084.8",-0.00511214897,6.40345565,-0.158437263,0.875190196,1,"Geno_at_37"
"4930453C13Rik","ENSMUSG00000113987.1",0.0051096256,-0.777706733,0.0427974709,0.966150896,1,"Geno_at_37"
"Dcp1b","ENSMUSG00000041477.14",-0.0051073508,3.96626541,-0.0924483563,0.926965818,1,"Geno_at_37"
"Tmod3","ENSMUSG00000058587.9",0.00510708249,7.50246745,0.178734934,0.859365789,1,"Geno_at_37"
"Cenpq","ENSMUSG00000023919.8",0.0051043107,5.0101852,0.116938351,0.907700174,1,"Geno_at_37"
"Ran","ENSMUSG00000029430.13",0.00510409823,8.63951765,0.168937765,0.86699684,1,"Geno_at_37"
"Tceal9","ENSMUSG00000042712.10",-0.00510063479,5.31586971,-0.130202286,0.897288797,1,"Geno_at_37"
"Lman1","ENSMUSG00000041891.16",0.00510037772,6.52165273,0.178693807,0.859397794,1,"Geno_at_37"
"Fkbp3","ENSMUSG00000020949.9",-0.00509397885,6.52711376,-0.159655991,0.874238504,1,"Geno_at_37"
"Taf5l","ENSMUSG00000038697.15",-0.00509375737,6.2262145,-0.119671537,0.905553363,1,"Geno_at_37"
"Spata7","ENSMUSG00000021007.14",-0.00509096006,2.26505174,-0.0550656449,0.956456836,1,"Geno_at_37"
"Ube2v2","ENSMUSG00000022674.15",0.0050817233,3.93566784,0.0915927255,0.927639805,1,"Geno_at_37"
"Hopx","ENSMUSG00000059325.14",-0.00507904272,2.35528306,-0.0485887682,0.961573984,1,"Geno_at_37"
"Gm15792","ENSMUSG00000085606.1",0.00506781339,1.42227497,0.0512790028,0.959448311,1,"Geno_at_37"
"Stmn1","ENSMUSG00000028832.11",-0.00506569489,7.39153248,-0.138875188,0.89049102,1,"Geno_at_37"
"Champ1","ENSMUSG00000047710.8",-0.00506564756,6.55594307,-0.141135286,0.888720935,1,"Geno_at_37"
"Gm11457","ENSMUSG00000086453.7",-0.0050519181,0.521430531,-0.0397737752,0.968541026,1,"Geno_at_37"
"Cdk19","ENSMUSG00000038481.13",0.00505028863,6.61693017,0.123059649,0.902893141,1,"Geno_at_37"
"Nfkbib","ENSMUSG00000030595.15",-0.00504577754,5.3303282,-0.141309919,0.888584188,1,"Geno_at_37"
"Arpc5l","ENSMUSG00000026755.14",-0.00504548491,6.47493327,-0.16392394,0.870907224,1,"Geno_at_37"
"Eogt","ENSMUSG00000035245.12",-0.00503188891,4.90259623,-0.100751348,0.92042842,1,"Geno_at_37"
"Gm37296","ENSMUSG00000104116.1",0.00502912311,-0.434304503,0.0417633914,0.966968266,1,"Geno_at_37"
"Get4","ENSMUSG00000025858.12",0.00502595262,5.9368889,0.125053761,0.901327972,1,"Geno_at_37"
"Aggf1","ENSMUSG00000021681.8",0.00502206203,6.47436784,0.133110468,0.895008468,1,"Geno_at_37"
"Cacfd1","ENSMUSG00000015488.14",-0.00501090071,5.54168553,-0.127905713,0.899090189,1,"Geno_at_37"
"Fhod1","ENSMUSG00000014778.10",-0.00499886117,5.96261104,-0.131375224,0.896368979,1,"Geno_at_37"
"Frmd4b","ENSMUSG00000030064.16",-0.00498402722,1.73316381,-0.04103295,0.967545653,1,"Geno_at_37"
"Gm11131","ENSMUSG00000079505.2",-0.00498326759,2.47090991,-0.053579139,0.957631112,1,"Geno_at_37"
"Emc6","ENSMUSG00000047260.4",0.00498053623,5.56478483,0.123531809,0.902522509,1,"Geno_at_37"
"Caskin2","ENSMUSG00000034471.12",-0.00497804473,3.46158319,-0.0634968471,0.949798504,1,"Geno_at_37"
"Hars2","ENSMUSG00000019143.15",0.00497394783,5.58429642,0.109889279,0.913240178,1,"Geno_at_37"
"Irak1","ENSMUSG00000031392.18",-0.00496986893,6.80597548,-0.157199317,0.876157089,1,"Geno_at_37"
"Btrc","ENSMUSG00000025217.15",-0.00496581606,4.38893729,-0.102208435,0.919281746,1,"Geno_at_37"
"Zkscan5","ENSMUSG00000055991.15",0.0049643998,3.62903844,0.0709747111,0.943896115,1,"Geno_at_37"
"Bbip1","ENSMUSG00000084957.3",-0.00496368036,4.90769083,-0.0983827903,0.922292759,1,"Geno_at_37"
"Rnf14","ENSMUSG00000060450.14",0.00496324202,5.95424343,0.153847574,0.878775929,1,"Geno_at_37"
"C1qtnf12","ENSMUSG00000023571.4",0.00495955982,3.50702004,0.0380253968,0.970057465,1,"Geno_at_37"
"Rps10-ps1","ENSMUSG00000060438.5",0.00495353533,6.29081122,0.101059344,0.920222711,1,"Geno_at_37"
"Kansl1l","ENSMUSG00000026004.15",0.0049523272,4.24163392,0.0871280817,0.931157516,1,"Geno_at_37"
"Eif3g","ENSMUSG00000070319.6",0.00494828409,7.28828391,0.170613506,0.865690653,1,"Geno_at_37"
"Cox10","ENSMUSG00000042148.8",0.00494712883,4.88109916,0.102594724,0.918977781,1,"Geno_at_37"
"Zfp970","ENSMUSG00000078866.10",-0.00494093032,2.03934187,-0.0371442623,0.970642267,1,"Geno_at_37"
"Wbp2","ENSMUSG00000034341.17",-0.00492685086,5.85736085,-0.15691922,0.876375886,1,"Geno_at_37"
"Zbtb45","ENSMUSG00000049600.8",-0.00492622487,4.96737315,-0.0881803887,0.930328269,1,"Geno_at_37"
"Fgl2","ENSMUSG00000039899.5",-0.00492347274,3.11098076,-0.0469873116,0.962874551,1,"Geno_at_37"
"Gm3807","ENSMUSG00000102881.1",-0.00491926524,-0.558161238,-0.0429201536,0.966053926,1,"Geno_at_37"
"Ssrp1","ENSMUSG00000027067.16",0.00491066532,8.96077524,0.169480388,0.866573841,1,"Geno_at_37"
"Kif9","ENSMUSG00000032489.17",-0.00491056895,0.957854433,-0.0387084114,0.969383232,1,"Geno_at_37"
"Mrc1","ENSMUSG00000026712.3",-0.00490167006,-0.89969518,-0.0612538452,0.951569519,1,"Geno_at_37"
"Snx9","ENSMUSG00000002365.10",-0.00488476647,5.67982294,-0.119467823,0.905713347,1,"Geno_at_37"
"Psma1","ENSMUSG00000030751.18",-0.00488473045,7.26375365,-0.160469884,0.87360305,1,"Geno_at_37"
"Rpl14","ENSMUSG00000025794.9",0.00488273445,7.88128147,0.168423136,0.867398054,1,"Geno_at_37"
"Gm14480","ENSMUSG00000081308.1",-0.00488219498,1.34920791,-0.0461199394,0.963524967,1,"Geno_at_37"
"Fh1","ENSMUSG00000026526.14",0.00487793516,6.17986863,0.146966063,0.884157045,1,"Geno_at_37"
"Insig2","ENSMUSG00000003721.14",0.00487167671,4.72147679,0.100465539,0.920653363,1,"Geno_at_37"
"AC154542.1","ENSMUSG00000117546.1",-0.00486827446,-0.601755781,-0.0496102321,0.960766845,1,"Geno_at_37"
"Rreb1","ENSMUSG00000039087.17",0.00486767608,6.28043206,0.0901354291,0.928886062,1,"Geno_at_37"
"Baalc","ENSMUSG00000022296.9",-0.00486139953,-0.475568588,-0.0355891821,0.97184929,1,"Geno_at_37"
"Fam172a","ENSMUSG00000064138.14",0.00485009184,5.81481495,0.119531978,0.905662963,1,"Geno_at_37"
"Trpm4","ENSMUSG00000038260.10",-0.00484322794,3.56455577,-0.0771654751,0.939012088,1,"Geno_at_37"
"Gm49310","ENSMUSG00000115686.1",-0.00484275269,-0.32578609,-0.0362011915,0.971365413,1,"Geno_at_37"
"Chmp1a","ENSMUSG00000000743.9",-0.00483776361,6.72260217,-0.168449147,0.867377774,1,"Geno_at_37"
"Micu2","ENSMUSG00000021973.9",0.00483521612,6.55430625,0.164324632,0.870594593,1,"Geno_at_37"
"Ifi30","ENSMUSG00000031838.8",0.00483188669,5.30161344,0.120769434,0.904691211,1,"Geno_at_37"
"Snrnp48","ENSMUSG00000021431.15",0.00482724771,6.68476248,0.179011909,0.859150249,1,"Geno_at_37"
"Gm46658","ENSMUSG00000117893.1",-0.00482103133,-0.645818305,-0.0448996607,0.964489373,1,"Geno_at_37"
"Chchd3","ENSMUSG00000053768.13",0.00481702564,6.15393715,0.113383742,0.910493239,1,"Geno_at_37"
"Spcs3","ENSMUSG00000054408.9",-0.00481276216,7.56978207,-0.125603844,0.900896284,1,"Geno_at_37"
"Gimap7","ENSMUSG00000043931.10",-0.00480826597,1.47755752,-0.0341589625,0.972986566,1,"Geno_at_37"
"Mrps23","ENSMUSG00000023723.17",-0.00480538387,5.88875711,-0.136161237,0.892617317,1,"Geno_at_37"
"Tcerg1","ENSMUSG00000024498.16",-0.00480504252,8.12179728,-0.158896351,0.874831676,1,"Geno_at_37"
"Mki67","ENSMUSG00000031004.8",-0.00479840232,10.5436543,-0.152960441,0.879469313,1,"Geno_at_37"
"Dhodh","ENSMUSG00000031730.18",0.00477719322,4.43573533,0.0834450801,0.934060436,1,"Geno_at_37"
"8030462N17Rik","ENSMUSG00000047466.10",-0.00477317473,5.53713748,-0.123857762,0.902266658,1,"Geno_at_37"
"Gm10773","ENSMUSG00000112084.1",0.00477064247,-0.879145653,0.0576882306,0.954385349,1,"Geno_at_37"
"Tnfrsf14","ENSMUSG00000042333.16",0.00475640898,4.85711582,0.0662919135,0.947676937,1,"Geno_at_37"
"C330018D20Rik","ENSMUSG00000024592.15",-0.00475187971,3.71807496,-0.0695738,0.945001639,1,"Geno_at_37"
"Srrm2","ENSMUSG00000039218.17",-0.00475081233,10.3772667,-0.164967585,0.870092986,1,"Geno_at_37"
"Pdgfb","ENSMUSG00000000489.7",0.00474618159,7.74413077,0.0305521686,0.975999704,1,"Geno_at_37"
"Gm45718","ENSMUSG00000109390.1",0.00473502395,1.62425808,0.0427545403,0.966184829,1,"Geno_at_37"
"Vti1b","ENSMUSG00000021124.13",-0.00473500695,5.58581229,-0.126670639,0.900059187,1,"Geno_at_37"
"BC003965","ENSMUSG00000067722.4",0.00472731535,4.74653495,0.0897380286,0.929100952,1,"Geno_at_37"
"Gm16175","ENSMUSG00000087206.1",-0.00472705881,-0.564508913,-0.0412653338,0.96736196,1,"Geno_at_37"
"Mtmr1","ENSMUSG00000015214.14",-0.00472127661,5.85850842,-0.129265391,0.898023615,1,"Geno_at_37"
"Zfp516","ENSMUSG00000058881.13",0.00471847197,1.02516197,0.0397623276,0.968550075,1,"Geno_at_37"
"Etnk1","ENSMUSG00000030275.6",0.00470935239,8.36659311,0.12586724,0.900689591,1,"Geno_at_37"
"Aoc2","ENSMUSG00000078651.8",0.00470762006,4.35280481,0.0786987798,0.937802796,1,"Geno_at_37"
"Gm44005","ENSMUSG00000107624.1",0.00469880418,-0.966904965,0.0663492223,0.947546722,1,"Geno_at_37"
"Gm12112","ENSMUSG00000081254.1",0.00469738322,3.68532319,0.0687519404,0.945650258,1,"Geno_at_37"
"Prdm2","ENSMUSG00000057637.13",0.00469627517,7.72617371,0.110574124,0.912739356,1,"Geno_at_37"
"Gpatch4","ENSMUSG00000028069.16",0.00468739343,5.82490228,0.0932084078,0.926373432,1,"Geno_at_37"
"Ube2m","ENSMUSG00000005575.16",0.00468383609,6.95300015,0.118535631,0.906445485,1,"Geno_at_37"
"Baz2a","ENSMUSG00000040054.17",0.004683497,7.5261536,0.146535849,0.884493648,1,"Geno_at_37"
"Nlrp6","ENSMUSG00000038745.15",0.00467505699,1.54623486,0.0372412146,0.970543159,1,"Geno_at_37"
"Hmgcl","ENSMUSG00000028672.13",0.00467223145,4.4745721,0.10490174,0.91716268,1,"Geno_at_37"
"Clpb","ENSMUSG00000001829.17",0.00467029115,4.6945843,0.0819309218,0.935254156,1,"Geno_at_37"
"Mcm3ap","ENSMUSG00000001150.7",0.00466991398,6.78139691,0.156737391,0.876517925,1,"Geno_at_37"
"9930014A18Rik","ENSMUSG00000097493.3",-0.00466322644,0.636276172,-0.0377665582,0.970127828,1,"Geno_at_37"
"Scnm1","ENSMUSG00000092607.9",-0.00464767106,4.78675967,-0.102777006,0.91883435,1,"Geno_at_37"
"Zfp607b","ENSMUSG00000057093.14",0.00464614887,2.25064642,0.0527682813,0.958271696,1,"Geno_at_37"
"Stoml2","ENSMUSG00000028455.15",-0.00464600889,6.39202405,-0.133819411,0.894452718,1,"Geno_at_37"
"Acadm","ENSMUSG00000062908.12",0.00464443585,5.12789954,0.0773049125,0.938930683,1,"Geno_at_37"
"Tnpo2","ENSMUSG00000031691.14",-0.00463101528,7.41326495,-0.147999016,0.883348944,1,"Geno_at_37"
"Cpne6","ENSMUSG00000022212.15",0.00462545019,1.08860089,0.0204139321,0.983922936,1,"Geno_at_37"
"Gm8539","ENSMUSG00000106294.1",0.00462241254,4.45531032,0.0856948389,0.932287077,1,"Geno_at_37"
"Gid4","ENSMUSG00000018415.14",0.00462149569,6.11573543,0.127406054,0.899482186,1,"Geno_at_37"
"Itga11","ENSMUSG00000032243.8",0.0046189215,-0.513370559,0.0396726606,0.968620959,1,"Geno_at_37"
"Cenpu","ENSMUSG00000031629.14",0.00461674935,3.54542217,0.0675983365,0.946560757,1,"Geno_at_37"
"Usp32","ENSMUSG00000000804.14",-0.00460423961,5.6846986,-0.11976048,0.905483513,1,"Geno_at_37"
"Slc38a7","ENSMUSG00000036534.6",0.00460154206,3.8942401,0.0611732255,0.951633179,1,"Geno_at_37"
"Slc25a20","ENSMUSG00000032602.6",0.00459631786,4.59636147,0.0838833528,0.933714943,1,"Geno_at_37"
"Capzb","ENSMUSG00000028745.18",-0.00459364052,8.17940057,-0.182677458,0.856298792,1,"Geno_at_37"
"Abcf3","ENSMUSG00000003234.16",0.00459335104,5.60293038,0.0918729943,0.927419029,1,"Geno_at_37"
"Rcan3","ENSMUSG00000059713.12",0.0045887512,7.27917228,0.15552406,0.877465852,1,"Geno_at_37"
"Trim33","ENSMUSG00000033014.12",0.00458843421,7.06260453,0.141063821,0.888776896,1,"Geno_at_37"
"Ssbp2","ENSMUSG00000003992.15",0.00458696391,5.1068872,0.0929558167,0.926566113,1,"Geno_at_37"
"Rpain","ENSMUSG00000018449.12",0.00458403728,4.72104814,0.0950104038,0.924948004,1,"Geno_at_37"
"Gm2999","ENSMUSG00000115868.1",-0.00457900883,4.83584124,-0.104726901,0.917300224,1,"Geno_at_37"
"Gm42940","ENSMUSG00000106025.1",-0.00456862365,0.739583717,-0.0417019573,0.967016827,1,"Geno_at_37"
"Fam193b","ENSMUSG00000021495.10",-0.00456429612,7.10664703,-0.137731454,0.891387,1,"Geno_at_37"
"Leng1","ENSMUSG00000078813.3",-0.00455931628,3.69156755,-0.0699057838,0.944739645,1,"Geno_at_37"
"U2af1","ENSMUSG00000061613.13",0.00455903244,6.1438183,0.117002033,0.907650146,1,"Geno_at_37"
"Asna1","ENSMUSG00000052456.9",-0.00455125255,5.86616251,-0.131762402,0.896065385,1,"Geno_at_37"
"Ncbp3","ENSMUSG00000020783.14",-0.00455091197,7.05866447,-0.164862444,0.870175009,1,"Geno_at_37"
"Endov","ENSMUSG00000039850.16",0.00455089879,4.37745848,0.0769751859,0.939162176,1,"Geno_at_37"
"Gm48869","ENSMUSG00000113869.1",-0.0045470181,-0.34896589,-0.0253076308,0.980029112,1,"Geno_at_37"
"Alg11","ENSMUSG00000063362.13",-0.00453895713,4.32525843,-0.0831400119,0.934300931,1,"Geno_at_37"
"Gm12708","ENSMUSG00000084918.1",0.00453479705,0.645989958,0.0452455053,0.964216041,1,"Geno_at_37"
"Rtcb","ENSMUSG00000001783.3",0.00452891826,7.96979334,0.169898393,0.866248014,1,"Geno_at_37"
"Mcoln3","ENSMUSG00000036853.5",0.00452456862,0.325678806,0.029485723,0.976675473,1,"Geno_at_37"
"Fam107b","ENSMUSG00000026655.15",0.00451728148,7.53841271,0.105076616,0.917058735,1,"Geno_at_37"
"Gm50240","ENSMUSG00000117725.1",0.00450358771,1.0195988,0.0430401176,0.965959106,1,"Geno_at_37"
"Gria2","ENSMUSG00000033981.14",-0.00449921272,-0.109184438,-0.0376833619,0.970193602,1,"Geno_at_37"
"Lcmt2","ENSMUSG00000074890.4",-0.00449672222,4.09204169,-0.069316937,0.945204354,1,"Geno_at_37"
"Exosc2","ENSMUSG00000039356.15",-0.00449533851,6.27576094,-0.134954231,0.89356323,1,"Geno_at_37"
"Sh3gl1","ENSMUSG00000003200.10",0.00449093528,6.1933014,0.135812764,0.892890394,1,"Geno_at_37"
"Actr3","ENSMUSG00000026341.16",0.00448817454,9.18755921,0.152339704,0.879954539,1,"Geno_at_37"
"Gm10053","ENSMUSG00000058927.6",0.00448541353,5.26312888,0.106160647,0.916172396,1,"Geno_at_37"
"Ywhae","ENSMUSG00000020849.13",0.0044830546,9.3660471,0.163116732,0.871537094,1,"Geno_at_37"
"Rnf40","ENSMUSG00000030816.8",0.00448215628,7.11523199,0.164564021,0.870407824,1,"Geno_at_37"
"Aftph","ENSMUSG00000049659.15",0.00447496294,7.34442745,0.162752039,0.871821695,1,"Geno_at_37"
"Prkcsh","ENSMUSG00000003402.14",-0.00447305402,7.34691687,-0.15115276,0.880882499,1,"Geno_at_37"
"Gm6467","ENSMUSG00000117327.1",-0.00446974024,3.43033913,-0.0676579271,0.946513723,1,"Geno_at_37"
"Bcl2a1a","ENSMUSG00000102037.1",0.00446952884,-0.948262824,0.0598214982,0.952700595,1,"Geno_at_37"
"Rab11fip4","ENSMUSG00000017639.13",0.00446945723,7.39388545,0.0883463089,0.930333422,1,"Geno_at_37"
"1700120C14Rik","ENSMUSG00000100599.2",-0.00446827903,0.0648040931,-0.0367703947,0.970915391,1,"Geno_at_37"
"Gm3636","ENSMUSG00000091754.8",-0.00446369166,1.10205268,-0.0401886087,0.968213096,1,"Geno_at_37"
"Foxred1","ENSMUSG00000039048.15",-0.00446197733,5.38205703,-0.109008658,0.913932593,1,"Geno_at_37"
"Abcc9","ENSMUSG00000030249.15",-0.00445593502,-0.949453767,-0.0615865487,0.951306809,1,"Geno_at_37"
"Amigo3","ENSMUSG00000032593.5",-0.00445167926,3.69805398,-0.0751450332,0.940605802,1,"Geno_at_37"
"Tmed9","ENSMUSG00000058569.8",-0.00444958776,7.16976271,-0.150472638,0.881414299,1,"Geno_at_37"
"Gm26782","ENSMUSG00000097431.2",-0.00444780996,3.25255623,-0.0596240111,0.952856552,1,"Geno_at_37"
"F13a1","ENSMUSG00000039109.16",0.00443816262,-0.538654778,0.0396252662,0.968658425,1,"Geno_at_37"
"Pdcl","ENSMUSG00000009030.14",0.00442895002,5.83646174,0.122092164,0.903652659,1,"Geno_at_37"
"Gstp1","ENSMUSG00000060803.6",-0.0044170551,5.77755381,-0.110171767,0.913018078,1,"Geno_at_37"
"Trmt1l","ENSMUSG00000053286.11",-0.00441210182,5.52678064,-0.0903449757,0.928622766,1,"Geno_at_37"
"Gm13033","ENSMUSG00000083816.3",0.00440742267,0.0878559032,0.0341923672,0.972953704,1,"Geno_at_37"
"Gm45758","ENSMUSG00000110516.1",-0.00440717873,-0.498868416,-0.044720594,0.964630898,1,"Geno_at_37"
"Gzf1","ENSMUSG00000027439.9",0.00440277739,4.87849381,0.0735678902,0.941850019,1,"Geno_at_37"
"C130083A15Rik","ENSMUSG00000108812.1",0.00440064883,0.148136913,0.0332113552,0.973729389,1,"Geno_at_37"
"Eef1akmt4","ENSMUSG00000115219.2",0.0043970485,2.77471474,0.0549865906,0.956519283,1,"Geno_at_37"
"Zfand6","ENSMUSG00000030629.15",0.00439564254,7.07098832,0.118792511,0.906243725,1,"Geno_at_37"
"Cenpj","ENSMUSG00000064128.8",0.00439388242,5.07556362,0.1100172,0.913139602,1,"Geno_at_37"
"Gm7327","ENSMUSG00000050900.5",-0.00438638349,4.3320434,-0.0829653157,0.934438652,1,"Geno_at_37"
"Gpbp1l1","ENSMUSG00000034042.16",0.00438345066,6.75797669,0.133604023,0.894621558,1,"Geno_at_37"
"Il18rap","ENSMUSG00000026068.11",-0.00438058723,5.75163574,-0.0557997106,0.956079646,1,"Geno_at_37"
"Trub2","ENSMUSG00000039826.13",0.00437843896,4.88052886,0.105128159,0.916984564,1,"Geno_at_37"
"Hdhd5","ENSMUSG00000058979.7",-0.00437530148,5.7617874,-0.0783200286,0.938158288,1,"Geno_at_37"
"Dbr1","ENSMUSG00000032469.12",-0.00437509769,5.5794752,-0.109327948,0.913681534,1,"Geno_at_37"
"Gm25361","ENSMUSG00000094650.1",-0.004373892,-0.589660815,-0.0384874448,0.969557918,1,"Geno_at_37"
"Pdia3","ENSMUSG00000027248.13",-0.00437264322,9.30068746,-0.156289612,0.876867736,1,"Geno_at_37"
"Rabgap1l","ENSMUSG00000026721.16",0.00435372817,8.11800584,0.14154033,0.88840377,1,"Geno_at_37"
"Dpp7","ENSMUSG00000026958.13",-0.00435049004,3.44599456,-0.0568338472,0.955060161,1,"Geno_at_37"
"Ntmt1","ENSMUSG00000026857.9",-0.00434824958,4.69296626,-0.0869228471,0.931319256,1,"Geno_at_37"
"Xlr4c","ENSMUSG00000031362.17",-0.00434810437,3.76614119,-0.0608533729,0.951885749,1,"Geno_at_37"
"Gm12990","ENSMUSG00000081136.1",-0.00434209353,-0.108227925,-0.0361762901,0.971385101,1,"Geno_at_37"
"Gmfb","ENSMUSG00000062014.13",0.00433379904,8.46457125,0.119452533,0.905725355,1,"Geno_at_37"
"Pola2","ENSMUSG00000024833.15",-0.00433168639,6.66406752,-0.112958594,0.910827381,1,"Geno_at_37"
"Elac2","ENSMUSG00000020549.14",-0.0043288697,6.20063503,-0.13268116,0.895345035,1,"Geno_at_37"
"Zfp955a","ENSMUSG00000094441.2",-0.00432273651,4.69515259,-0.0796269885,0.937070806,1,"Geno_at_37"
"Ginm1","ENSMUSG00000040006.13",-0.00432089708,4.53219768,-0.0803785184,0.936478187,1,"Geno_at_37"
"Apip","ENSMUSG00000010911.12",-0.00431877913,4.08994703,-0.0768622547,0.93925125,1,"Geno_at_37"
"Tmem123","ENSMUSG00000050912.15",-0.00431157737,7.30374726,-0.115614187,0.908740509,1,"Geno_at_37"
"Herc4","ENSMUSG00000020064.9",0.00430898493,6.54354987,0.128918614,0.898295619,1,"Geno_at_37"
"Skp1a","ENSMUSG00000036309.14",0.00430579153,7.67521228,0.135846852,0.89286368,1,"Geno_at_37"
"Gpc2","ENSMUSG00000029510.15",-0.0043009896,0.516110241,-0.0299685885,0.976293622,1,"Geno_at_37"
"Med13l","ENSMUSG00000018076.12",0.00429563696,6.58102325,0.0998588353,0.921130882,1,"Geno_at_37"
"Myh11","ENSMUSG00000018830.10",0.00428914695,2.20966058,0.0206357099,0.983767068,1,"Geno_at_37"
"Bcl2","ENSMUSG00000057329.7",0.00428719003,7.99973399,0.0915597357,0.92778047,1,"Geno_at_37"
"Pdhx","ENSMUSG00000010914.10",0.00428686099,4.5801043,0.0914384893,0.927761304,1,"Geno_at_37"
"Mgarp","ENSMUSG00000037161.14",0.00428282685,2.72549994,0.0186328051,0.985356508,1,"Geno_at_37"
"Crebzf","ENSMUSG00000051451.6",0.00427735267,6.81928043,0.101783066,0.919616479,1,"Geno_at_37"
"Fnta","ENSMUSG00000015994.10",-0.00426999563,5.9113165,-0.126945305,0.89984368,1,"Geno_at_37"
"Pwp1","ENSMUSG00000001785.13",0.00426596701,6.33297229,0.122596926,0.903256388,1,"Geno_at_37"
"Setd2","ENSMUSG00000044791.16",0.00425759384,7.60144049,0.133784959,0.894479725,1,"Geno_at_37"
"Mapk6","ENSMUSG00000042688.16",0.00425755148,7.09931987,0.114676266,0.90947749,1,"Geno_at_37"
"Gm50107","ENSMUSG00000118239.1",-0.00425720108,2.48508969,-0.0514477316,0.959315001,1,"Geno_at_37"
"Prpf39","ENSMUSG00000035597.19",0.00425415445,7.23359785,0.117679333,0.90711809,1,"Geno_at_37"
"Nipal4","ENSMUSG00000020411.2",0.00424671724,-0.0654724824,0.0323362421,0.974421362,1,"Geno_at_37"
"Nup50","ENSMUSG00000016619.10",0.00424637976,7.13250361,0.156132869,0.876990191,1,"Geno_at_37"
"Mapk8","ENSMUSG00000021936.14",-0.0042379167,5.70134672,-0.110621665,0.912664371,1,"Geno_at_37"
"Sppl3","ENSMUSG00000029550.11",0.00423249179,5.58974895,0.114174669,0.909871659,1,"Geno_at_37"
"Tes","ENSMUSG00000029552.19",0.00422936397,8.16394346,0.102446611,0.919131935,1,"Geno_at_37"
"Zfp955b","ENSMUSG00000096910.2",-0.00422383247,4.51108461,-0.0894537764,0.929324911,1,"Geno_at_37"
"Elk4","ENSMUSG00000026436.15",-0.00422365318,6.99138367,-0.12289491,0.903022462,1,"Geno_at_37"
"Marchf1","ENSMUSG00000036469.16",-0.00421878071,-0.15753362,-0.0340322025,0.973080344,1,"Geno_at_37"
"2410002F23Rik","ENSMUSG00000045411.16",0.00421790704,6.72678226,0.109420724,0.913608585,1,"Geno_at_37"
"Nono","ENSMUSG00000031311.17",-0.00421659665,8.85194766,-0.149329049,0.88230862,1,"Geno_at_37"
"Gm44126","ENSMUSG00000107770.1",0.00421563947,2.93585223,0.0642886176,0.949173405,1,"Geno_at_37"
"Lrrc40","ENSMUSG00000063052.9",0.00420429461,5.64670935,0.098120417,0.922499306,1,"Geno_at_37"
"Fscn1","ENSMUSG00000029581.14",0.00420164651,3.81562147,0.0314291367,0.975271722,1,"Geno_at_37"
"Gm8162","ENSMUSG00000111548.1",0.00419806506,-0.301607845,0.0368333275,0.970865635,1,"Geno_at_37"
"Cnot7","ENSMUSG00000031601.16",-0.00418404098,6.74056677,-0.122539718,0.903301298,1,"Geno_at_37"
"Gm37891","ENSMUSG00000104271.1",-0.0041823371,-0.896368423,-0.0549829354,0.95652217,1,"Geno_at_37"
"Ankrd50","ENSMUSG00000044864.16",-0.00417928376,6.54692328,-0.119370453,0.905789817,1,"Geno_at_37"
"Nfatc2ip","ENSMUSG00000030722.7",-0.00417872181,5.15151533,-0.0975019742,0.922986182,1,"Geno_at_37"
"H3c6","ENSMUSG00000069273.2",0.00417536813,0.422117502,0.0329396446,0.973944235,1,"Geno_at_37"
"Btk","ENSMUSG00000031264.13",0.00417078155,1.32592587,0.0301507061,0.976149605,1,"Geno_at_37"
"Gm43256","ENSMUSG00000105818.1",0.00416497577,-0.262653951,0.0298939752,0.976352626,1,"Geno_at_37"
"Psmd1","ENSMUSG00000026229.17",-0.00415734364,7.73693394,-0.117973691,0.90688687,1,"Geno_at_37"
"Fam114a1","ENSMUSG00000029185.14",-0.00415490611,0.57716748,-0.0334280442,0.973558051,1,"Geno_at_37"
"Osbpl5","ENSMUSG00000037606.18",-0.00415233754,3.18139378,-0.0521225289,0.958781865,1,"Geno_at_37"
"Pgghg","ENSMUSG00000062031.13",0.00413107462,4.90075638,0.0923639874,0.927032274,1,"Geno_at_37"
"Ikzf1","ENSMUSG00000018654.17",0.00412892939,8.72332858,0.172508163,0.864214293,1,"Geno_at_37"
"Pigyl","ENSMUSG00000010607.8",0.0041282143,3.64945961,0.0620754301,0.950920788,1,"Geno_at_37"
"Bcl7a","ENSMUSG00000029438.9",-0.00412691447,4.87618421,-0.0906314604,0.928397067,1,"Geno_at_37"
"Mindy1","ENSMUSG00000038712.16",-0.00412647097,3.83684156,-0.0686972977,0.945693384,1,"Geno_at_37"
"Ctr9","ENSMUSG00000005609.16",0.00412179805,6.18340014,0.12809445,0.898942126,1,"Geno_at_37"
"Kif20b","ENSMUSG00000024795.11",-0.00412103072,6.96653822,-0.135540851,0.893103485,1,"Geno_at_37"
"Ndufa7","ENSMUSG00000041881.13",-0.00411285928,5.65776963,-0.107349856,0.915237063,1,"Geno_at_37"
"Gm29155","ENSMUSG00000100764.1",-0.00411257671,-0.455713885,-0.0353777391,0.972016467,1,"Geno_at_37"
"Impa2","ENSMUSG00000024525.7",-0.00411095487,6.33266103,-0.0986225231,0.92210404,1,"Geno_at_37"
"Pdzd2","ENSMUSG00000022197.16",0.00410983599,0.733931424,0.0301980164,0.976112192,1,"Geno_at_37"
"Tmem128","ENSMUSG00000067365.10",0.00410834272,5.54747733,0.101202538,0.920073332,1,"Geno_at_37"
"Exoc1","ENSMUSG00000036435.13",0.00410673295,6.22845188,0.118631853,0.906369909,1,"Geno_at_37"
"Rnf126","ENSMUSG00000035890.9",0.00409608623,5.9565197,0.0900134147,0.928883985,1,"Geno_at_37"
"Gm22716","ENSMUSG00000095178.1",-0.00409312472,-0.406992683,-0.0356935872,0.971766743,1,"Geno_at_37"
"Gpkow","ENSMUSG00000031148.14",-0.00409230851,6.06779758,-0.116832572,0.907783274,1,"Geno_at_37"
"Cdk2ap1","ENSMUSG00000029394.11",-0.00409023824,5.46494554,-0.106052012,0.916257845,1,"Geno_at_37"
"Impad1","ENSMUSG00000066324.2",0.00408759891,6.47788664,0.093227837,0.926351863,1,"Geno_at_37"
"Atl2","ENSMUSG00000059811.13",-0.00408513588,6.10528266,-0.105928698,0.916354842,1,"Geno_at_37"
"Tarsl2","ENSMUSG00000030515.9",-0.0040836114,4.13782657,-0.0676093534,0.946552062,1,"Geno_at_37"
"Aatf","ENSMUSG00000018697.14",0.0040706923,5.89804191,0.127019254,0.899785659,1,"Geno_at_37"
"Cdk17","ENSMUSG00000020015.10",0.00406891788,7.28382642,0.0900704444,0.928884578,1,"Geno_at_37"
"Drg1","ENSMUSG00000020457.13",0.0040660628,6.91195325,0.124985911,0.90138122,1,"Geno_at_37"
"Srp54b","ENSMUSG00000112449.1",0.00406549324,-0.722646711,0.0367392015,0.970940052,1,"Geno_at_37"
"Psmc6","ENSMUSG00000021832.8",-0.00406439909,7.28368849,-0.137057095,0.891915349,1,"Geno_at_37"
"Gm19269","ENSMUSG00000110238.1",0.00406390723,-0.567843554,0.0348233952,0.972454765,1,"Geno_at_37"
"Sema4d","ENSMUSG00000021451.16",-0.0040633144,8.34418304,-0.153257601,0.879237041,1,"Geno_at_37"
"Arsb","ENSMUSG00000042082.7",0.00405507776,4.48950432,0.0542422537,0.957154694,1,"Geno_at_37"
"Bicdl1","ENSMUSG00000041609.16",-0.00405411063,6.02189986,-0.0730447056,0.942336721,1,"Geno_at_37"
"Ube2o","ENSMUSG00000020802.8",0.00405336389,5.49913516,0.113439124,0.910449713,1,"Geno_at_37"
"Sf3a2","ENSMUSG00000020211.15",-0.00405305759,6.79614778,-0.132788141,0.895261163,1,"Geno_at_37"
"Bik","ENSMUSG00000016758.4",-0.00404931097,1.73975476,-0.0401366169,0.968254195,1,"Geno_at_37"
"Nrbp1","ENSMUSG00000029148.15",0.00404011968,6.42363583,0.133428678,0.894759013,1,"Geno_at_37"
"Wac","ENSMUSG00000024283.15",0.00403027234,7.26047422,0.120624436,0.904805067,1,"Geno_at_37"
"Gm9118","ENSMUSG00000112825.1",0.00402926865,7.71082462,0.109054826,0.913896291,1,"Geno_at_37"
"Tcp1","ENSMUSG00000068039.13",0.00402863131,9.10393343,0.123969251,0.902179149,1,"Geno_at_37"
"Pcyt2","ENSMUSG00000025137.15",-0.00401094105,7.07409798,-0.128106181,0.898932923,1,"Geno_at_37"
"Fbxw4","ENSMUSG00000040913.11",0.00400792269,2.71303661,0.0459299425,0.963675121,1,"Geno_at_37"
"Gm45809","ENSMUSG00000109708.1",0.00400732113,0.0237207926,0.0301016412,0.976188405,1,"Geno_at_37"
"Prelid3b","ENSMUSG00000016257.15",0.00400300305,6.77019932,0.10963609,0.913439248,1,"Geno_at_37"
"Fut2","ENSMUSG00000055978.5",-0.00400253814,-0.538715818,-0.0361110934,0.971436648,1,"Geno_at_37"
"Mff","ENSMUSG00000026150.14",0.00400050109,6.50206388,0.124058264,0.902109283,1,"Geno_at_37"
"Cdt1","ENSMUSG00000006585.3",-0.00399907048,6.60599164,-0.0998083788,0.921170596,1,"Geno_at_37"
"Gm50010","ENSMUSG00000117499.1",0.00399496287,3.07372363,0.0465408635,0.963192317,1,"Geno_at_37"
"Anks1","ENSMUSG00000024219.16",0.00399371417,6.0995819,0.107653911,0.914997938,1,"Geno_at_37"
"Emc8","ENSMUSG00000031819.13",0.00399271152,5.55650547,0.0899436102,0.928938981,1,"Geno_at_37"
"Gm40915","ENSMUSG00000114404.1",0.00399165953,-0.546889325,0.0420873577,0.966712189,1,"Geno_at_37"
"Zkscan1","ENSMUSG00000029729.12",-0.0039914137,5.79957828,-0.087739112,0.930675998,1,"Geno_at_37"
"Csnk2a2","ENSMUSG00000046707.9",0.00398217096,6.96844145,0.13145783,0.896304204,1,"Geno_at_37"
"Gm8971","ENSMUSG00000114321.1",-0.00398027656,0.1491245,-0.0317859059,0.974856536,1,"Geno_at_37"
"Rnf34","ENSMUSG00000029474.7",-0.00397112655,4.82797233,-0.0712648601,0.943667159,1,"Geno_at_37"
"Gm44986","ENSMUSG00000108573.1",0.0039706002,1.49424905,0.0380349899,0.969915613,1,"Geno_at_37"
"Srp19","ENSMUSG00000014504.16",-0.00395442545,5.80243389,-0.102244925,0.919253032,1,"Geno_at_37"
"Pisd","ENSMUSG00000023452.19",0.00395305786,4.36812277,0.0725337162,0.942665966,1,"Geno_at_37"
"Pknox1","ENSMUSG00000006705.13",0.00395293955,6.38451989,0.125644882,0.90086408,1,"Geno_at_37"
"G3bp2","ENSMUSG00000029405.16",-0.00395046245,7.67967799,-0.143141269,0.887150357,1,"Geno_at_37"
"Gm47089","ENSMUSG00000111223.1",-0.00395007376,-0.595533884,-0.034520834,0.972693991,1,"Geno_at_37"
"Tbce","ENSMUSG00000039233.12",-0.00394985419,5.70466483,-0.108488755,0.914341415,1,"Geno_at_37"
"Whamm","ENSMUSG00000045795.10",-0.00394843423,4.28218101,-0.0806405177,0.936271596,1,"Geno_at_37"
"Strap","ENSMUSG00000030224.10",-0.00394766605,8.06896869,-0.121407061,0.904190552,1,"Geno_at_37"
"Dok4","ENSMUSG00000040631.8",-0.0039451006,1.38547924,-0.0353764706,0.97201747,1,"Geno_at_37"
"Rbm43","ENSMUSG00000036249.16",-0.00394493488,4.40268248,-0.06956766,0.945006484,1,"Geno_at_37"
"Gm9929","ENSMUSG00000053925.4",0.00393608027,0.702252458,0.0341641275,0.972976032,1,"Geno_at_37"
"Gm5374","ENSMUSG00000114152.1",-0.0039274791,-0.343759132,-0.0346280523,0.972609217,1,"Geno_at_37"
"Gnai2","ENSMUSG00000032562.13",-0.00392308833,8.69497255,-0.114404103,0.90969136,1,"Geno_at_37"
"Jrkl","ENSMUSG00000079083.3",-0.00392306171,3.807925,-0.0622361601,0.950793878,1,"Geno_at_37"
"Tor1b","ENSMUSG00000026848.14",0.00392080283,5.95239474,0.111367599,0.91207796,1,"Geno_at_37"
"Tm9sf3","ENSMUSG00000025016.11",-0.0039103606,8.68508955,-0.134912661,0.893595811,1,"Geno_at_37"
"Gm9821","ENSMUSG00000095332.2",-0.0039102114,5.13148834,-0.0654629672,0.948268972,1,"Geno_at_37"
"Dgat1","ENSMUSG00000022555.12",-0.00390638569,4.28620008,-0.078047911,0.938316107,1,"Geno_at_37"
"Napb","ENSMUSG00000027438.14",0.0039024914,1.30543794,0.0358720945,0.971625608,1,"Geno_at_37"
"Gm5578","ENSMUSG00000029633.9",-0.00389930445,3.73628129,-0.0650784568,0.948549863,1,"Geno_at_37"
"Plekhm2","ENSMUSG00000028917.14",-0.00389443304,4.98963972,-0.0926998892,0.926767694,1,"Geno_at_37"
"Chek2","ENSMUSG00000029521.7",-0.00388607738,4.41947275,-0.0821541709,0.935078143,1,"Geno_at_37"
"Nploc4","ENSMUSG00000039703.15",-0.00388424365,7.04493503,-0.141117761,0.888734657,1,"Geno_at_37"
"Rufy2","ENSMUSG00000020070.18",-0.0038791294,4.87163652,-0.0776145588,0.938657887,1,"Geno_at_37"
"Cdc25b","ENSMUSG00000027330.16",-0.00387900294,6.67004533,-0.11856838,0.906419763,1,"Geno_at_37"
"Elf2","ENSMUSG00000037174.18",0.00387807995,6.5725372,0.105494142,0.916696666,1,"Geno_at_37"
"Parp16","ENSMUSG00000032392.11",0.00387405254,1.97122011,0.0326163895,0.97419984,1,"Geno_at_37"
"Ufc1","ENSMUSG00000062963.10",0.00387337738,5.68818682,0.109400047,0.913624844,1,"Geno_at_37"
"Scfd1","ENSMUSG00000020952.10",0.00387038239,5.99032718,0.105900318,0.916377165,1,"Geno_at_37"
"Glg1","ENSMUSG00000003316.14",0.00386790684,8.05813011,0.107971658,0.914748054,1,"Geno_at_37"
"Eif4ebp3","ENSMUSG00000090264.1",0.00386257233,0.496445328,0.0311922186,0.975325999,1,"Geno_at_37"
"Mak16","ENSMUSG00000031578.5",-0.00385229249,5.56477731,-0.0800163861,0.936763742,1,"Geno_at_37"
"Ftsj3","ENSMUSG00000020706.13",-0.00384857359,7.60601514,-0.131990293,0.8958867,1,"Geno_at_37"
"Tmcc3","ENSMUSG00000020023.18",0.00384199033,2.80367478,0.0480434523,0.962004897,1,"Geno_at_37"
"Rhebl1","ENSMUSG00000023755.10",-0.00383505144,4.06945709,-0.0654439547,0.948261331,1,"Geno_at_37"
"Fcsk","ENSMUSG00000033703.9",-0.00383141687,4.28476633,-0.0845419846,0.933195764,1,"Geno_at_37"
"Aven","ENSMUSG00000003604.14",-0.00382879164,5.31739848,-0.0649159517,0.948711676,1,"Geno_at_37"
"Paip2b","ENSMUSG00000045896.14",-0.00382426133,6.1990563,-0.110482618,0.912773686,1,"Geno_at_37"
"Iqcd","ENSMUSG00000029601.13",-0.00382341939,0.0366065982,-0.037802716,0.970099243,1,"Geno_at_37"
"Onecut2","ENSMUSG00000045991.19",0.0038167985,-0.724606183,0.0407255493,0.967788647,1,"Geno_at_37"
"Dnajb12","ENSMUSG00000020109.13",0.00381509661,5.90064685,0.105652678,0.916571959,1,"Geno_at_37"
"Timm44","ENSMUSG00000002949.15",-0.00381183892,6.35565866,-0.121016598,0.904497135,1,"Geno_at_37"
"Gm7799","ENSMUSG00000087457.1",0.00380970908,-0.857669462,0.0465047074,0.96322089,1,"Geno_at_37"
"Gm11707","ENSMUSG00000086481.1",-0.00380841006,2.17122145,-0.0318684493,0.974793777,1,"Geno_at_37"
"Tnfrsf23","ENSMUSG00000037613.16",-0.00380648567,3.67254682,-0.0527629432,0.958275913,1,"Geno_at_37"
"Zscan21","ENSMUSG00000037017.15",-0.00380620063,4.88618672,-0.10102074,0.920216406,1,"Geno_at_37"
"Zfp746","ENSMUSG00000057691.8",-0.00379461067,5.72718649,-0.115261989,0.909017243,1,"Geno_at_37"
"Cpped1","ENSMUSG00000065979.12",0.00379356691,4.24708255,0.0665776859,0.947366382,1,"Geno_at_37"
"Gm49159","ENSMUSG00000115306.1",0.00378742687,-0.689890424,0.0326985717,0.974134857,1,"Geno_at_37"
"Mrps17","ENSMUSG00000034211.14",0.00378696227,5.69448272,0.0969338196,0.923433495,1,"Geno_at_37"
"Olfml3","ENSMUSG00000027848.12",-0.00378596342,0.359990239,-0.0266840409,0.978891157,1,"Geno_at_37"
"Fcho1","ENSMUSG00000070000.13",-0.00377971921,7.43039312,-0.127783654,0.899185946,1,"Geno_at_37"
"Snapc4","ENSMUSG00000036281.13",-0.00376842329,5.69220918,-0.0857083994,0.93227639,1,"Geno_at_37"
"Dvl2","ENSMUSG00000020888.16",-0.00376827343,4.98033358,-0.0911472991,0.927990693,1,"Geno_at_37"
"Gm21926","ENSMUSG00000116995.1",0.00376268876,4.78551906,0.0767128672,0.939369081,1,"Geno_at_37"
"Mkrn2","ENSMUSG00000000439.9",0.00375669659,5.14662023,0.0772021576,0.938983155,1,"Geno_at_37"
"Gm42577","ENSMUSG00000107306.1",-0.00375443419,-0.514964718,-0.034111304,0.973017799,1,"Geno_at_37"
"Evi5","ENSMUSG00000011831.16",-0.00375259231,3.84225981,-0.0564024788,0.955400879,1,"Geno_at_37"
"Hhip","ENSMUSG00000064325.4",-0.00374970852,-0.943358661,-0.0498772314,0.960555875,1,"Geno_at_37"
"Gm26873","ENSMUSG00000097379.2",-0.00374653029,2.60688969,-0.0464831127,0.963237956,1,"Geno_at_37"
"Slc16a2","ENSMUSG00000033965.10",0.003734401,1.67850021,0.028807963,0.977211457,1,"Geno_at_37"
"Gm20098","ENSMUSG00000117175.1",-0.00373080325,-0.990998317,-0.0563581397,0.9554359,1,"Geno_at_37"
"Nxpe3","ENSMUSG00000075033.4",-0.00373008571,5.95974462,-0.0718795783,0.943212204,1,"Geno_at_37"
"Hsf1","ENSMUSG00000022556.11",0.00372921468,5.96906675,0.108526604,0.914311652,1,"Geno_at_37"
"Eif3l","ENSMUSG00000033047.5",0.00372858938,8.26550976,0.147833708,0.88347826,1,"Geno_at_37"
"Abca2","ENSMUSG00000026944.18",0.00372088291,7.56913155,0.111569719,0.911919074,1,"Geno_at_37"
"Metap2","ENSMUSG00000036112.15",-0.00371789766,8.0872773,-0.109517487,0.913532502,1,"Geno_at_37"
"Dtnbp1","ENSMUSG00000057531.14",-0.00370308651,4.09172359,-0.0657792513,0.947996646,1,"Geno_at_37"
"Rpe","ENSMUSG00000026005.15",0.00370306291,5.91500328,0.113942537,0.910054083,1,"Geno_at_37"
"Plbd2","ENSMUSG00000029598.12",-0.00369832882,5.41265159,-0.09101003,0.928098831,1,"Geno_at_37"
"Phykpl","ENSMUSG00000020359.13",0.00369776873,5.00959884,0.0658838272,0.947914094,1,"Geno_at_37"
"4931440P22Rik","ENSMUSG00000074580.11",0.00369219158,0.0246086218,0.0340088591,0.973098801,1,"Geno_at_37"
"Bag4","ENSMUSG00000037316.9",-0.00369119502,4.60168304,-0.0738193319,0.941651645,1,"Geno_at_37"
"Nrf1","ENSMUSG00000058440.14",-0.00369048358,6.34961913,-0.0902400864,0.928705402,1,"Geno_at_37"
"Plod1","ENSMUSG00000019055.15",0.0036864873,3.45113413,0.0576400232,0.954423423,1,"Geno_at_37"
"Gm13196","ENSMUSG00000083378.3",-0.00367948097,0.523437969,-0.0323115785,0.974440864,1,"Geno_at_37"
"Vps26a","ENSMUSG00000020078.16",-0.00367832615,5.95046625,-0.0860728971,0.93198911,1,"Geno_at_37"
"Slc25a19","ENSMUSG00000020744.13",-0.00365535649,5.75365527,-0.0909115369,0.928176422,1,"Geno_at_37"
"Nsrp1","ENSMUSG00000037958.13",0.00365522136,5.75161795,0.0958152594,0.924314221,1,"Geno_at_37"
"Muc16","ENSMUSG00000109564.1",-0.00365294902,-0.875211524,-0.0390809566,0.969088718,1,"Geno_at_37"
"Lrrc14","ENSMUSG00000033728.14",-0.00365172743,4.76872684,-0.0752984356,0.94048479,1,"Geno_at_37"
"Il3ra","ENSMUSG00000068758.8",-0.00365128147,4.70569859,-0.0707502041,0.944073276,1,"Geno_at_37"
"Sp100","ENSMUSG00000026222.16",0.00365005231,7.15706725,0.105050188,0.917045901,1,"Geno_at_37"
"Pitrm1","ENSMUSG00000021193.10",0.00364609208,6.83839344,0.0870105642,0.931250128,1,"Geno_at_37"
"Ccdc71","ENSMUSG00000049305.6",0.00364548918,5.54201893,0.0887949588,0.929844008,1,"Geno_at_37"
"Slc25a22","ENSMUSG00000019082.18",0.00364398529,5.58798043,0.0806060165,0.9362988,1,"Geno_at_37"
"Adprm","ENSMUSG00000020910.16",0.0036412541,4.20594278,0.0663160087,0.94757294,1,"Geno_at_37"
"Iffo1","ENSMUSG00000038271.17",0.00363845446,4.78661389,0.0751172011,0.940627758,1,"Geno_at_37"
"D10Wsu102e","ENSMUSG00000020255.8",-0.00363677791,6.74371291,-0.122004688,0.903721337,1,"Geno_at_37"
"Cwc25","ENSMUSG00000018541.10",0.00362914673,5.19173519,0.0811873028,0.935840461,1,"Geno_at_37"
"Stt3a","ENSMUSG00000032116.18",-0.00361832312,8.16297226,-0.139052171,0.890352388,1,"Geno_at_37"
"Gm37593","ENSMUSG00000103358.1",0.00361635831,-0.151163233,0.0335383972,0.973470794,1,"Geno_at_37"
"Ramac","ENSMUSG00000038646.13",-0.00361328713,5.54801075,-0.0945058525,0.925345338,1,"Geno_at_37"
"Ppp4c","ENSMUSG00000030697.7",-0.00360607393,7.36360184,-0.12438075,0.90185617,1,"Geno_at_37"
"Rps2-ps5","ENSMUSG00000098713.1",-0.00360099123,-0.401568477,-0.0382836721,0.969719012,1,"Geno_at_37"
"Eif4enif1","ENSMUSG00000020454.17",-0.00360035735,7.79509284,-0.10290459,0.91873396,1,"Geno_at_37"
"Bco2","ENSMUSG00000032066.9",-0.00359973268,-0.893338231,-0.0410007221,0.967571128,1,"Geno_at_37"
"Tor1a","ENSMUSG00000026849.18",0.00359922265,5.28594883,0.0836133346,0.933927798,1,"Geno_at_37"
"Gmppb","ENSMUSG00000070284.10",0.00359728803,4.86984409,0.0713715941,0.943582937,1,"Geno_at_37"
"Gm45804","ENSMUSG00000110442.1",-0.00359683607,-0.197755205,-0.0256127884,0.979738393,1,"Geno_at_37"
"Dnm2","ENSMUSG00000033335.17",-0.00358934114,7.45872788,-0.12505884,0.901323986,1,"Geno_at_37"
"Ccdc50","ENSMUSG00000038127.15",0.00358910008,8.33833281,0.105235834,0.916899861,1,"Geno_at_37"
"Dhx36","ENSMUSG00000027770.5",-0.00358423829,7.06811193,-0.109840577,0.91327847,1,"Geno_at_37"
"Iqgap3","ENSMUSG00000028068.14",-0.00357919474,4.75658806,-0.0692378918,0.945266736,1,"Geno_at_37"
"Fbxl15","ENSMUSG00000025226.11",-0.00357783047,1.91930461,-0.0375858024,0.970270731,1,"Geno_at_37"
"Tprkb","ENSMUSG00000054226.13",-0.00357709358,4.96535697,-0.0801221137,0.936680371,1,"Geno_at_37"
"Elf4","ENSMUSG00000031103.12",-0.00357252295,7.46352853,-0.0992085654,0.921642724,1,"Geno_at_37"
"Zdhhc7","ENSMUSG00000031823.14",-0.00357045456,5.64296884,-0.100212336,0.920852647,1,"Geno_at_37"
"Txndc5","ENSMUSG00000038991.17",-0.00356915506,6.85290987,-0.102392379,0.919137002,1,"Geno_at_37"
"Sox5os3","ENSMUSG00000085785.7",0.00356910562,-0.925797437,0.0450943499,0.964335504,1,"Geno_at_37"
"Gm7862","ENSMUSG00000046580.10",0.00356549896,2.5738838,0.0422978142,0.966545837,1,"Geno_at_37"
"Atxn2","ENSMUSG00000042605.16",-0.00356043091,6.11634931,-0.0900067626,0.928889225,1,"Geno_at_37"
"Btf3l4","ENSMUSG00000028568.16",-0.00355586912,4.44243812,-0.0686530015,0.945728344,1,"Geno_at_37"
"Puf60","ENSMUSG00000002524.17",0.00355515601,7.47302695,0.123467573,0.902572931,1,"Geno_at_37"
"Gm4766","ENSMUSG00000117217.1",0.00355436803,-0.360370657,0.029616539,0.976572023,1,"Geno_at_37"
"Zdhhc12","ENSMUSG00000015335.16",0.00355246393,4.29262434,0.0764316818,0.939590871,1,"Geno_at_37"
"Sec1","ENSMUSG00000040364.8",0.00354971567,2.37264937,0.0304527732,0.975918147,1,"Geno_at_37"
"Gm37829","ENSMUSG00000104453.1",-0.00354870808,1.6130031,-0.0406214214,0.967870959,1,"Geno_at_37"
"Cc2d1a","ENSMUSG00000036686.16",-0.00354580607,5.29056774,-0.0745753714,0.941055194,1,"Geno_at_37"
"Nr4a3","ENSMUSG00000028341.9",-0.00354447504,8.39792857,-0.0318734747,0.974961195,1,"Geno_at_37"
"Pomc","ENSMUSG00000020660.6",-0.00354331197,0.24254346,-0.0275181138,0.97823152,1,"Geno_at_37"
"Rinl","ENSMUSG00000051735.7",-0.00354185215,6.69875726,-0.0587027693,0.953733433,1,"Geno_at_37"
"n-R5s204","ENSMUSG00000064906.1",-0.00354038942,-0.340036028,-0.0328036663,0.974051756,1,"Geno_at_37"
"Prpf31","ENSMUSG00000008373.16",-0.00352966754,7.10399332,-0.0963991037,0.923854504,1,"Geno_at_37"
"Gm43462","ENSMUSG00000105561.1",0.00352936419,0.505969201,0.0279656685,0.977877572,1,"Geno_at_37"
"Hmga1b","ENSMUSG00000078249.5",-0.00352778714,6.2855036,-0.0783614073,0.938068863,1,"Geno_at_37"
"B230307C23Rik","ENSMUSG00000080717.10",-0.00352568968,3.60319874,-0.0503404665,0.960189856,1,"Geno_at_37"
"Il15ra","ENSMUSG00000023206.16",-0.00352544341,3.21376352,-0.0296832835,0.976581628,1,"Geno_at_37"
"Adora2a","ENSMUSG00000020178.6",0.00352524288,4.42147219,0.0489848273,0.961283252,1,"Geno_at_37"
"Selenot","ENSMUSG00000075700.9",0.00352512089,7.87861941,0.126572389,0.900136278,1,"Geno_at_37"
"Fkbp8","ENSMUSG00000019428.16",0.00352495177,7.53844287,0.116048069,0.908399609,1,"Geno_at_37"
"Elavl1","ENSMUSG00000040028.10",0.00352288211,7.24659486,0.121757721,0.903915234,1,"Geno_at_37"
"Ap1g1","ENSMUSG00000031731.16",0.00350949428,6.92150598,0.113943395,0.910053408,1,"Geno_at_37"
"Gm45220","ENSMUSG00000109279.1",-0.00350853516,1.12043997,-0.031341739,0.975207764,1,"Geno_at_37"
"Ppid","ENSMUSG00000027804.13",0.00350729979,7.41570083,0.110973773,0.912387558,1,"Geno_at_37"
"Tenm4","ENSMUSG00000048078.16",0.0035030164,-0.905450923,0.0421289754,0.966679293,1,"Geno_at_37"
"Sec63","ENSMUSG00000019802.13",0.0034978924,6.97417698,0.119729614,0.905507753,1,"Geno_at_37"
"Armc10","ENSMUSG00000038525.16",0.00349680589,5.95614293,0.0877180792,0.930692572,1,"Geno_at_37"
"Ube2i","ENSMUSG00000015120.15",-0.00349357752,7.36388711,-0.116297844,0.90820337,1,"Geno_at_37"
"Tex11","ENSMUSG00000009670.11",0.00348639685,-0.411446294,0.00804460633,0.993679465,1,"Geno_at_37"
"Zswim4","ENSMUSG00000035671.6",-0.00348194854,5.89502658,-0.0786459738,0.93784444,1,"Geno_at_37"
"Gxylt1","ENSMUSG00000036197.16",0.00347910158,5.97207828,0.0780178308,0.93833983,1,"Geno_at_37"
"Ccr3","ENSMUSG00000035448.9",0.00347666653,-0.969740972,0.0503858416,0.960154004,1,"Geno_at_37"
"Parp2","ENSMUSG00000036023.6",0.00347223893,6.10491707,0.119217065,0.905910283,1,"Geno_at_37"
"Golga1","ENSMUSG00000026754.16",0.0034711269,5.09447223,0.0727224154,0.94251708,1,"Geno_at_37"
"Ubqln1","ENSMUSG00000005312.15",-0.00347009327,7.62720598,-0.118942009,0.906126308,1,"Geno_at_37"
"Cables2","ENSMUSG00000038990.14",-0.00346234686,6.16891273,-0.100769305,0.920414288,1,"Geno_at_37"
"Nefh","ENSMUSG00000020396.8",0.00346221848,5.29563514,0.0492125125,0.961179734,1,"Geno_at_37"
"Xylb","ENSMUSG00000035769.9",-0.0034564484,2.28870129,-0.031127084,0.975377505,1,"Geno_at_37"
"Pdcd4","ENSMUSG00000024975.13",0.0034562,7.74272032,0.0662200442,0.947785569,1,"Geno_at_37"
"Slc35e2","ENSMUSG00000042202.15",-0.00345434813,5.54192026,-0.0861897833,0.931896988,1,"Geno_at_37"
"Zfp622","ENSMUSG00000052253.6",0.00345072992,6.49409516,0.0725419308,0.942684075,1,"Geno_at_37"
"Gm25777","ENSMUSG00000080364.1",0.00344726317,1.03820889,0.0278880633,0.977938945,1,"Geno_at_37"
"Sri","ENSMUSG00000003161.15",-0.00344190095,7.39346075,-0.123277011,0.902722516,1,"Geno_at_37"
"Mdh1","ENSMUSG00000020321.16",0.00344190017,7.18085299,0.10986349,0.913260455,1,"Geno_at_37"
"Gm10268","ENSMUSG00000066475.6",0.00343692173,-0.0479351469,0.0304093474,0.975945074,1,"Geno_at_37"
"Osbpl11","ENSMUSG00000022807.9",-0.00343454548,5.55438937,-0.110146199,0.913038181,1,"Geno_at_37"
"Dip2b","ENSMUSG00000023026.16",0.00342567075,7.6292732,0.10541287,0.916760598,1,"Geno_at_37"
"Tmem147","ENSMUSG00000006315.9",0.00342257132,5.29937858,0.0869043777,0.931333811,1,"Geno_at_37"
"Slc38a5","ENSMUSG00000031170.14",0.00341782581,-0.656335708,0.027323319,0.978385574,1,"Geno_at_37"
"Serp1","ENSMUSG00000027808.8",0.00341469466,7.20349557,0.112736576,0.911001882,1,"Geno_at_37"
"Gm49396","ENSMUSG00000109378.1",-0.0034142342,3.37302064,-0.0441131281,0.965111012,1,"Geno_at_37"
"Cnr1","ENSMUSG00000044288.6",0.00340769795,-0.986347481,0.0498136226,0.960606136,1,"Geno_at_37"
"Gm7478","ENSMUSG00000107327.1",-0.00340465744,-0.372398496,-0.0309543125,0.975514128,1,"Geno_at_37"
"Gm6733","ENSMUSG00000084329.1",0.00339973059,2.43481375,0.04765731,0.962310037,1,"Geno_at_37"
"Racgap1","ENSMUSG00000023015.14",-0.00338017841,7.82650716,-0.123343389,0.902670411,1,"Geno_at_37"
"Abcg2","ENSMUSG00000029802.13",0.00337600358,4.17304867,0.062001637,0.950979054,1,"Geno_at_37"
"A430028G04Rik","ENSMUSG00000112417.1",0.00337114929,-0.698179548,0.0352442014,0.97212205,1,"Geno_at_37"
"Fnbp1","ENSMUSG00000075415.13",-0.00336784453,8.23116903,-0.121129435,0.904408536,1,"Geno_at_37"
"Sptlc2","ENSMUSG00000021036.10",0.00336566075,5.91273497,0.100665342,0.920496109,1,"Geno_at_37"
"Cox19","ENSMUSG00000045438.12",0.00336543932,4.39956643,0.0677155845,0.946468214,1,"Geno_at_37"
"Fam219b","ENSMUSG00000032305.15",0.00336287137,4.23404193,0.0623135738,0.950732754,1,"Geno_at_37"
"Ptk2","ENSMUSG00000022607.18",0.00335717365,4.91759537,0.0690821071,0.945389683,1,"Geno_at_37"
"Atf7","ENSMUSG00000099083.7",0.00335527133,6.12277084,0.0906117131,0.928412624,1,"Geno_at_37"
"Fam3c","ENSMUSG00000029672.16",0.00335116479,7.33159574,0.0928527699,0.926647277,1,"Geno_at_37"
"Fbxo30","ENSMUSG00000047648.13",0.00335037653,6.34182853,0.0906720504,0.92836509,1,"Geno_at_37"
"Dcp1a","ENSMUSG00000021962.9",0.00334772867,6.33062417,0.10363481,0.918159412,1,"Geno_at_37"
"Uso1","ENSMUSG00000029407.10",-0.00334499395,6.72791148,-0.101878196,0.919541617,1,"Geno_at_37"
"Ctbp1","ENSMUSG00000037373.12",-0.00333640508,7.92340965,-0.12381699,0.902298661,1,"Geno_at_37"
"2810004N23Rik","ENSMUSG00000031984.8",-0.00333558525,5.69881339,-0.0985199881,0.922184756,1,"Geno_at_37"
"Gm8784","ENSMUSG00000113936.1",0.00333521363,2.91109779,0.0473928392,0.962519033,1,"Geno_at_37"
"Mdm2","ENSMUSG00000020184.15",0.00333242998,6.75784234,0.0574214861,0.954724802,1,"Geno_at_37"
"Caprin2","ENSMUSG00000030309.16",0.00332908656,3.85846227,0.0522611197,0.958672372,1,"Geno_at_37"
"Bub1","ENSMUSG00000027379.13",-0.00332825682,6.74669551,-0.0980937122,0.922520329,1,"Geno_at_37"
"Uspl1","ENSMUSG00000041264.16",-0.00332349704,5.97495226,-0.0991165489,0.921715155,1,"Geno_at_37"
"Klk8","ENSMUSG00000064023.4",-0.0033226223,4.69124246,-0.0622855704,0.950754865,1,"Geno_at_37"
"Rabep1","ENSMUSG00000020817.16",-0.00332240326,6.59837551,-0.10852098,0.914316074,1,"Geno_at_37"
"Chd1l","ENSMUSG00000028089.5",0.00331322011,5.63584253,0.086244699,0.931853707,1,"Geno_at_37"
"Gm37639","ENSMUSG00000102863.1",-0.00330906916,0.816590123,-0.0252792507,0.980002188,1,"Geno_at_37"
"Pcsk9","ENSMUSG00000044254.6",-0.00330355737,-0.283912658,-0.0301233103,0.976171269,1,"Geno_at_37"
"Pdzrn3","ENSMUSG00000035357.17",-0.00330089953,-0.673376326,-0.0342901175,0.972876414,1,"Geno_at_37"
"Pdcd5-ps","ENSMUSG00000102824.1",-0.00329843671,4.70499661,-0.0702817193,0.944442973,1,"Geno_at_37"
"Hps4","ENSMUSG00000042328.13",0.0032915342,4.54062535,0.067528711,0.946615713,1,"Geno_at_37"
"Gm10076","ENSMUSG00000060143.7",-0.00328907098,7.42875889,-0.0553617907,0.956388136,1,"Geno_at_37"
"Marchf9","ENSMUSG00000040502.5",0.00328616604,2.79794846,0.0447522564,0.964605873,1,"Geno_at_37"
"D9Wsu149","ENSMUSG00000111380.1",0.0032846518,2.68688191,0.039052788,0.969110986,1,"Geno_at_37"
"Dis3","ENSMUSG00000033166.11",-0.00328258848,6.9386432,-0.0926402941,0.926814635,1,"Geno_at_37"
"Abhd15","ENSMUSG00000000686.11",0.00327974473,0.460182064,0.0212973413,0.983151643,1,"Geno_at_37"
"Arpc1b","ENSMUSG00000029622.16",-0.00326985327,8.407284,-0.128834479,0.898361615,1,"Geno_at_37"
"Slc16a6","ENSMUSG00000041920.14",0.0032533749,5.24585616,0.0849024961,0.932911597,1,"Geno_at_37"
"Ints5","ENSMUSG00000071652.8",-0.00325149339,6.06704122,-0.0848681925,0.932938636,1,"Geno_at_37"
"Chmp3","ENSMUSG00000053119.11",-0.00325076543,6.58689274,-0.106410563,0.915975823,1,"Geno_at_37"
"Vps35","ENSMUSG00000031696.9",-0.00324708758,7.47677935,-0.108856205,0.914052471,1,"Geno_at_37"
"Birc3","ENSMUSG00000032000.17",-0.00324615725,7.01633644,-0.0880161622,0.930457679,1,"Geno_at_37"
"Srp68","ENSMUSG00000020780.15",-0.00323813763,7.07429434,-0.107777682,0.914900601,1,"Geno_at_37"
"Psmc3","ENSMUSG00000002102.15",-0.00323241334,7.56481488,-0.0907736724,0.928285031,1,"Geno_at_37"
"Eif1ad","ENSMUSG00000024841.8",0.00322902609,6.25863261,0.102208137,0.919281981,1,"Geno_at_37"
"Alyref","ENSMUSG00000025134.2",-0.00322206891,7.36139595,-0.110014561,0.913141677,1,"Geno_at_37"
"Trav4-3","ENSMUSG00000093966.2",-0.00322163208,1.0300553,-0.0296232824,0.976566691,1,"Geno_at_37"
"Pef1","ENSMUSG00000028779.16",-0.00322086444,5.44209785,-0.0834242757,0.934076836,1,"Geno_at_37"
"Got1l1","ENSMUSG00000039720.7",0.00321833589,-0.90896732,0.0392871033,0.968925752,1,"Geno_at_37"
"Fubp3","ENSMUSG00000026843.15",0.00321761594,6.36785243,0.108701877,0.914173826,1,"Geno_at_37"
"Ndufa12","ENSMUSG00000020022.17",-0.00321681695,4.95877342,-0.0717067423,0.94331848,1,"Geno_at_37"
"Erap1","ENSMUSG00000021583.7",0.0032129708,7.36823292,0.0854791599,0.93245707,1,"Geno_at_37"
"Gspt1","ENSMUSG00000062203.15",0.00320949345,8.198545,0.116456504,0.90807872,1,"Geno_at_37"
"Phf2","ENSMUSG00000038025.8",0.00320762854,6.95681723,0.102283141,0.91922296,1,"Geno_at_37"
"Cacul1","ENSMUSG00000033417.16",-0.0032074161,6.70953642,-0.0830189243,0.93439639,1,"Geno_at_37"
"Gm16523","ENSMUSG00000082315.2",0.00319730554,-0.166593177,0.02587961,0.979527366,1,"Geno_at_37"
"Ccar1","ENSMUSG00000020074.7",0.0031897934,8.03074324,0.102142407,0.919333705,1,"Geno_at_37"
"Chmp4b","ENSMUSG00000038467.15",0.00317309244,7.87305036,0.0860635014,0.931996515,1,"Geno_at_37"
"Gm49336","ENSMUSG00000114797.1",-0.00317207691,6.76693181,-0.0799982603,0.936778035,1,"Geno_at_37"
"Morf4l1-ps1","ENSMUSG00000116875.1",-0.00316657078,5.45277224,-0.0722956779,0.942853783,1,"Geno_at_37"
"Naa80","ENSMUSG00000079334.8",-0.00316642331,2.90787876,-0.0430406823,0.96595866,1,"Geno_at_37"
"Gps2","ENSMUSG00000023170.14",-0.00316538259,5.60741943,-0.0765087186,0.939530106,1,"Geno_at_37"
"Gm7206","ENSMUSG00000082475.2",0.00316449642,-0.492144391,0.0309122382,0.975547399,1,"Geno_at_37"
"Gm45309","ENSMUSG00000110087.1",0.00316156921,0.069045219,0.0264192483,0.979100575,1,"Geno_at_37"
"Phc1","ENSMUSG00000040669.14",-0.00315851123,5.38656536,-0.0709369541,0.943925909,1,"Geno_at_37"
"Gm38150","ENSMUSG00000103164.1",-0.00315338334,-0.529651256,-0.028420472,0.977517896,1,"Geno_at_37"
"Tsr1","ENSMUSG00000038335.13",-0.00315051722,6.55013675,-0.0784572415,0.937993283,1,"Geno_at_37"
"Brpf1","ENSMUSG00000001632.16",0.0031495584,6.7231594,0.0757455398,0.940132099,1,"Geno_at_37"
"Vkorc1l1","ENSMUSG00000066735.8",-0.00314707852,6.00024287,-0.0816490041,0.935476429,1,"Geno_at_37"
"Zfx","ENSMUSG00000079509.10",-0.00314538967,6.44716835,-0.0916248419,0.927614506,1,"Geno_at_37"
"Pla2g4c","ENSMUSG00000033847.15",-0.00314069481,2.44959063,-0.0309019994,0.975555496,1,"Geno_at_37"
"Rasd2","ENSMUSG00000034472.13",-0.00314052587,-0.58787324,-0.0283986826,0.977535127,1,"Geno_at_37"
"Arfgef2","ENSMUSG00000074582.10",0.00313803578,6.27477146,0.092136033,0.927211831,1,"Geno_at_37"
"Vcp-rs","ENSMUSG00000083327.1",0.00313482874,7.98016687,0.114437912,0.909664793,1,"Geno_at_37"
"Btla","ENSMUSG00000052013.15",0.00312534414,5.7862515,0.0656051012,0.94813412,1,"Geno_at_37"
"Mrpl3","ENSMUSG00000032563.16",0.00312090594,6.0112105,0.0870173016,0.931244819,1,"Geno_at_37"
"Ccdc82","ENSMUSG00000079084.10",0.00311766176,6.33999044,0.0836615986,0.933889751,1,"Geno_at_37"
"Skap2","ENSMUSG00000059182.7",-0.00311198723,3.68608438,-0.0452576288,0.96420646,1,"Geno_at_37"
"Scyl3","ENSMUSG00000026584.14",0.00311094829,5.8524596,0.100890143,0.920319187,1,"Geno_at_37"
"Cttn","ENSMUSG00000031078.15",-0.0031056891,5.35262544,-0.0307000135,0.975858589,1,"Geno_at_37"
"Ccdc50-ps","ENSMUSG00000081553.1",-0.00310519621,3.38527927,-0.0470339489,0.962802647,1,"Geno_at_37"
"Tenm1","ENSMUSG00000016150.15",0.00309562303,-0.964423387,0.0441673106,0.965068188,1,"Geno_at_37"
"Grip1","ENSMUSG00000034813.18",0.00309318211,0.284794344,0.0223585157,0.982312287,1,"Geno_at_37"
"Ulk2","ENSMUSG00000004798.14",0.00309219748,5.06135813,0.0649984926,0.94861299,1,"Geno_at_37"
"Icmt","ENSMUSG00000039662.16",0.00309128946,6.2460735,0.0789747326,0.937585172,1,"Geno_at_37"
"Hspa4","ENSMUSG00000020361.13",-0.00308758889,8.87922425,-0.126773448,0.89997852,1,"Geno_at_37"
"2610507B11Rik","ENSMUSG00000010277.7",-0.00308258581,8.65939353,-0.119460066,0.905719439,1,"Geno_at_37"
"Yy1","ENSMUSG00000021264.12",0.0030790561,7.49968801,0.0811935555,0.935835531,1,"Geno_at_37"
"Gm14403","ENSMUSG00000094786.1",-0.00307486506,-0.0616083954,-0.0257643341,0.979618537,1,"Geno_at_37"
"Pias4","ENSMUSG00000004934.14",0.00307121209,5.30873923,0.0757684125,0.940114057,1,"Geno_at_37"
"Btg1","ENSMUSG00000036478.8",0.00306463103,8.87599315,0.0850911297,0.932762913,1,"Geno_at_37"
"Inpp4b","ENSMUSG00000037940.17",0.00306120061,8.70446527,0.0732300886,0.942170209,1,"Geno_at_37"
"Parp11","ENSMUSG00000037997.12",-0.00306055177,4.95441519,-0.0774432028,0.938793037,1,"Geno_at_37"
"Slc49a4","ENSMUSG00000022848.8",0.00305688773,4.0646568,0.0463868661,0.963314018,1,"Geno_at_37"
"Tcf7l1","ENSMUSG00000055799.13",-0.00305566904,1.68794211,-0.0276720184,0.978109804,1,"Geno_at_37"
"Kdm3b","ENSMUSG00000038773.11",0.00305431415,7.14955889,0.098971769,0.92182912,1,"Geno_at_37"
"Gtf2f1","ENSMUSG00000002658.9",-0.00305185377,6.95879645,-0.087855964,0.930583916,1,"Geno_at_37"
"Zfp169","ENSMUSG00000050954.15",0.00304969809,3.32860116,0.0326649127,0.974172715,1,"Geno_at_37"
"Emc3","ENSMUSG00000030286.6",0.00304159393,6.10238537,0.10019004,0.920870196,1,"Geno_at_37"
"Gm46379","ENSMUSG00000114110.1",0.00303968384,0.00327121229,0.0291504674,0.976940598,1,"Geno_at_37"
"Tacc1","ENSMUSG00000065954.11",0.00302730879,5.96537926,0.0734064588,0.941977382,1,"Geno_at_37"
"Kbtbd7","ENSMUSG00000043881.9",0.00302411866,3.72578051,0.0427148173,0.966216227,1,"Geno_at_37"
"Exosc1","ENSMUSG00000034321.14",0.00302103989,5.23747646,0.0650534899,0.948569573,1,"Geno_at_37"
"Acsl5","ENSMUSG00000024981.6",-0.00301940961,8.13202075,-0.10582033,0.916440083,1,"Geno_at_37"
"Mysm1","ENSMUSG00000062627.9",0.00301600558,6.39607116,0.0868276203,0.931394303,1,"Geno_at_37"
"Vrk3","ENSMUSG00000002205.16",-0.00301030798,5.09121118,-0.0719523924,0.943124649,1,"Geno_at_37"
"M6pr","ENSMUSG00000007458.14",-0.00300711673,8.12254014,-0.0978541508,0.922708924,1,"Geno_at_37"
"Troap","ENSMUSG00000032783.9",-0.00299929016,5.08303145,-0.0685483694,0.945810924,1,"Geno_at_37"
"B230398E01Rik","ENSMUSG00000087660.1",0.00299924209,-0.510327425,0.0258512463,0.979549799,1,"Geno_at_37"
"Lrrfip1","ENSMUSG00000026305.15",0.00299551433,8.25781563,0.07024057,0.944518975,1,"Geno_at_37"
"Zfp811","ENSMUSG00000055202.11",0.00299513908,0.246802003,0.0242489706,0.980817049,1,"Geno_at_37"
"Dnajb9","ENSMUSG00000014905.4",0.00299037922,4.48907892,0.0349818504,0.97240171,1,"Geno_at_37"
"Lgals9","ENSMUSG00000001123.15",0.00298692301,5.61263214,0.066409003,0.947499533,1,"Geno_at_37"
"Stard3","ENSMUSG00000018167.10",-0.00297844561,5.221716,-0.0819915354,0.935206367,1,"Geno_at_37"
"Gng5-ps","ENSMUSG00000082241.4",-0.00297374952,2.10678732,-0.0318330605,0.974819249,1,"Geno_at_37"
"4833417C18Rik","ENSMUSG00000086015.1",0.00297117378,0.479755721,0.0234139077,0.981477526,1,"Geno_at_37"
"Pkmyt1","ENSMUSG00000023908.8",0.00295969216,6.11085194,0.0583946382,0.953851637,1,"Geno_at_37"
"Ube2e1","ENSMUSG00000021774.13",0.00294927063,5.63700651,0.0843806065,0.933322971,1,"Geno_at_37"
"Zfp317","ENSMUSG00000057551.10",-0.00293592299,5.36940397,-0.07479844,0.940879219,1,"Geno_at_37"
"Brd8","ENSMUSG00000003778.14",0.00293023796,7.31828627,0.100525248,0.920606369,1,"Geno_at_37"
"Nsl1","ENSMUSG00000062510.12",0.00292696837,5.60582046,0.0700245493,0.94464592,1,"Geno_at_37"
"Snord59a","ENSMUSG00000064778.1",-0.00292547785,-0.607676245,-0.0335701424,0.973445693,1,"Geno_at_37"
"Dapk3","ENSMUSG00000034974.13",-0.00292494376,4.75454217,-0.0613217932,0.951515866,1,"Geno_at_37"
"Fkbp1a","ENSMUSG00000032966.14",-0.00292492222,8.96252967,-0.118361421,0.906582318,1,"Geno_at_37"
"Fam168a","ENSMUSG00000029461.17",-0.00291675283,5.25363515,-0.0581553835,0.954016395,1,"Geno_at_37"
"Wdr34","ENSMUSG00000039715.8",-0.00290870204,2.43183725,-0.0348167992,0.97245998,1,"Geno_at_37"
"Mrps31","ENSMUSG00000031533.4",-0.00290535757,4.53817479,-0.0696685048,0.944926899,1,"Geno_at_37"
"R3hcc1","ENSMUSG00000034194.18",-0.00289891212,4.92737536,-0.0616778912,0.951234684,1,"Geno_at_37"
"Arl2","ENSMUSG00000024944.6",-0.00289819078,3.78380422,-0.0481266951,0.961939117,1,"Geno_at_37"
"Slc35b2","ENSMUSG00000037089.11",-0.00289689165,5.582034,-0.0733378656,0.942031499,1,"Geno_at_37"
"Gm15868","ENSMUSG00000085612.1",-0.00288837232,0.324460669,-0.0255517534,0.979786665,1,"Geno_at_37"
"Trav6-3","ENSMUSG00000094220.5",0.00288367383,-0.0905540148,0.0251237543,0.98012517,1,"Geno_at_37"
"Thg1l","ENSMUSG00000011254.16",-0.00288042422,5.35462997,-0.0801620438,0.936648884,1,"Geno_at_37"
"Twnk","ENSMUSG00000025209.5",0.00286167377,5.35703742,0.0635616774,0.94974732,1,"Geno_at_37"
"Phf14","ENSMUSG00000029629.17",0.00285912764,6.40735556,0.0927311815,0.926743046,1,"Geno_at_37"
"Particl","ENSMUSG00000108591.1",0.00285851929,0.573073432,0.0266895145,0.978886828,1,"Geno_at_37"
"Sinhcaf","ENSMUSG00000039985.14",-0.00285309944,5.5664603,-0.0627458967,0.950391406,1,"Geno_at_37"
"Larp4b","ENSMUSG00000033499.14",-0.00285119533,7.82337053,-0.0871787866,0.931117558,1,"Geno_at_37"
"Ankrd10","ENSMUSG00000031508.14",-0.00284713143,7.33698321,-0.108290474,0.914497338,1,"Geno_at_37"
"Fam210a","ENSMUSG00000038121.6",-0.00284483363,5.39526955,-0.0669340606,0.94708508,1,"Geno_at_37"
"Slamf8","ENSMUSG00000053318.7",0.00284252802,-0.731787681,0.0316630803,0.974953661,1,"Geno_at_37"
"Copb1","ENSMUSG00000030754.9",0.00283952252,7.42074346,0.0987498027,0.922003847,1,"Geno_at_37"
"Spin1","ENSMUSG00000021395.11",-0.002838446,7.42807515,-0.0942297359,0.925562788,1,"Geno_at_37"
"Celsr2","ENSMUSG00000068740.13",0.00283742683,3.17380579,0.0413661564,0.967282264,1,"Geno_at_37"
"Map2k6","ENSMUSG00000020623.11",-0.00283639233,2.03783077,-0.0291562832,0.976935998,1,"Geno_at_37"
"Gm37759","ENSMUSG00000102717.1",0.00283385906,-0.900663453,0.0343124125,0.972858786,1,"Geno_at_37"
"Usp20","ENSMUSG00000026854.16",-0.00283065432,4.0722127,-0.045573834,0.963956556,1,"Geno_at_37"
"Fam169a","ENSMUSG00000041817.14",0.00282413459,1.12054274,0.0227773118,0.981981039,1,"Geno_at_37"
"Pdxp","ENSMUSG00000116165.1",0.0028238465,2.69672512,0.0315188673,0.975067698,1,"Geno_at_37"
"Tnpo1","ENSMUSG00000009470.17",0.00281718288,8.77073747,0.0837170066,0.933846073,1,"Geno_at_37"
"Dmtf1","ENSMUSG00000042508.16",-0.00281695186,6.6164622,-0.0896820032,0.929145093,1,"Geno_at_37"
"Ufd1","ENSMUSG00000005262.13",-0.00281566803,6.2257053,-0.086020621,0.932030311,1,"Geno_at_37"
"Zfp277","ENSMUSG00000055917.15",-0.00281156355,5.06694797,-0.0604271671,0.952222307,1,"Geno_at_37"
"Dnajc7","ENSMUSG00000014195.16",0.00281140306,7.69242705,0.0921033981,0.927237538,1,"Geno_at_37"
"Rnf2","ENSMUSG00000026484.13",-0.00280709788,6.13946273,-0.0753053081,0.940479369,1,"Geno_at_37"
"Ubqln4","ENSMUSG00000008604.11",0.00280358042,6.89829678,0.094568238,0.925296208,1,"Geno_at_37"
"Gm48611","ENSMUSG00000110914.1",-0.00279323822,1.19546878,-0.0224814973,0.982215014,1,"Geno_at_37"
"Gm4815","ENSMUSG00000114733.1",-0.00279195094,-0.465187393,-0.0223824337,0.982293369,1,"Geno_at_37"
"Gm15492","ENSMUSG00000085012.1",-0.00279151243,-0.409810338,-0.0278899863,0.977937425,1,"Geno_at_37"
"Nup85","ENSMUSG00000020739.11",-0.0027852216,7.24221798,-0.0728857319,0.942388224,1,"Geno_at_37"
"Mtg2","ENSMUSG00000039069.19",0.00278132714,4.5346987,0.0501686284,0.960325631,1,"Geno_at_37"
"Col6a2","ENSMUSG00000020241.13",-0.00277963345,0.249941175,-0.024202675,0.980853665,1,"Geno_at_37"
"Cmpk1","ENSMUSG00000028719.8",0.00276818196,6.64897063,0.0774144842,0.938815688,1,"Geno_at_37"
"Zmpste24","ENSMUSG00000043207.10",-0.0027592968,6.53833149,-0.0714130746,0.943550205,1,"Geno_at_37"
"Kdelr3","ENSMUSG00000010830.8",0.00275617484,-0.388592029,0.0236766327,0.981269727,1,"Geno_at_37"
"Rfx5","ENSMUSG00000005774.12",-0.00275560611,5.18711622,-0.0627805292,0.950364062,1,"Geno_at_37"
"Kdm5d","ENSMUSG00000056673.14",-0.00275280658,5.96161505,-0.0724169059,0.942758131,1,"Geno_at_37"
"Mpp6","ENSMUSG00000038388.14",0.0027479637,6.2535183,0.085912951,0.932115171,1,"Geno_at_37"
"Gm12737","ENSMUSG00000085093.1",-0.00274671527,0.16490735,-0.0215887148,0.982921174,1,"Geno_at_37"
"Natd1","ENSMUSG00000018931.3",-0.00274296851,4.5083893,-0.0535007404,0.957693046,1,"Geno_at_37"
"Sfr1","ENSMUSG00000025066.10",-0.00273968458,7.16169885,-0.0568943931,0.955063961,1,"Geno_at_37"
"Gm9276","ENSMUSG00000118377.1",0.00273770995,0.17817136,0.0204973323,0.983784438,1,"Geno_at_37"
"Ctnnal1","ENSMUSG00000038816.14",-0.00273690659,3.72408733,-0.0415456716,0.967140364,1,"Geno_at_37"
"Rlf","ENSMUSG00000049878.13",0.00273033895,6.17263132,0.0662438051,0.947629935,1,"Geno_at_37"
"Acy3","ENSMUSG00000024866.10",0.00272980356,0.419132979,0.0196058563,0.984489594,1,"Geno_at_37"
"Gbp3","ENSMUSG00000028268.14",-0.00272036538,5.71406672,-0.0468178698,0.963019459,1,"Geno_at_37"
"Colgalt1","ENSMUSG00000034807.9",0.00271309189,6.24593484,0.0788931783,0.937649488,1,"Geno_at_37"
"Dcaf8","ENSMUSG00000026554.15",-0.00270375593,8.01501371,-0.0835043725,0.934013695,1,"Geno_at_37"
"Gm22215","ENSMUSG00000088183.1",0.00270214906,-0.511000537,0.0232362052,0.981618078,1,"Geno_at_37"
"2300009A05Rik","ENSMUSG00000032403.8",0.00270204496,1.65933091,0.0194671134,0.984606249,1,"Geno_at_37"
"Mfn2","ENSMUSG00000029020.13",0.00269904966,6.15504541,0.0904306805,0.928555245,1,"Geno_at_37"
"Krba1","ENSMUSG00000042810.14",0.00269255858,4.72572098,0.0496177921,0.960760872,1,"Geno_at_37"
"Cers2","ENSMUSG00000015714.11",0.00269184866,7.39966283,0.105237789,0.916898323,1,"Geno_at_37"
"Igkv1-117","ENSMUSG00000094335.2",0.00268900062,-0.989954941,0.0404811713,0.967981825,1,"Geno_at_37"
"Gm49427","ENSMUSG00000111089.1",0.00268608754,-0.916640866,0.0333379837,0.973629262,1,"Geno_at_37"
"Gm47015","ENSMUSG00000112907.1",0.00268297459,5.75760989,0.0306860286,0.97585925,1,"Geno_at_37"
"Trbv30","ENSMUSG00000076481.7",-0.00268113074,0.344804144,-0.0264098984,0.979107969,1,"Geno_at_37"
"Rab28","ENSMUSG00000029128.12",0.00267643251,4.55736377,0.0569158426,0.954995397,1,"Geno_at_37"
"Zfp65","ENSMUSG00000071281.12",-0.00266849335,4.35858356,-0.0355786976,0.971879589,1,"Geno_at_37"
"Gpr107","ENSMUSG00000000194.13",-0.00266519623,5.96203611,-0.07326759,0.942086945,1,"Geno_at_37"
"Mia3","ENSMUSG00000056050.13",-0.00266496341,6.81166694,-0.0920775973,0.927257861,1,"Geno_at_37"
"Ddb1","ENSMUSG00000024740.10",-0.00265769515,9.32385983,-0.105439079,0.916739981,1,"Geno_at_37"
"Zfp451","ENSMUSG00000042197.13",0.00265571361,6.90607946,0.0735264174,0.941882739,1,"Geno_at_37"
"Gtpbp3","ENSMUSG00000007610.15",0.00265538241,4.45663723,0.0426963913,0.966230791,1,"Geno_at_37"
"Tnip1","ENSMUSG00000020400.17",0.00265436308,7.74164754,0.0827526401,0.934606317,1,"Geno_at_37"
"4933407I05Rik","ENSMUSG00000111836.1",-0.00265287671,-0.994120999,-0.0403091405,0.968117815,1,"Geno_at_37"
"Gm18388","ENSMUSG00000113239.1",-0.00264943822,-0.63961149,-0.0265785747,0.978974567,1,"Geno_at_37"
"Gsk3a","ENSMUSG00000057177.12",0.00264913407,6.44428465,0.0616341091,0.951269255,1,"Geno_at_37"
"Itgb1","ENSMUSG00000025809.15",-0.00264781583,8.8901216,-0.0845449322,0.933193441,1,"Geno_at_37"
"Nek9","ENSMUSG00000034290.9",0.00264761835,7.66432337,0.0846422256,0.93311675,1,"Geno_at_37"
"Gm48798","ENSMUSG00000112816.1",0.00264528535,0.273276157,0.0179286449,0.9858163,1,"Geno_at_37"
"Frmd4a","ENSMUSG00000026657.17",-0.00264204859,1.92111431,-0.0234585046,0.981442253,1,"Geno_at_37"
"Pde12","ENSMUSG00000043702.9",0.00262796397,5.95105145,0.0716712685,0.943346472,1,"Geno_at_37"
"Inpp5b","ENSMUSG00000028894.18",-0.00262516954,7.37132797,-0.0788547311,0.937679808,1,"Geno_at_37"
"Pcbp1","ENSMUSG00000051695.6",-0.00262270287,8.7446714,-0.0854742078,0.932460973,1,"Geno_at_37"
"Tsfm","ENSMUSG00000040521.11",0.00261816909,4.87867014,0.0669391116,0.947081093,1,"Geno_at_37"
"Cab39","ENSMUSG00000036707.16",0.00261561977,8.13890813,0.0963627713,0.923883111,1,"Geno_at_37"
"Gm7389","ENSMUSG00000097657.2",0.0026139507,3.86606495,0.0339800948,0.973121545,1,"Geno_at_37"
"Snu13","ENSMUSG00000063480.8",0.00261025582,6.56560173,0.0734311662,0.941957888,1,"Geno_at_37"
"Usp1","ENSMUSG00000028560.11",-0.00260750871,8.0985766,-0.075574989,0.940266634,1,"Geno_at_37"
"Gm4353","ENSMUSG00000091900.3",0.0026069335,3.55984672,0.0424365291,0.966436192,1,"Geno_at_37"
"Lrfn4","ENSMUSG00000045045.7",-0.00260037152,3.54797143,-0.0341591522,0.972979966,1,"Geno_at_37"
"Ddi2","ENSMUSG00000078515.4",-0.00260036745,6.91245034,-0.088610626,0.929989253,1,"Geno_at_37"
"Ube2j1","ENSMUSG00000028277.13",0.00259763764,7.08819202,0.0886574051,0.929952393,1,"Geno_at_37"
"E030042O20Rik","ENSMUSG00000087222.1",-0.00259667309,0.19686567,-0.0195183394,0.984558821,1,"Geno_at_37"
"Acsl4","ENSMUSG00000031278.12",0.00259247725,8.45529314,0.0674861975,0.946651734,1,"Geno_at_37"
"Ifitm3","ENSMUSG00000025492.6",-0.00258609181,3.27367995,-0.0165539795,0.986975239,1,"Geno_at_37"
"Mbtps2","ENSMUSG00000046873.18",-0.0025833678,5.44985585,-0.0607668231,0.951954093,1,"Geno_at_37"
"Gm47620","ENSMUSG00000111795.1",0.00257891104,-0.311394174,0.0228377665,0.981933222,1,"Geno_at_37"
"Nptn","ENSMUSG00000032336.17",-0.00257815079,6.52227943,-0.0832324209,0.934228081,1,"Geno_at_37"
"Sema7a","ENSMUSG00000038264.8",-0.00257798612,7.31813358,-0.037026685,0.970864545,1,"Geno_at_37"
"Trak2","ENSMUSG00000026028.12",0.00257783596,6.71333836,0.0690244281,0.945435204,1,"Geno_at_37"
"Polr3b","ENSMUSG00000034453.8",-0.00255647214,5.66864638,-0.071729051,0.943300878,1,"Geno_at_37"
"Eif1ax","ENSMUSG00000067194.6",-0.00254910946,7.18403239,-0.0797444749,0.93697816,1,"Geno_at_37"
"Cwc22","ENSMUSG00000027014.14",-0.00254575451,5.99116444,-0.0767619214,0.939330389,1,"Geno_at_37"
"Tymp","ENSMUSG00000022615.7",0.00254514227,0.792036505,0.0225543729,0.982157373,1,"Geno_at_37"
"Dis3l2","ENSMUSG00000053333.15",-0.00254427108,4.7176426,-0.0561823519,0.95557475,1,"Geno_at_37"
"Thoc6","ENSMUSG00000041319.14",0.0025407155,4.44735212,0.0477487926,0.962237745,1,"Geno_at_37"
"Osbpl1a","ENSMUSG00000044252.18",-0.00253217458,3.4925569,-0.0255584712,0.979809491,1,"Geno_at_37"
"Rexo4","ENSMUSG00000052406.14",0.00253090351,6.40873391,0.0752705421,0.940506794,1,"Geno_at_37"
"Stx5a","ENSMUSG00000010110.17",-0.00252082105,6.20348247,-0.0695357639,0.945031656,1,"Geno_at_37"
"Frrs1","ENSMUSG00000033386.10",0.00251063771,6.23940606,0.0588380736,0.95347723,1,"Geno_at_37"
"C2cd2","ENSMUSG00000045975.8",-0.00250206813,3.03791487,-0.0280792875,0.977787717,1,"Geno_at_37"
"Commd8","ENSMUSG00000029213.11",0.00250058543,5.93653544,0.0587516923,0.95354545,1,"Geno_at_37"
"Gm23468","ENSMUSG00000087750.1",-0.00248725427,-0.467587674,-0.0195800439,0.984510012,1,"Geno_at_37"
"Elovl4","ENSMUSG00000032262.13",0.00248317101,-0.225700796,0.0206933962,0.983629353,1,"Geno_at_37"
"Ccdc90b","ENSMUSG00000030613.13",-0.00248168875,3.48201182,-0.0434859683,0.965606706,1,"Geno_at_37"
"Mrps18a","ENSMUSG00000023967.9",0.00247634394,5.22356317,0.064777688,0.948787302,1,"Geno_at_37"
"Pop4","ENSMUSG00000030423.7",0.0024704415,5.60019499,0.0623431201,0.950709425,1,"Geno_at_37"
"Sh2b1","ENSMUSG00000030733.10",0.00246360369,6.97653731,0.0720414227,0.9430544,1,"Geno_at_37"
"Prkca","ENSMUSG00000050965.14",-0.00246280859,7.34214745,-0.0548114592,0.956685259,1,"Geno_at_37"
"Mrgbp","ENSMUSG00000027569.15",0.0024496224,5.37596045,0.0612206447,0.951595736,1,"Geno_at_37"
"1810030O07Rik","ENSMUSG00000044148.6",0.0024469742,6.17408921,0.0632646793,0.949981806,1,"Geno_at_37"
"Afg3l2","ENSMUSG00000024527.10",0.00243507451,6.63069872,0.078985821,0.937576428,1,"Geno_at_37"
"Cbx1","ENSMUSG00000018666.13",0.00242632526,7.19098643,0.0681128897,0.946154629,1,"Geno_at_37"
"Dock11","ENSMUSG00000031093.14",0.00242238761,6.56651572,0.0643354445,0.949136436,1,"Geno_at_37"
"Rnaseh2c","ENSMUSG00000024925.11",0.00241189324,4.99929999,0.0428810949,0.966084799,1,"Geno_at_37"
"Zfand3","ENSMUSG00000044477.12",-0.00240907771,5.57849487,-0.0636472733,0.949679741,1,"Geno_at_37"
"Ccdc58","ENSMUSG00000075229.11",-0.0024084313,5.46599154,-0.0606630256,0.952036057,1,"Geno_at_37"
"Gm23084","ENSMUSG00000088475.1",0.00240828029,-0.411487778,0.0219214046,0.982658026,1,"Geno_at_37"
"Cep131","ENSMUSG00000039781.14",-0.00239410909,2.96895248,-0.0193219959,0.984751818,1,"Geno_at_37"
"Cd80","ENSMUSG00000075122.5",0.00239114158,5.15852484,0.0195393567,0.984643057,1,"Geno_at_37"
"Nop58","ENSMUSG00000026020.9",-0.00238931822,8.47071158,-0.083012508,0.934401448,1,"Geno_at_37"
"Thumpd1","ENSMUSG00000030942.8",0.00238453531,6.86680131,0.078599732,0.937880909,1,"Geno_at_37"
"Eif3c","ENSMUSG00000030738.11",0.00238354685,9.26762714,0.0846237335,0.933131326,1,"Geno_at_37"
"Znhit1","ENSMUSG00000059518.14",-0.00237743304,5.10607947,-0.0497256258,0.960675666,1,"Geno_at_37"
"Stx16","ENSMUSG00000027522.15",0.00237550657,7.04392514,0.0664488599,0.947468072,1,"Geno_at_37"
"Ei24","ENSMUSG00000062762.17",0.00235550784,6.27727954,0.0740132671,0.941498644,1,"Geno_at_37"
"Avl9","ENSMUSG00000029787.10",-0.00234787656,6.26737133,-0.0688433037,0.945578152,1,"Geno_at_37"
"Dctn2","ENSMUSG00000025410.10",-0.00234617478,6.85930882,-0.0784684862,0.937984415,1,"Geno_at_37"
"Dnajc9","ENSMUSG00000021811.7",-0.00234415186,7.33554832,-0.0660199399,0.947806649,1,"Geno_at_37"
"Trappc10","ENSMUSG00000000374.8",-0.00234246604,7.03248017,-0.0794450096,0.937214311,1,"Geno_at_37"
"Gm8835","ENSMUSG00000092457.3",0.00234180799,-0.841645685,0.0277655463,0.978035837,1,"Geno_at_37"
"Mcu","ENSMUSG00000009647.13",-0.00234047877,4.05111194,-0.044030796,0.965176085,1,"Geno_at_37"
"Eid3","ENSMUSG00000109864.1",-0.00233214236,0.449000739,-0.0175777463,0.986093873,1,"Geno_at_37"
"Nfatc1","ENSMUSG00000033016.16",0.00232693279,7.87355463,0.0518066972,0.959073009,1,"Geno_at_37"
"Ccdc173","ENSMUSG00000070883.3",-0.00232569642,1.52088394,-0.0244295175,0.980674251,1,"Geno_at_37"
"Ggps1","ENSMUSG00000021302.10",0.00232323304,5.35218392,0.0651047372,0.948529117,1,"Geno_at_37"
"Rpl15","ENSMUSG00000012405.16",0.00232007671,6.10449745,0.0550874109,0.956439642,1,"Geno_at_37"
"Bloc1s2","ENSMUSG00000057506.5",-0.00231346336,4.73272996,-0.0511837916,0.959523536,1,"Geno_at_37"
"Uqcrc1","ENSMUSG00000025651.14",-0.00231030032,7.34106409,-0.0788805831,0.93765942,1,"Geno_at_37"
"Pigk","ENSMUSG00000039047.17",-0.00230148055,5.62718641,-0.0666748567,0.94728968,1,"Geno_at_37"
"Casd1","ENSMUSG00000015189.12",0.00230076764,5.45692099,0.0558715191,0.955820271,1,"Geno_at_37"
"Gm43197","ENSMUSG00000107215.1",0.00229612945,0.125843254,0.0174423261,0.986200996,1,"Geno_at_37"
"Kif4","ENSMUSG00000034311.3",-0.00229428427,6.86594373,-0.0699103034,0.944736078,1,"Geno_at_37"
"Exo5","ENSMUSG00000028629.9",-0.00227728725,4.45693792,-0.0436091944,0.96550931,1,"Geno_at_37"
"Has3","ENSMUSG00000031910.14",-0.00227593912,1.46717726,-0.0202618646,0.983970691,1,"Geno_at_37"
"Gm43910","ENSMUSG00000107420.1",0.00227285328,-0.162135026,0.0187399592,0.98517453,1,"Geno_at_37"
"Rtl8c","ENSMUSG00000051851.5",0.00227191526,0.592799511,0.0172644883,0.986341673,1,"Geno_at_37"
"Ppp2r5d","ENSMUSG00000059409.9",0.00226742264,6.64608997,0.0787069071,0.937796386,1,"Geno_at_37"
"Mppe1","ENSMUSG00000062526.4",0.00226442746,4.29217048,0.0442448558,0.965006899,1,"Geno_at_37"
"Rps19-ps6","ENSMUSG00000096942.1",0.00226212598,7.61881355,0.0629114375,0.950260703,1,"Geno_at_37"
"Trmt61b","ENSMUSG00000085492.7",-0.00225882095,2.22381484,-0.0229910539,0.981811979,1,"Geno_at_37"
"Ift52","ENSMUSG00000017858.12",-0.00225760327,5.34708751,-0.061693425,0.951222419,1,"Geno_at_37"
"Sf3b3","ENSMUSG00000033732.10",0.00225234662,8.77960939,0.0668779186,0.947129395,1,"Geno_at_37"
"Lims1","ENSMUSG00000019920.18",0.00225004264,6.8144154,0.0563666621,0.955429169,1,"Geno_at_37"
"Trip11","ENSMUSG00000021188.14",-0.00224658547,6.34032809,-0.0547030894,0.95674323,1,"Geno_at_37"
"Ap2a2","ENSMUSG00000002957.11",0.00224174105,6.62324724,0.0785524532,0.937918195,1,"Geno_at_37"
"Trim34a","ENSMUSG00000056144.14",0.00223944809,3.55362799,0.0309873038,0.975488039,1,"Geno_at_37"
"Grb7","ENSMUSG00000019312.10",-0.00223927279,3.39246264,-0.0352222799,0.972139382,1,"Geno_at_37"
"Actn4","ENSMUSG00000054808.15",-0.00223103373,8.70767544,-0.0780238071,0.938335117,1,"Geno_at_37"
"4833420G17Rik","ENSMUSG00000062822.8",-0.00222974314,6.41031703,-0.0644319683,0.949060234,1,"Geno_at_37"
"Clec4e","ENSMUSG00000030142.10",-0.00222248956,-0.864459471,-0.0257626193,0.979619893,1,"Geno_at_37"
"Rrbp1","ENSMUSG00000027422.15",0.00222209082,6.80552486,0.0488294571,0.961396507,1,"Geno_at_37"
"Zfp52","ENSMUSG00000051341.6",0.00221820333,6.00859934,0.0545944433,0.956829054,1,"Geno_at_37"
"Rgl2","ENSMUSG00000041354.16",-0.00221759742,5.83936139,-0.0397864507,0.96856295,1,"Geno_at_37"
"Gtpbp10","ENSMUSG00000040464.15",-0.00221698776,3.94779668,-0.043538179,0.96556544,1,"Geno_at_37"
"Tlk2","ENSMUSG00000020694.17",0.00221371052,6.4299083,0.0667695649,0.947214923,1,"Geno_at_37"
"Syncrip","ENSMUSG00000032423.12",-0.00221203346,8.48577765,-0.0698037651,0.944820155,1,"Geno_at_37"
"Phldb1","ENSMUSG00000048537.16",0.00220420289,5.18843474,0.0247753123,0.980493669,1,"Geno_at_37"
"Pcyox1","ENSMUSG00000029998.14",0.00219573488,4.31752656,0.0341452259,0.972990978,1,"Geno_at_37"
"Rab7","ENSMUSG00000079477.9",0.00219351499,8.05871985,0.0837763155,0.93379932,1,"Geno_at_37"
"Gm44369","ENSMUSG00000108059.1",-0.00219259401,1.01558305,-0.0187091865,0.985198872,1,"Geno_at_37"
"Samhd1","ENSMUSG00000027639.16",0.00217676209,9.57798389,0.0562409585,0.955562201,1,"Geno_at_37"
"Eef1akmt1","ENSMUSG00000021951.7",0.00216461477,5.26397431,0.0513145494,0.959420226,1,"Geno_at_37"
"Gm3617","ENSMUSG00000092563.1",-0.00216370991,-0.327005685,-0.0191177099,0.984875723,1,"Geno_at_37"
"Ubxn4","ENSMUSG00000026353.9",0.00216363566,7.02470376,0.0757211741,0.940151319,1,"Geno_at_37"
"Ahctf1","ENSMUSG00000026491.13",0.00214451114,7.91885348,0.0730564833,0.942253503,1,"Geno_at_37"
"Trim12a","ENSMUSG00000066258.13",-0.00214025991,4.75136828,-0.0371743839,0.970595995,1,"Geno_at_37"
"Bloc1s2-ps","ENSMUSG00000025201.7",-0.00213927711,3.3523426,-0.03100409,0.975474765,1,"Geno_at_37"
"Was","ENSMUSG00000031165.6",-0.00212970785,6.40291283,-0.0653423294,0.948341555,1,"Geno_at_37"
"Skiv2l","ENSMUSG00000040356.16",0.00212968168,6.94428567,0.0690480009,0.9454166,1,"Geno_at_37"
"Cox14","ENSMUSG00000023020.3",-0.00212560814,4.84149022,-0.0487683784,0.961432056,1,"Geno_at_37"
"Gm12565","ENSMUSG00000081093.1",0.00212323266,1.64342796,0.0203163984,0.983927555,1,"Geno_at_37"
"Smad3","ENSMUSG00000032402.12",-0.00212272751,5.75780665,-0.0267279081,0.978955892,1,"Geno_at_37"
"Nckipsd","ENSMUSG00000032598.8",-0.00212267687,3.438551,-0.0302281591,0.976088356,1,"Geno_at_37"
"Nedd9","ENSMUSG00000021365.15",-0.00212199437,5.69246255,-0.0381192609,0.969871811,1,"Geno_at_37"
"Utp4","ENSMUSG00000041438.8",-0.00211667337,7.01276646,-0.0561783757,0.955577891,1,"Geno_at_37"
"Zfp472","ENSMUSG00000053600.8",0.00211488359,4.59677772,0.0428334388,0.966122467,1,"Geno_at_37"
"Mpg","ENSMUSG00000020287.15",-0.00210962887,3.33872604,-0.0300879083,0.976199265,1,"Geno_at_37"
"Sh3bp5","ENSMUSG00000021892.14",-0.00210275518,6.96148647,-0.0523834657,0.958575713,1,"Geno_at_37"
"Zfp771","ENSMUSG00000054716.4",-0.00210018698,3.8059535,-0.0303782856,0.975969638,1,"Geno_at_37"
"Gtf3c5","ENSMUSG00000026816.14",0.00208818334,5.52421258,0.0546417629,0.956791674,1,"Geno_at_37"
"Plin2","ENSMUSG00000028494.12",-0.00207983123,4.70562829,-0.0388996552,0.969232044,1,"Geno_at_37"
"Lsm6","ENSMUSG00000031683.16",0.00207967539,6.54693026,0.0567926235,0.955092721,1,"Geno_at_37"
"Prr13","ENSMUSG00000023048.13",0.00207211917,7.39166944,0.0532620493,0.957881612,1,"Geno_at_37"
"Eif4e3","ENSMUSG00000093661.1",-0.00206958175,5.44953921,-0.0439111865,0.965270621,1,"Geno_at_37"
"Cep164","ENSMUSG00000043987.18",0.00206947655,4.63477338,0.0391903014,0.969002277,1,"Geno_at_37"
"Edc3","ENSMUSG00000038957.13",0.00206135794,6.19226385,0.0653287663,0.948352262,1,"Geno_at_37"
"Nexn","ENSMUSG00000039103.12",0.00206075389,0.431064068,0.014284533,0.988699,1,"Geno_at_37"
"Kdm5a","ENSMUSG00000030180.15",-0.00205913742,7.11574193,-0.0696915705,0.944908696,1,"Geno_at_37"
"Sgpl1","ENSMUSG00000020097.14",-0.00205555697,6.50187647,-0.0456338778,0.963909103,1,"Geno_at_37"
"Zfp729b","ENSMUSG00000058093.13",0.00205228199,4.17726157,0.0375826804,0.970273199,1,"Geno_at_37"
"C2cd4b","ENSMUSG00000091956.2",0.00203095872,-0.201819614,0.014114043,0.988833871,1,"Geno_at_37"
"Edem3","ENSMUSG00000043019.12",0.00202871533,6.25767886,0.0469441673,0.962873598,1,"Geno_at_37"
"Nsd3","ENSMUSG00000054823.16",0.00202520732,8.15230869,0.0672755686,0.94681552,1,"Geno_at_37"
"Bptf","ENSMUSG00000040481.17",0.00202313683,7.98235169,0.0703189201,0.944413616,1,"Geno_at_37"
"Frs2","ENSMUSG00000020170.4",-0.0020088382,5.89337238,-0.0582156823,0.953968772,1,"Geno_at_37"
"Hsp90ab1","ENSMUSG00000023944.14",-0.00200221759,11.8175498,-0.0730122863,0.942288374,1,"Geno_at_37"
"Pheta2","ENSMUSG00000049687.5",-0.00199704583,-0.56009477,-0.0167992826,0.986709671,1,"Geno_at_37"
"Aurkb","ENSMUSG00000020897.12",-0.00199034266,7.13383412,-0.0587848925,0.95351923,1,"Geno_at_37"
"Fbxl12","ENSMUSG00000066892.14",-0.0019891628,4.3765957,-0.0320866048,0.97461876,1,"Geno_at_37"
"Dbn1","ENSMUSG00000034675.17",0.0019864472,-0.578159802,0.018948061,0.985009918,1,"Geno_at_37"
"Gart","ENSMUSG00000022962.15",0.00198279201,7.44915846,0.060106882,0.952475229,1,"Geno_at_37"
"Efnb2","ENSMUSG00000001300.16",-0.00198227585,0.142666353,-0.016592861,0.986872961,1,"Geno_at_37"
"Hnrnpc","ENSMUSG00000060373.15",-0.00198010697,8.83141805,-0.0797042997,0.93700984,1,"Geno_at_37"
"2510039O18Rik","ENSMUSG00000044496.6",-0.00197825501,6.42741918,-0.0465445277,0.963189421,1,"Geno_at_37"
"Lpar3","ENSMUSG00000036832.5",-0.00197497769,-0.949947248,-0.0281256416,0.977751058,1,"Geno_at_37"
"Fcrlb","ENSMUSG00000070524.1",-0.00196932863,-0.465524115,-0.0212763565,0.983168241,1,"Geno_at_37"
"Uaca","ENSMUSG00000034485.10",-0.00196810924,1.69599384,-0.0141058609,0.988846269,1,"Geno_at_37"
"Map3k13","ENSMUSG00000033618.7",-0.00196389769,1.8724978,-0.0154910892,0.987745277,1,"Geno_at_37"
"Nle1","ENSMUSG00000020692.14",-0.00195176199,5.29872322,-0.0474634068,0.962463267,1,"Geno_at_37"
"Pbdc1","ENSMUSG00000031226.13",-0.00195059369,5.68106265,-0.0479839519,0.962051916,1,"Geno_at_37"
"Dnajc3","ENSMUSG00000022136.8",-0.00194882177,6.75574176,-0.0601187879,0.952465827,1,"Geno_at_37"
"Gm48226","ENSMUSG00000112302.1",0.00194636732,2.71062961,0.0217621852,0.982783964,1,"Geno_at_37"
"Nkapd1","ENSMUSG00000059820.14",-0.00194136269,5.68177872,-0.0486461494,0.961528641,1,"Geno_at_37"
"Tmod2","ENSMUSG00000032186.15",0.00194069164,-0.719533349,0.0202965438,0.98394326,1,"Geno_at_37"
"Tjap1","ENSMUSG00000012296.16",-0.00193559862,5.55554293,-0.0524372346,0.958533233,1,"Geno_at_37"
"Gm7658","ENSMUSG00000082935.3",-0.00193439297,5.42547003,-0.0475781594,0.962372585,1,"Geno_at_37"
"Gm24430","ENSMUSG00000077265.1",0.00192903952,-0.37144886,0.0147058611,0.988365696,1,"Geno_at_37"
"Usb1","ENSMUSG00000031792.15",0.00192896576,5.01588269,0.0504205061,0.960126615,1,"Geno_at_37"
"9330198I05Rik","ENSMUSG00000104904.1",-0.00191755276,-0.618620943,-0.0185807225,0.985300489,1,"Geno_at_37"
"Taf1a","ENSMUSG00000072258.10",0.00191568898,4.40139757,0.0328298389,0.97403106,1,"Geno_at_37"
"Dnajc8","ENSMUSG00000054405.14",-0.00191280728,7.08581169,-0.0622418265,0.950789404,1,"Geno_at_37"
"Etfdh","ENSMUSG00000027809.14",0.00191143899,5.81853262,0.054133792,0.957192948,1,"Geno_at_37"
"Hdgf","ENSMUSG00000004897.16",-0.00191137032,8.85829904,-0.0631965338,0.950035609,1,"Geno_at_37"
"Mat2a","ENSMUSG00000053907.10",0.00190561419,8.75662995,0.0539291555,0.957354605,1,"Geno_at_37"
"Adh5","ENSMUSG00000028138.8",-0.00190357292,6.82944501,-0.0638199017,0.94954345,1,"Geno_at_37"
"Zfp770","ENSMUSG00000040321.3",0.00189911693,4.51625388,0.0380669285,0.969890363,1,"Geno_at_37"
"Ehmt2","ENSMUSG00000013787.15",-0.00189856263,7.35022843,-0.0497494206,0.960656865,1,"Geno_at_37"
"Pop7","ENSMUSG00000029715.5",0.00189785537,4.06108121,0.0359369076,0.971574365,1,"Geno_at_37"
"Kif23","ENSMUSG00000032254.10",-0.00189707872,6.83835143,-0.0471622876,0.962701226,1,"Geno_at_37"
"Ccdc116","ENSMUSG00000022768.17",-0.00188970569,2.62975804,-0.0255619343,0.979778613,1,"Geno_at_37"
"Efr3a","ENSMUSG00000015002.18",-0.0018859353,6.84866814,-0.057963245,0.954168143,1,"Geno_at_37"
"Ubl3","ENSMUSG00000001687.15",-0.0018806633,6.5880644,-0.0488522011,0.961365821,1,"Geno_at_37"
"Tulp1","ENSMUSG00000037446.14",-0.00188066239,-0.117870055,-0.0160903133,0.987270503,1,"Geno_at_37"
"Nfyc-ps","ENSMUSG00000073233.4",0.00187978009,3.58195611,0.0308194956,0.975620737,1,"Geno_at_37"
"Eif5a","ENSMUSG00000078812.10",-0.00187645462,10.3834311,-0.0681444647,0.946129708,1,"Geno_at_37"
"Slc39a8","ENSMUSG00000053897.15",0.00187598965,8.57998456,0.0456541721,0.963917182,1,"Geno_at_37"
"Secisbp2","ENSMUSG00000035139.14",0.00187586236,5.62513504,0.0467457357,0.963030411,1,"Geno_at_37"
"Gm20234","ENSMUSG00000111713.1",0.00187529699,0.823899645,0.014347502,0.988649186,1,"Geno_at_37"
"Il1a","ENSMUSG00000027399.1",0.00187098343,2.66552547,0.00678781055,0.994666531,1,"Geno_at_37"
"Nelfe","ENSMUSG00000024369.16",0.00186146453,5.91540521,0.0422883412,0.966553324,1,"Geno_at_37"
"Zfp598","ENSMUSG00000041130.10",-0.00186118421,6.87021889,-0.0579318163,0.954192965,1,"Geno_at_37"
"Zbtb38","ENSMUSG00000040433.16",0.00185068865,4.61143533,0.0336965261,0.973345761,1,"Geno_at_37"
"Gm43338","ENSMUSG00000105679.1",-0.0018360445,0.651181809,-0.0142899736,0.988694696,1,"Geno_at_37"
"1700001L05Rik","ENSMUSG00000075511.9",-0.00183079329,3.08463507,-0.0224567357,0.982234599,1,"Geno_at_37"
"Nom1","ENSMUSG00000001569.10",0.00182996112,6.55309344,0.0651149479,0.948521056,1,"Geno_at_37"
"AA414768","ENSMUSG00000083307.1",0.00182975101,1.54836106,0.014354856,0.988643369,1,"Geno_at_37"
"Inpp5f","ENSMUSG00000042105.18",0.00182478092,5.85381077,0.0509258215,0.959727358,1,"Geno_at_37"
"1500011B03Rik","ENSMUSG00000072694.8",0.00182326922,3.86260744,0.0326749214,0.974153558,1,"Geno_at_37"
"Ttll4","ENSMUSG00000033257.14",-0.0018215093,6.85379056,-0.0568674295,0.955033636,1,"Geno_at_37"
"Polr2c","ENSMUSG00000031783.10",-0.0018171064,4.84964966,-0.0462208202,0.963445242,1,"Geno_at_37"
"Numb","ENSMUSG00000021224.15",-0.00181452571,5.36706703,-0.0430310705,0.965966257,1,"Geno_at_37"
"Rsf1","ENSMUSG00000035623.14",0.00181404498,7.11636342,0.0583309073,0.95387777,1,"Geno_at_37"
"3830403N18Rik","ENSMUSG00000031125.2",-0.00180672642,0.826570023,-0.00519320297,0.995918702,1,"Geno_at_37"
"Gm8566","ENSMUSG00000047905.10",-0.0017937301,6.24566635,-0.0495372845,0.960824485,1,"Geno_at_37"
"Gbp2","ENSMUSG00000028270.12",0.0017851552,8.51910287,0.0177478432,0.986055477,1,"Geno_at_37"
"Ibtk","ENSMUSG00000035941.15",-0.00178507477,7.01421752,-0.0607935618,0.951932978,1,"Geno_at_37"
"Garem2","ENSMUSG00000044576.6",-0.00177647513,-0.567626007,-0.0131413259,0.989604255,1,"Geno_at_37"
"Tk1","ENSMUSG00000025574.13",0.00177622468,6.45025909,0.0463066313,0.963377426,1,"Geno_at_37"
"Rrp1","ENSMUSG00000061032.9",-0.00177429381,8.18038632,-0.0619574734,0.951013926,1,"Geno_at_37"
"Fnbp4","ENSMUSG00000008200.15",0.00177023194,7.76985152,0.0593836954,0.953046333,1,"Geno_at_37"
"Gnpda1","ENSMUSG00000052102.15",0.00176902439,5.6189518,0.0369846659,0.970745986,1,"Geno_at_37"
"Pla2g6","ENSMUSG00000042632.17",-0.00176893417,3.99385592,-0.0244420202,0.980664362,1,"Geno_at_37"
"Prkar1b","ENSMUSG00000025855.13",0.00176720777,2.98053268,0.0196628932,0.984444478,1,"Geno_at_37"
"Iars2","ENSMUSG00000026618.11",0.00176266529,6.6660533,0.0459956904,0.96362316,1,"Geno_at_37"
"C330007P06Rik","ENSMUSG00000006423.15",-0.00175930071,6.13523977,-0.0401641154,0.968232458,1,"Geno_at_37"
"Gm5842","ENSMUSG00000103293.1",-0.00175787216,-0.544711399,-0.0164223642,0.987007833,1,"Geno_at_37"
"Eml2","ENSMUSG00000040811.15",-0.00174955476,4.86754526,-0.0324572848,0.974325649,1,"Geno_at_37"
"Safb2","ENSMUSG00000042625.16",0.00174845921,7.37981943,0.0325715098,0.974302185,1,"Geno_at_37"
"Atp5j2","ENSMUSG00000038690.15",0.00174800859,7.12158907,0.0462051757,0.963457605,1,"Geno_at_37"
"H2bc21","ENSMUSG00000068854.7",0.00173872015,2.09031671,0.0218621976,0.982704857,1,"Geno_at_37"
"Miat","ENSMUSG00000097767.8",-0.00173730835,-0.990069968,-0.0261664878,0.979300478,1,"Geno_at_37"
"Elovl1","ENSMUSG00000006390.15",-0.00172665257,6.7693192,-0.0617965251,0.95114101,1,"Geno_at_37"
"Gm11572","ENSMUSG00000084368.1",0.00172406371,-0.97721524,0.0254333295,0.979880327,1,"Geno_at_37"
"Brap","ENSMUSG00000029458.14",0.00172130325,6.54577092,0.0606441644,0.952050951,1,"Geno_at_37"
"Cd8b1","ENSMUSG00000053044.8",-0.00172014652,2.15439636,-0.0189316719,0.985022882,1,"Geno_at_37"
"A230056P14Rik","ENSMUSG00000087178.7",-0.00171803847,0.559663524,-0.0164536739,0.986983065,1,"Geno_at_37"
"Glud1","ENSMUSG00000021794.16",-0.00171756027,8.73683577,-0.0482566828,0.961836399,1,"Geno_at_37"
"Dtx2","ENSMUSG00000004947.15",0.00171702287,4.73583689,0.0343437324,0.972834022,1,"Geno_at_37"
"Ccl28","ENSMUSG00000074715.3",-0.00171311522,-0.455410794,-0.011623507,0.990809394,1,"Geno_at_37"
"Cyth3","ENSMUSG00000018001.18",-0.00170111482,5.84618491,-0.0485912661,0.96157201,1,"Geno_at_37"
"Gm26670","ENSMUSG00000097416.3",0.00170089699,-0.482210931,0.0167230494,0.986769975,1,"Geno_at_37"
"Arnt2","ENSMUSG00000015709.9",-0.00169449803,-0.361610511,-0.0104720045,0.991725662,1,"Geno_at_37"
"Tbc1d5","ENSMUSG00000023923.10",0.00168296115,4.87606814,0.038371493,0.969649585,1,"Geno_at_37"
"Rad21","ENSMUSG00000022314.10",0.00167546221,8.93597011,0.0545486514,0.956865227,1,"Geno_at_37"
"Lyrm7","ENSMUSG00000020268.14",-0.00167544266,1.80374723,-0.0157364699,0.987550414,1,"Geno_at_37"
"Heatr3","ENSMUSG00000031657.16",0.00167536439,5.93894686,0.0457201044,0.963840957,1,"Geno_at_37"
"Prss44","ENSMUSG00000032493.8",0.00165840635,-0.257328161,0.0143481579,0.988648667,1,"Geno_at_37"
"Spidr","ENSMUSG00000041974.10",0.00165530795,4.88602387,0.0347170229,0.97253887,1,"Geno_at_37"
"Gm17538","ENSMUSG00000091058.2",-0.00165523957,1.93957403,-0.020710289,0.983615991,1,"Geno_at_37"
"Myc","ENSMUSG00000022346.16",0.00164230916,8.93942655,0.0306425306,0.97585495,1,"Geno_at_37"
"Gm11223","ENSMUSG00000046341.5",0.00164131392,7.19321196,0.0359724582,0.971564806,1,"Geno_at_37"
"Gm48444","ENSMUSG00000113224.1",-0.00163876886,-0.805923588,-0.02024006,0.983987938,1,"Geno_at_37"
"Prkar2a","ENSMUSG00000032601.13",0.00163870384,5.83620804,0.047656691,0.962310527,1,"Geno_at_37"
"Sat1","ENSMUSG00000025283.15",-0.00163734089,6.59344165,-0.0379269083,0.970001059,1,"Geno_at_37"
"Casc3","ENSMUSG00000078676.9",-0.00163519986,7.04348887,-0.0483123004,0.961792449,1,"Geno_at_37"
"Abcb10","ENSMUSG00000031974.8",0.00163481746,3.90950255,0.0254336177,0.979880099,1,"Geno_at_37"
"Nfil3","ENSMUSG00000056749.7",-0.0016343873,5.17583195,-0.0184373431,0.985482196,1,"Geno_at_37"
"Nr1h2","ENSMUSG00000060601.13",-0.00163226003,6.44504944,-0.0476047855,0.962351544,1,"Geno_at_37"
"Cnppd1","ENSMUSG00000033159.14",0.00162292766,6.60662185,0.0468962465,0.962911468,1,"Geno_at_37"
"Gm13835","ENSMUSG00000086922.2",0.00162290074,6.7319067,0.0437162551,0.965424691,1,"Geno_at_37"
"Itga10","ENSMUSG00000090210.7",-0.00162209544,1.81667519,-0.0186063688,0.985280203,1,"Geno_at_37"
"Med7","ENSMUSG00000020397.15",0.00161615816,5.39041117,0.0361809672,0.971381403,1,"Geno_at_37"
"Gm11878","ENSMUSG00000081810.1",0.00161280243,3.13535359,0.0224525411,0.982237917,1,"Geno_at_37"
"Gm12263","ENSMUSG00000084145.3",0.0016117236,3.83287217,0.0284803113,0.977470573,1,"Geno_at_37"
"Lama3","ENSMUSG00000024421.16",-0.00160948965,-0.82667586,-0.015971598,0.987364414,1,"Geno_at_37"
"Vps26c","ENSMUSG00000022898.13",0.00160945043,5.13131304,0.0341462811,0.972990143,1,"Geno_at_37"
"Rbm15b","ENSMUSG00000074102.4",0.00160475416,6.41432282,0.0544882876,0.956912912,1,"Geno_at_37"
"Cyb5b","ENSMUSG00000031924.4",-0.00160352321,7.88984683,-0.0605233467,0.952146356,1,"Geno_at_37"
"Mdp1","ENSMUSG00000002329.7",-0.00159809544,5.4948045,-0.0413471995,0.967297248,1,"Geno_at_37"
"Dusp11","ENSMUSG00000030002.15",-0.00159277264,7.65757065,-0.0568363517,0.955058183,1,"Geno_at_37"
"Abi1","ENSMUSG00000058835.14",0.0015848822,7.63110554,0.057134987,0.95482231,1,"Geno_at_37"
"Gm2546","ENSMUSG00000098019.1",-0.00157946176,-0.634224861,-0.0139554515,0.98895933,1,"Geno_at_37"
"Ric8a","ENSMUSG00000025485.13",-0.00157841227,5.94740395,-0.0422262978,0.966602366,1,"Geno_at_37"
"Cdca7l","ENSMUSG00000021175.15",0.00157381803,6.13610099,0.0418610886,0.966891042,1,"Geno_at_37"
"Poglut1","ENSMUSG00000034064.14",-0.00157125392,5.61206851,-0.0387919548,0.969317186,1,"Geno_at_37"
"Raf1","ENSMUSG00000000441.17",-0.00157063113,6.18354692,-0.0497022732,0.960694118,1,"Geno_at_37"
"Ndrg2","ENSMUSG00000004558.15",-0.00157001937,5.3017871,-0.0127693154,0.98996444,1,"Geno_at_37"
"Limk1","ENSMUSG00000029674.13",-0.001567161,3.97996099,-0.0281285808,0.977748734,1,"Geno_at_37"
"Zscan26","ENSMUSG00000022228.14",0.00156278267,5.45622163,0.0326417248,0.974179807,1,"Geno_at_37"
"Unc50","ENSMUSG00000026111.15",-0.0015622935,5.35501084,-0.0422219866,0.966605773,1,"Geno_at_37"
"Ggcx","ENSMUSG00000053460.8",-0.00156014019,3.28514349,-0.0225392096,0.982169366,1,"Geno_at_37"
"Gcfc2","ENSMUSG00000035125.10",-0.0015564068,4.32214689,-0.0272439879,0.978448314,1,"Geno_at_37"
"Tnrc6c","ENSMUSG00000025571.13",0.00154910746,6.40265231,0.0405734669,0.967908867,1,"Geno_at_37"
"Gm26542","ENSMUSG00000097887.2",0.0015462945,0.117275043,0.0125188512,0.990095812,1,"Geno_at_37"
"Stk38","ENSMUSG00000024006.17",-0.00154476831,8.33941065,-0.0558913841,0.95580458,1,"Geno_at_37"
"Ets1","ENSMUSG00000032035.16",0.00154365536,9.33479735,0.0612504367,0.951572211,1,"Geno_at_37"
"Cnot6","ENSMUSG00000020362.13",-0.00153896764,8.56261765,-0.0493590874,0.96096529,1,"Geno_at_37"
"Ubxn7","ENSMUSG00000053774.9",-0.00153867118,7.2482633,-0.0434507744,0.965634523,1,"Geno_at_37"
"Fam241b","ENSMUSG00000020083.13",-0.00153182701,-0.343752759,-0.0156104732,0.987650086,1,"Geno_at_37"
"Rwdd1","ENSMUSG00000019782.10",0.00152776819,5.58779209,0.0355961223,0.971843803,1,"Geno_at_37"
"Tchp","ENSMUSG00000002486.15",0.00152664059,4.11310311,0.0225935178,0.982126411,1,"Geno_at_37"
"Bach2os","ENSMUSG00000086150.1",0.00152489552,2.19038973,0.0139949391,0.988928092,1,"Geno_at_37"
"Ppan","ENSMUSG00000004100.12",-0.00151672487,6.54320369,-0.0341066846,0.973021452,1,"Geno_at_37"
"Selenoi","ENSMUSG00000075703.15",-0.00151187375,6.58447302,-0.0492747227,0.961031953,1,"Geno_at_37"
"Srsf3","ENSMUSG00000071172.13",-0.00149969387,8.90078276,-0.0444411232,0.964851777,1,"Geno_at_37"
"Cd274","ENSMUSG00000016496.7",0.00149462611,6.28425453,0.0130062142,0.989780099,1,"Geno_at_37"
"Ddx49","ENSMUSG00000057788.13",-0.00149438776,5.46767083,-0.0354573769,0.971953502,1,"Geno_at_37"
"Gm15991","ENSMUSG00000087266.2",-0.00149423682,-0.662608044,-0.0121659522,0.990374991,1,"Geno_at_37"
"Clip1","ENSMUSG00000049550.17",-0.00149322649,6.98576127,-0.046816142,0.962974771,1,"Geno_at_37"
"Gm49085","ENSMUSG00000115249.1",-0.0014922344,0.121419179,-0.01091121,0.991367629,1,"Geno_at_37"
"Slc7a4","ENSMUSG00000022756.17",0.00148993633,0.129815057,0.0118071874,0.990658811,1,"Geno_at_37"
"Prkab1","ENSMUSG00000029513.14",0.00148908459,5.45816469,0.042532326,0.966360472,1,"Geno_at_37"
"Itga9","ENSMUSG00000039115.13",0.00148815618,0.0171191783,0.0114560005,0.990936638,1,"Geno_at_37"
"Ppp1ccb","ENSMUSG00000100153.2",0.00148401226,7.12501727,0.042565344,0.966334374,1,"Geno_at_37"
"Rhod","ENSMUSG00000041845.11",-0.00148281375,0.408073719,-0.00974230522,0.992292372,1,"Geno_at_37"
"Gm37795","ENSMUSG00000102813.1",0.00148034838,2.50958001,0.0170495173,0.986511724,1,"Geno_at_37"
"Cd68","ENSMUSG00000018774.13",0.00147955205,2.05307421,0.0148801489,0.988227822,1,"Geno_at_37"
"Gm12289","ENSMUSG00000084884.1",-0.00147688691,-0.385770248,-0.0128346323,0.989845999,1,"Geno_at_37"
"Gapdh","ENSMUSG00000057666.18",-0.00147565709,4.18269845,-0.0223690972,0.982303918,1,"Geno_at_37"
"Tmco4","ENSMUSG00000041143.16",0.00147362581,6.33149786,0.0381782688,0.969802341,1,"Geno_at_37"
"Tpx2","ENSMUSG00000027469.16",-0.00146789074,7.9564151,-0.0548761533,0.95660652,1,"Geno_at_37"
"Arhgdig","ENSMUSG00000073433.11",-0.00145855059,2.91389019,-0.0150564519,0.988088354,1,"Geno_at_37"
"Gm48949","ENSMUSG00000115417.1",-0.00145726371,0.137623509,-0.0104735758,0.991713848,1,"Geno_at_37"
"Nsun2","ENSMUSG00000021595.18",-0.00145575882,8.38205006,-0.0502571767,0.960255666,1,"Geno_at_37"
"Ddx5","ENSMUSG00000020719.14",0.00145437666,10.793283,0.0661933415,0.947669769,1,"Geno_at_37"
"1700001G17Rik","ENSMUSG00000103746.1",-0.00145228381,-0.278994784,-0.0110145391,0.991285884,1,"Geno_at_37"
"H2-M3","ENSMUSG00000016206.6",0.00144126639,4.11824511,0.0293169539,0.976808938,1,"Geno_at_37"
"Eif4g3","ENSMUSG00000028760.16",-0.00144105106,8.01872454,-0.0461982555,0.963463074,1,"Geno_at_37"
"Clcn4","ENSMUSG00000000605.9",-0.00143665385,6.40128809,-0.0426587323,0.966260558,1,"Geno_at_37"
"Gm15347","ENSMUSG00000085465.1",-0.00143558719,0.771313167,-0.0121123477,0.990417398,1,"Geno_at_37"
"Ttc27","ENSMUSG00000024078.7",-0.00142732363,6.17627517,-0.0305443246,0.975838337,1,"Geno_at_37"
"Syvn1","ENSMUSG00000024807.18",0.00142536476,6.18294221,0.0288530877,0.977185179,1,"Geno_at_37"
"Chuk","ENSMUSG00000025199.16",-0.00142321491,6.59389476,-0.0414915945,0.96718311,1,"Geno_at_37"
"Zbtb18","ENSMUSG00000063659.11",-0.00141737938,7.74066208,-0.0470085727,0.9628227,1,"Geno_at_37"
"Pgam1-ps2","ENSMUSG00000082016.3",0.00141706704,6.57695532,0.0332434923,0.973703978,1,"Geno_at_37"
"Mrpl15","ENSMUSG00000033845.13",0.00141338291,6.18951124,0.0424506084,0.966425064,1,"Geno_at_37"
"F830115B05Rik","ENSMUSG00000104576.1",0.00141040003,-0.0546812716,0.0120517436,0.990465342,1,"Geno_at_37"
"Lgi1","ENSMUSG00000067242.11",0.0014093309,-0.977105499,0.0206672745,0.983650015,1,"Geno_at_37"
"Osbp","ENSMUSG00000024687.11",0.00140854437,6.68889488,0.046779881,0.963003427,1,"Geno_at_37"
"Gm14277","ENSMUSG00000084113.1",0.0014082018,5.48705207,0.0310733772,0.975419975,1,"Geno_at_37"
"Lmbrd1","ENSMUSG00000073725.8",0.00140755702,4.97293818,0.0363909314,0.9712154,1,"Geno_at_37"
"Cdan1","ENSMUSG00000027284.16",-0.00140472351,5.73076544,-0.0403516822,0.968084186,1,"Geno_at_37"
"Fbxw7","ENSMUSG00000028086.15",-0.00140139467,5.79554774,-0.0321963965,0.974531943,1,"Geno_at_37"
"Slc9a8","ENSMUSG00000039463.14",0.00140057424,6.56923781,0.0387947484,0.969314978,1,"Geno_at_37"
"Kit","ENSMUSG00000005672.12",-0.00139294752,2.50632323,-0.0135447015,0.989284269,1,"Geno_at_37"
"Eif4e","ENSMUSG00000028156.12",-0.00139214773,7.28813512,-0.0365573334,0.97108384,1,"Geno_at_37"
"Gm30698","ENSMUSG00000111090.1",-0.00138983569,-0.585514619,-0.0112159205,0.991126568,1,"Geno_at_37"
"Gigyf1","ENSMUSG00000029714.11",-0.00138846147,6.55331937,-0.0330425362,0.973862876,1,"Geno_at_37"
"Sft2d3","ENSMUSG00000044982.7",-0.00138092155,2.9319225,-0.0178615746,0.985869355,1,"Geno_at_37"
"Nhp2","ENSMUSG00000001056.3",-0.00137392825,6.95847407,-0.0372322835,0.97055022,1,"Geno_at_37"
"Mir339","ENSMUSG00000065593.1",0.0013716543,-0.329714707,0.0114551767,0.99093729,1,"Geno_at_37"
"Dglucy","ENSMUSG00000021185.16",-0.00136468227,4.69176535,-0.0253970766,0.979908999,1,"Geno_at_37"
"Ralbp1","ENSMUSG00000024096.17",0.00136392178,7.46730099,0.043498008,0.96559719,1,"Geno_at_37"
"Cyp2u1","ENSMUSG00000027983.13",-0.0013575713,-0.633666438,-0.0127397138,0.989921088,1,"Geno_at_37"
"Ppp4r1l-ps","ENSMUSG00000055897.13",0.00135350526,4.65328714,0.0245652337,0.98056691,1,"Geno_at_37"
"Acat2","ENSMUSG00000023832.14",0.0013524557,6.42845517,0.029254114,0.976860908,1,"Geno_at_37"
"Rpp25l","ENSMUSG00000036114.3",-0.00134757282,4.0852129,-0.0203852006,0.983873133,1,"Geno_at_37"
"4731419I09Rik","ENSMUSG00000097004.1",0.0013431359,-0.647800014,0.013171824,0.989579248,1,"Geno_at_37"
"F730311O21Rik","ENSMUSG00000100658.1",0.00133659951,0.0206600238,0.00925882909,0.992674863,1,"Geno_at_37"
"Pik3cd","ENSMUSG00000039936.18",0.00132787492,7.99612407,0.0482525103,0.961839696,1,"Geno_at_37"
"Galnt1","ENSMUSG00000000420.15",-0.00132372748,7.67840486,-0.0343818336,0.972803896,1,"Geno_at_37"
"Csn1s1","ENSMUSG00000070702.9",0.00132207739,-0.0769176198,0.00875680631,0.993072614,1,"Geno_at_37"
"Pf4","ENSMUSG00000029373.7",-0.00131178066,-0.986582193,-0.0196201344,0.9844783,1,"Geno_at_37"
"Tsnax","ENSMUSG00000056820.7",-0.00130867851,6.81745247,-0.043086034,0.965922813,1,"Geno_at_37"
"Oaz1-ps","ENSMUSG00000043801.7",-0.0013070645,7.67112723,-0.0420464193,0.966744548,1,"Geno_at_37"
"Ecsit","ENSMUSG00000066839.12",-0.00130268002,4.23433053,-0.023142845,0.981691921,1,"Geno_at_37"
"Wdr77","ENSMUSG00000000561.14",-0.00130137393,5.67203543,-0.0292894451,0.976830692,1,"Geno_at_37"
"Prkag2","ENSMUSG00000028944.14",0.00130053548,5.60284092,0.0336755938,0.973362313,1,"Geno_at_37"
"Adam17","ENSMUSG00000052593.16",0.00129764628,6.7588408,0.0414504452,0.967215637,1,"Geno_at_37"
"Zfp788","ENSMUSG00000074165.10",-0.00129420381,4.11307151,-0.0199908287,0.98418508,1,"Geno_at_37"
"Gm14253","ENSMUSG00000082321.3",-0.00127944761,4.74083266,-0.0285648476,0.977403719,1,"Geno_at_37"
"Ubap2","ENSMUSG00000028433.14",0.00127654809,8.08750246,0.0371486337,0.970616353,1,"Geno_at_37"
"Rps3","ENSMUSG00000030744.13",-0.00127531391,11.0813608,-0.0453333128,0.964146645,1,"Geno_at_37"
"Trbv20","ENSMUSG00000076476.1",0.00126532733,3.32089435,0.0186440673,0.985250382,1,"Geno_at_37"
"Eid2b","ENSMUSG00000070705.3",-0.00126500322,1.7535846,-0.0126568173,0.989986668,1,"Geno_at_37"
"Abcd4","ENSMUSG00000021240.6",-0.00126367419,3.73365102,-0.0244635863,0.980647305,1,"Geno_at_37"
"Ube3a","ENSMUSG00000025326.12",0.00126362203,6.8155517,0.0434344871,0.965647397,1,"Geno_at_37"
"Foxo3","ENSMUSG00000048756.11",0.00126146163,6.72274223,0.0393193602,0.968900252,1,"Geno_at_37"
"Gm13535","ENSMUSG00000084292.1",-0.00124814391,-0.670554872,-0.0113351513,0.991032243,1,"Geno_at_37"
"Rmnd1","ENSMUSG00000019763.11",-0.00124731751,3.92010626,-0.0176473687,0.986038799,1,"Geno_at_37"
"Gm5487","ENSMUSG00000116912.1",-0.00124725146,5.53155295,-0.0264156158,0.979103448,1,"Geno_at_37"
"Lrrc58","ENSMUSG00000034158.9",-0.00124640928,7.52785505,-0.0399876653,0.968371943,1,"Geno_at_37"
"Prr14l","ENSMUSG00000054280.14",-0.0012456906,6.90205854,-0.0349587364,0.972347755,1,"Geno_at_37"
"Mthfd1","ENSMUSG00000021048.7",0.00124266036,7.15626419,0.0306567064,0.975749467,1,"Geno_at_37"
"Khdc4","ENSMUSG00000028060.14",0.00124209284,6.88308134,0.0459359855,0.963670345,1,"Geno_at_37"
"Gm10778","ENSMUSG00000096856.7",0.00123759651,-0.145622198,0.0105886952,0.991622775,1,"Geno_at_37"
"Spx","ENSMUSG00000071112.12",0.00122597827,0.814470701,0.00861621508,0.993183254,1,"Geno_at_37"
"Gm38339","ENSMUSG00000102518.1",-0.00121935463,-0.928708874,-0.0171381551,0.986441608,1,"Geno_at_37"
"Adam10","ENSMUSG00000054693.14",0.00121627507,8.57365356,0.0428160267,0.96613623,1,"Geno_at_37"
"Khsrp","ENSMUSG00000007670.10",-0.00121089667,8.50403004,-0.0391676696,0.969020168,1,"Geno_at_37"
"Rd3","ENSMUSG00000049353.17",-0.00121019144,-0.492784884,-0.0106988714,0.991535613,1,"Geno_at_37"
"Plaa","ENSMUSG00000028577.13",0.00120769534,7.33392706,0.0418484727,0.966901014,1,"Geno_at_37"
"Ranbp6","ENSMUSG00000074909.5",0.00119922133,4.92591697,0.0271703052,0.978506587,1,"Geno_at_37"
"Birc5","ENSMUSG00000017716.15",-0.00119796558,6.96356916,-0.0338823333,0.973198844,1,"Geno_at_37"
"Gm2735","ENSMUSG00000085116.1",-0.00119593806,0.0311790301,-0.00874865962,0.993078473,1,"Geno_at_37"
"Gm44067","ENSMUSG00000108095.1",0.00119323459,0.286497069,0.00886844017,0.992983711,1,"Geno_at_37"
"Bbs9","ENSMUSG00000035919.16",-0.00119240226,3.84405719,-0.0174396393,0.986203121,1,"Geno_at_37"
"Nkiras2","ENSMUSG00000017837.12",0.0011837929,5.09962179,0.0256438227,0.979713848,1,"Geno_at_37"
"Tox4","ENSMUSG00000016831.12",0.00117264741,7.29627948,0.0427688773,0.966173497,1,"Geno_at_37"
"Tmem87a","ENSMUSG00000033808.16",-0.00116007235,6.41284025,-0.0367745875,0.970912076,1,"Geno_at_37"
"Spef1","ENSMUSG00000027329.9",0.00115625531,1.78237831,0.0108518591,0.991414582,1,"Geno_at_37"
"Gm37321","ENSMUSG00000104325.1",-0.00115611463,-0.490851997,-0.00935330848,0.992600118,1,"Geno_at_37"
"Etf1","ENSMUSG00000024360.8",-0.00115178901,8.67142912,-0.0419584865,0.966814054,1,"Geno_at_37"
"Gm38364","ENSMUSG00000103592.1",0.00114872986,-0.651145871,0.0120079642,0.990499976,1,"Geno_at_37"
"Stx6","ENSMUSG00000026470.14",0.00114806371,6.84050303,0.033185002,0.973750227,1,"Geno_at_37"
"Polr3c","ENSMUSG00000028099.8",0.00113922201,6.29011623,0.0353532461,0.972035833,1,"Geno_at_37"
"Gars","ENSMUSG00000029777.10",-0.00113789067,8.08682902,-0.0314111021,0.975152914,1,"Geno_at_37"
"Diaph1","ENSMUSG00000024456.16",-0.00113694529,7.64907318,-0.0336366242,0.973393126,1,"Geno_at_37"
"Arf3","ENSMUSG00000051853.10",0.00113391011,8.21624898,0.0405287538,0.967944212,1,"Geno_at_37"
"Gm37342","ENSMUSG00000102732.1",-0.00112114432,-0.316380125,-0.00774735849,0.993871514,1,"Geno_at_37"
"4930481B07Rik","ENSMUSG00000085956.1",-0.00111654278,0.212411789,-0.00975323822,0.992283723,1,"Geno_at_37"
"Odf2","ENSMUSG00000026790.19",0.00110378203,7.11963295,0.0332163807,0.973725415,1,"Geno_at_37"
"Hdac6","ENSMUSG00000031161.15",-0.00109804524,5.43566493,-0.0309819586,0.975492266,1,"Geno_at_37"
"Cog1","ENSMUSG00000018661.17",0.00109555894,5.41012152,0.031026768,0.975456832,1,"Geno_at_37"
"Sec61b","ENSMUSG00000053317.11",0.00109514035,5.7740976,0.0263698899,0.979139611,1,"Geno_at_37"
"Smtnl2","ENSMUSG00000045667.14",-0.00109366419,-0.547675792,-0.00690807416,0.994542882,1,"Geno_at_37"
"Vgf","ENSMUSG00000037428.14",0.00109168898,-0.451943143,0.011344755,0.991024646,1,"Geno_at_37"
"Lca5","ENSMUSG00000032258.15",-0.0010909342,2.95319544,-0.0143402723,0.988654905,1,"Geno_at_37"
"Zfp449","ENSMUSG00000073176.4",0.00108627129,1.25638889,0.00991683156,0.9921543,1,"Geno_at_37"
"Cpeb4","ENSMUSG00000020300.14",0.00108512641,5.67022016,0.0208055141,0.983543405,1,"Geno_at_37"
"Pik3r1","ENSMUSG00000041417.15",0.00108434332,8.03179245,0.0348235078,0.972454676,1,"Geno_at_37"
"Mapk8ip3","ENSMUSG00000024163.17",0.00107966722,7.0680034,0.0290105315,0.977051261,1,"Geno_at_37"
"Impg2","ENSMUSG00000035270.15",-0.00107855636,0.340336868,-0.00754937126,0.994027273,1,"Geno_at_37"
"Smc4","ENSMUSG00000034349.14",0.00107783393,9.28746017,0.0335922389,0.973428221,1,"Geno_at_37"
"Polr3k","ENSMUSG00000038628.8",-0.00107248147,5.80940076,-0.030043319,0.976234526,1,"Geno_at_37"
"Srd5a3","ENSMUSG00000029233.15",0.00106914606,5.11027574,0.0208605661,0.983497124,1,"Geno_at_37"
"Kmt5a","ENSMUSG00000049327.17",-0.00106363448,7.2286848,-0.0331926832,0.973744153,1,"Geno_at_37"
"Chrac1","ENSMUSG00000068391.8",-0.00105371136,5.41207852,-0.0276256673,0.978146461,1,"Geno_at_37"
"Ints7","ENSMUSG00000037461.10",0.001053383,7.60803014,0.0349684033,0.972340112,1,"Geno_at_37"
"Arl6","ENSMUSG00000022722.18",0.00104097282,1.88429347,0.0128456962,0.989837246,1,"Geno_at_37"
"Eif4b","ENSMUSG00000058655.9",-0.00103747954,10.0626788,-0.0416328662,0.96707144,1,"Geno_at_37"
"Pmm2","ENSMUSG00000022711.16",0.00103662094,6.14561609,0.0299801251,0.976284499,1,"Geno_at_37"
"1810024B03Rik","ENSMUSG00000044145.2",-0.00103482511,0.725553681,-0.00810100299,0.993590857,1,"Geno_at_37"
"Rngtt","ENSMUSG00000028274.17",-0.00103259135,5.5837769,-0.0278387252,0.977977964,1,"Geno_at_37"
"Pcnx4","ENSMUSG00000034501.7",-0.00102969822,3.06421378,-0.0132652505,0.989505339,1,"Geno_at_37"
"Etaa1os","ENSMUSG00000086468.1",0.00102897318,-0.342315214,0.00841532152,0.993342188,1,"Geno_at_37"
"Polr2a","ENSMUSG00000005198.15",0.00102442445,9.11380879,0.0278991002,0.977931476,1,"Geno_at_37"
"Ppp1r2-ps4","ENSMUSG00000059237.6",0.00102095342,1.97923164,0.0104556062,0.991728064,1,"Geno_at_37"
"Zscan29","ENSMUSG00000050619.14",-0.00102088079,7.51279303,-0.017691075,0.986053838,1,"Geno_at_37"
"Ubr3","ENSMUSG00000044308.17",-0.00102018238,6.74600447,-0.0326108489,0.974204221,1,"Geno_at_37"
"Rpia","ENSMUSG00000053604.5",0.00101784672,6.34104596,0.0256519969,0.979707383,1,"Geno_at_37"
"Ino80c","ENSMUSG00000047989.11",-0.00101401046,6.5752793,-0.0126524836,0.990046732,1,"Geno_at_37"
"Piga","ENSMUSG00000031381.16",0.00101356053,5.15939566,0.0170073733,0.986551206,1,"Geno_at_37"
"Gm32856","ENSMUSG00000110605.1",0.00101133024,3.57742563,0.0132418385,0.98952386,1,"Geno_at_37"
"Dvl1","ENSMUSG00000029071.16",0.00100768285,5.87998562,0.0253845891,0.979918875,1,"Geno_at_37"
"Gm15902","ENSMUSG00000086012.2",-0.00100445964,0.950594722,-0.00750229509,0.994064517,1,"Geno_at_37"
"Usp27x","ENSMUSG00000046269.17",0.00100360906,4.89357935,0.0210810207,0.983322748,1,"Geno_at_37"
"Zfp942","ENSMUSG00000071267.11",0.00100095188,4.93778514,0.0212652836,0.983177,1,"Geno_at_37"
"Fli1","ENSMUSG00000016087.13",0.000985033455,5.277705,0.0214641156,0.983019728,1,"Geno_at_37"
"Stard7","ENSMUSG00000027367.16",-0.000980147077,7.64824096,-0.0316160594,0.974990843,1,"Geno_at_37"
"Aimp1","ENSMUSG00000028029.11",-0.000979104195,6.40385702,-0.0326574729,0.974167354,1,"Geno_at_37"
"Fam76b","ENSMUSG00000037808.13",-0.000972350074,6.52232827,-0.0251124496,0.980134111,1,"Geno_at_37"
"Gm14827","ENSMUSG00000084904.1",-0.000965991728,-0.461957411,-0.00707416779,0.994403227,1,"Geno_at_37"
"Ttc5","ENSMUSG00000006288.8",-0.000965899344,5.77571545,-0.0279359068,0.977901109,1,"Geno_at_37"
"Rhbdd3","ENSMUSG00000034175.13",0.000962287624,3.58451614,0.0151531172,0.988011885,1,"Geno_at_37"
"Pcdh19","ENSMUSG00000051323.16",0.000961622555,-0.802228826,0.0120455637,0.990470231,1,"Geno_at_37"
"Snx32","ENSMUSG00000056185.5",0.000959491999,3.40858307,0.0145725307,0.988471171,1,"Geno_at_37"
"Tppp3","ENSMUSG00000014846.12",-0.000953227216,-0.373754064,-0.0084507316,0.993314174,1,"Geno_at_37"
"Gm6548","ENSMUSG00000091549.1",-0.000952256367,5.08381919,-0.0208175351,0.983531161,1,"Geno_at_37"
"Gm34248","ENSMUSG00000105542.1",0.000950316306,-0.523116001,0.00862152249,0.993179056,1,"Geno_at_37"
"Aqp4","ENSMUSG00000024411.11",0.000947023921,-0.622025968,0.00933842637,0.992611891,1,"Geno_at_37"
"Samm50","ENSMUSG00000022437.7",0.000941860176,7.10913951,0.033178339,0.973755495,1,"Geno_at_37"
"Slc46a3","ENSMUSG00000029650.10",0.000934821315,1.15578121,0.00914924544,0.992761558,1,"Geno_at_37"
"Fbh1","ENSMUSG00000058594.15",-0.000933565181,5.95046033,-0.0266560557,0.97891329,1,"Geno_at_37"
"Gm13436","ENSMUSG00000083716.4",0.000928441632,7.63740266,0.0301914423,0.976117391,1,"Geno_at_37"
"Ttyh3","ENSMUSG00000036565.7",0.000927555573,6.79166104,0.0230533296,0.981762723,1,"Geno_at_37"
"Zfp51","ENSMUSG00000023892.8",0.000924785935,4.2424575,0.0169661706,0.986577655,1,"Geno_at_37"
"Mmp28","ENSMUSG00000020682.17",-0.000924690414,-0.193910023,-0.00736069796,0.994176541,1,"Geno_at_37"
"Gna11","ENSMUSG00000034781.5",-0.000924223976,4.56331672,-0.0192672852,0.984757407,1,"Geno_at_37"
"Kalrn","ENSMUSG00000061751.16",-0.00092320214,-0.713654213,-0.00874211125,0.993083654,1,"Geno_at_37"
"Wdfy2","ENSMUSG00000014547.10",-0.000913514617,4.25388666,-0.0156277781,0.987636396,1,"Geno_at_37"
"Sephs1","ENSMUSG00000026662.13",0.000912804605,6.70032743,0.0292508185,0.976861238,1,"Geno_at_37"
"Setd7","ENSMUSG00000037111.9",-0.000900359516,7.44651535,-0.0292553833,0.976857628,1,"Geno_at_37"
"Eif1-ps2","ENSMUSG00000114179.1",0.000900185565,3.09512449,0.0123705854,0.990213105,1,"Geno_at_37"
"Btbd8","ENSMUSG00000111375.4",0.000900064745,3.17880222,0.0111139382,0.991207248,1,"Geno_at_37"
"G3bp1","ENSMUSG00000018583.5",0.000898518,9.04419983,0.0349809612,0.972330183,1,"Geno_at_37"
"Chaer1","ENSMUSG00000106783.1",-0.000896230589,-0.919889171,-0.0116610557,0.990774417,1,"Geno_at_37"
"Gm10684","ENSMUSG00000074385.3",-0.000879694564,-0.638893181,-0.00881972866,0.993022248,1,"Geno_at_37"
"Prickle1","ENSMUSG00000036158.12",0.000878456643,5.66476682,0.0135694627,0.989290493,1,"Geno_at_37"
"Kdsr","ENSMUSG00000009905.5",-0.000878276825,5.68317228,-0.0178042416,0.985914707,1,"Geno_at_37"
"Rpn2","ENSMUSG00000027642.15",-0.000866281215,8.09564759,-0.0301562919,0.976145188,1,"Geno_at_37"
"Hmgb1-ps5","ENSMUSG00000083822.1",0.000865551479,0.183050841,0.00642632028,0.994915768,1,"Geno_at_37"
"Abcd1","ENSMUSG00000031378.14",0.000863651546,5.07045977,0.0205041558,0.98377904,1,"Geno_at_37"
"Haus7","ENSMUSG00000031371.14",0.000860568868,4.38985185,0.0153376319,0.987865921,1,"Geno_at_37"
"Abcg1","ENSMUSG00000024030.7",0.000860547895,7.23080301,0.0206036674,0.983700328,1,"Geno_at_37"
"Ssr3","ENSMUSG00000027828.12",-0.000858850845,8.09595902,-0.0266948306,0.978882624,1,"Geno_at_37"
"Map2k3","ENSMUSG00000018932.9",-0.000856895231,7.51079507,-0.0137267659,0.989187312,1,"Geno_at_37"
"Tmem183a","ENSMUSG00000042305.12",0.000854895993,6.48862154,0.0234507367,0.981448397,1,"Geno_at_37"
"Mgat1","ENSMUSG00000020346.16",-0.00084728841,6.56939021,-0.0259575187,0.979465749,1,"Geno_at_37"
"Rpp30","ENSMUSG00000024800.8",0.000841105114,4.76522612,0.0194800654,0.984589096,1,"Geno_at_37"
"Pprc1","ENSMUSG00000055491.14",-0.000829893575,7.25911796,-0.0146887171,0.988414899,1,"Geno_at_37"
"Gnmt","ENSMUSG00000002769.9",-0.000825648713,-0.217734186,-0.00626608519,0.995042537,1,"Geno_at_37"
"Pgam2","ENSMUSG00000020475.3",0.000815127917,1.92594683,0.00894810135,0.992920689,1,"Geno_at_37"
"B2m","ENSMUSG00000060802.8",0.00081225953,9.67199321,0.0132482528,0.989576414,1,"Geno_at_37"
"Tex26","ENSMUSG00000029660.10",0.000810704698,-0.612802759,0.00811306768,0.993581312,1,"Geno_at_37"
"Gm4852","ENSMUSG00000081185.1",0.000807061611,-0.151399421,0.00666069348,0.994730344,1,"Geno_at_37"
"Gm34276","ENSMUSG00000113977.1",-0.000804147383,-0.634265581,-0.0077971142,0.993831274,1,"Geno_at_37"
"Drosha","ENSMUSG00000022191.16",0.00080355415,6.09575128,0.0183166889,0.985509346,1,"Geno_at_37"
"Plekhm1","ENSMUSG00000034247.9",0.00080226957,5.35076266,0.0182199557,0.985585865,1,"Geno_at_37"
"Ksr2","ENSMUSG00000061578.8",-0.000801330274,0.0636341546,-0.00647325988,0.994878632,1,"Geno_at_37"
"Pan2","ENSMUSG00000005682.9",0.000798423212,5.88207203,0.0236471896,0.981293015,1,"Geno_at_37"
"Shmt2","ENSMUSG00000025403.5",0.000794675688,8.06585394,0.0238121426,0.981162548,1,"Geno_at_37"
"Sdhb","ENSMUSG00000009863.14",-0.00078826061,6.27155492,-0.0214829795,0.983004807,1,"Geno_at_37"
"Grap","ENSMUSG00000004837.2",-0.000785237023,6.33187489,-0.0138481336,0.989066453,1,"Geno_at_37"
"Nfkbil1","ENSMUSG00000042419.8",-0.000785227673,4.07197323,-0.0123148071,0.990257232,1,"Geno_at_37"
"Gm20300","ENSMUSG00000111080.1",-0.000779892982,2.99997866,-0.0105934722,0.991618996,1,"Geno_at_37"
"Prss41","ENSMUSG00000024114.15",0.000774894366,-0.224003906,0.00373870265,0.997053126,1,"Geno_at_37"
"Ranbp1","ENSMUSG00000005732.14",-0.000774781429,6.74137565,-0.0167454957,0.986757758,1,"Geno_at_37"
"Slmap","ENSMUSG00000021870.17",0.000767308804,7.07619235,0.0262834949,0.979207939,1,"Geno_at_37"
"Them6","ENSMUSG00000056665.2",-0.000748434997,3.42856437,-0.00955851272,0.992437775,1,"Geno_at_37"
"Wipf2","ENSMUSG00000038013.14",-0.000747741687,5.8135491,-0.0200002141,0.984177656,1,"Geno_at_37"
"1700026N04Rik","ENSMUSG00000114681.1",-0.000747337711,-0.230502258,-0.00613859207,0.995143403,1,"Geno_at_37"
"Cenpc1","ENSMUSG00000029253.12",0.000746153299,6.31652766,0.022590734,0.982128613,1,"Geno_at_37"
"4930403P22Rik","ENSMUSG00000102762.1",-0.000741543558,-0.361914225,-0.00668537176,0.99471082,1,"Geno_at_37"
"Chd8","ENSMUSG00000053754.14",-0.000741375865,7.58040836,-0.0267745241,0.978819596,1,"Geno_at_37"
"Fyb","ENSMUSG00000022148.16",0.000739190107,6.54806461,0.0143605,0.988652704,1,"Geno_at_37"
"Gm43924","ENSMUSG00000108046.1",0.000737632542,0.282456815,0.00494078067,0.996091052,1,"Geno_at_37"
"Itga5","ENSMUSG00000000555.8",0.00072984676,4.97252475,0.0151471963,0.988016569,1,"Geno_at_37"
"Ogfod1","ENSMUSG00000033009.15",0.000728181611,4.586846,0.0149699783,0.98815676,1,"Geno_at_37"
"Akr1e1","ENSMUSG00000045410.18",0.000722417412,3.865534,0.0115484722,0.990863483,1,"Geno_at_37"
"Arv1","ENSMUSG00000031982.5",0.000720317401,3.55361435,0.0100017771,0.992087098,1,"Geno_at_37"
"Cdk11b","ENSMUSG00000029062.14",0.000719500789,7.25277204,0.0209236536,0.983447223,1,"Geno_at_37"
"Hpcal1","ENSMUSG00000071379.2",-0.000719411891,4.53742657,-0.0172390517,0.986361794,1,"Geno_at_37"
"Mia2","ENSMUSG00000021000.17",-0.000718361657,7.27629802,-0.0230466013,0.981768044,1,"Geno_at_37"
"Chn1os3","ENSMUSG00000086544.1",-0.000712026337,-0.870528899,-0.00941239494,0.992553373,1,"Geno_at_37"
"Stambp","ENSMUSG00000006906.10",0.000711752474,4.20026765,0.016140664,0.987230673,1,"Geno_at_37"
"Smim17","ENSMUSG00000093536.7",-0.000710466022,-0.264145927,-0.00545533355,0.995683963,1,"Geno_at_37"
"Uhrf1bp1","ENSMUSG00000039512.12",-0.000708831018,6.44762349,-0.0175929148,0.986081874,1,"Geno_at_37"
"Gcnt3","ENSMUSG00000032226.5",0.000706481463,-0.978947957,0.0103231919,0.99183282,1,"Geno_at_37"
"Per2","ENSMUSG00000055866.9",-0.000704348863,3.56522251,-0.00808114656,0.993608776,1,"Geno_at_37"
"Gm15791","ENSMUSG00000081256.1",0.000699749146,-0.643590658,0.00663633478,0.994749616,1,"Geno_at_37"
"Thnsl1","ENSMUSG00000048550.17",0.00069684489,2.38468,0.00864672719,0.993159115,1,"Geno_at_37"
"Cdc14a","ENSMUSG00000033502.15",0.000695521691,6.00904453,0.015693301,0.987584564,1,"Geno_at_37"
"Bace1","ENSMUSG00000032086.12",0.000694865364,3.50129596,0.011013561,0.991286657,1,"Geno_at_37"
"Gm11537","ENSMUSG00000085242.1",0.000687569226,-0.229848499,0.00491268008,0.996113284,1,"Geno_at_37"
"Ppdpf","ENSMUSG00000016344.14",-0.000686126963,5.04631803,-0.0156788117,0.987596026,1,"Geno_at_37"
"Traip","ENSMUSG00000032586.9",-0.000681508794,5.04249393,-0.010067758,0.992046314,1,"Geno_at_37"
"Farsb","ENSMUSG00000026245.16",-0.000677797782,6.60887695,-0.0194005439,0.984651998,1,"Geno_at_37"
"Rpl12","ENSMUSG00000038900.17",0.000665641629,6.17988063,0.0174119525,0.986225023,1,"Geno_at_37"
"Ddx39","ENSMUSG00000005481.18",0.000660166789,7.48666148,0.0201444177,0.984063591,1,"Geno_at_37"
"Rab19","ENSMUSG00000029923.4",0.000657492056,1.63281706,0.00668786608,0.994708847,1,"Geno_at_37"
"Nubpl","ENSMUSG00000035142.18",-0.000656561246,2.61101744,-0.00869947107,0.993117388,1,"Geno_at_37"
"Ifnar2","ENSMUSG00000022971.18",-0.000650873763,5.14245714,-0.015035316,0.988105074,1,"Geno_at_37"
"Fam72a","ENSMUSG00000055184.4",-0.000648751377,3.20025911,-0.00738838024,0.99415464,1,"Geno_at_37"
"Gm11978","ENSMUSG00000086373.8",0.00064613718,-0.989904082,0.00972458195,0.992306393,1,"Geno_at_37"
"Mmp8","ENSMUSG00000005800.3",0.00064613718,-0.989088763,0.00969714323,0.992328101,1,"Geno_at_37"
"Tep1","ENSMUSG00000006281.8",-0.000645436586,5.58059268,-0.0170975081,0.986473761,1,"Geno_at_37"
"Tbl1xr1","ENSMUSG00000027630.13",-0.000636852865,7.08084773,-0.0127546981,0.989923755,1,"Geno_at_37"
"Rnf169","ENSMUSG00000058761.5",-0.000635301306,6.25671075,-0.016445066,0.986989874,1,"Geno_at_37"
"Gm10874","ENSMUSG00000075591.2",0.000631319545,-0.599180776,0.00547883929,0.995665366,1,"Geno_at_37"
"Mat2b","ENSMUSG00000042032.13",0.000627569872,7.00307402,0.0195764733,0.984512836,1,"Geno_at_37"
"Wdr24","ENSMUSG00000025737.5",0.000624098107,5.09851869,0.0157093168,0.987571894,1,"Geno_at_37"
"Gm45487","ENSMUSG00000110146.1",-0.000618337287,-0.710838232,-0.00569775766,0.995492169,1,"Geno_at_37"
"Cntrl","ENSMUSG00000057110.15",-0.000614148234,7.53272098,-0.018311634,0.985513345,1,"Geno_at_37"
"Eprs","ENSMUSG00000026615.14",0.000613296905,8.37563428,0.0248604602,0.980333412,1,"Geno_at_37"
"Tbcd","ENSMUSG00000039230.14",-0.00061203364,5.94589361,-0.0164599495,0.986978101,1,"Geno_at_37"
"Gm4130","ENSMUSG00000114579.1",-0.000611340416,2.9524479,-0.00764950947,0.99394805,1,"Geno_at_37"
"Nsmce3","ENSMUSG00000070520.4",0.000610973745,4.43927215,0.0120115553,0.990497135,1,"Geno_at_37"
"Zfp605","ENSMUSG00000023284.15",0.00060354671,3.01736362,0.00902914725,0.992856571,1,"Geno_at_37"
"Trav6-5","ENSMUSG00000096149.5",-0.000596200803,0.901905511,-0.00552301768,0.995630414,1,"Geno_at_37"
"Tmem127","ENSMUSG00000034850.15",-0.000591368082,6.75557028,-0.0204179199,0.983847252,1,"Geno_at_37"
"Ttc9c","ENSMUSG00000071660.10",0.000589243872,6.12927648,0.0142746664,0.988706805,1,"Geno_at_37"
"Pawr","ENSMUSG00000035873.8",0.000585467611,-0.59852983,0.00654268352,0.994823707,1,"Geno_at_37"
"Tlk1","ENSMUSG00000041997.16",0.000583743661,7.00424448,0.0185635593,0.985314066,1,"Geno_at_37"
"Gm25579","ENSMUSG00000065341.1",0.0005822036,-0.691298906,0.00518467545,0.995898094,1,"Geno_at_37"
"Elmo1","ENSMUSG00000041112.17",-0.00058208584,6.6949173,-0.0167468914,0.986751115,1,"Geno_at_37"
"Rbm5","ENSMUSG00000032580.12",-0.000576531697,7.70314046,-0.0167544366,0.986745146,1,"Geno_at_37"
"Gle1","ENSMUSG00000019715.14",0.000575906066,6.37587076,0.018811762,0.985117732,1,"Geno_at_37"
"Specc1l","ENSMUSG00000033444.14",0.000575527182,6.45760536,0.0161886917,0.98719268,1,"Geno_at_37"
"Tns1","ENSMUSG00000055322.16",-0.000573299892,7.64139466,-0.0148619776,0.988242197,1,"Geno_at_37"
"Gm17484","ENSMUSG00000091514.2",-0.000573124769,-0.372407955,-0.0047814781,0.996217085,1,"Geno_at_37"
"Cask","ENSMUSG00000031012.17",0.000572773647,4.77675138,0.00956128163,0.992435584,1,"Geno_at_37"
"Cdk5rap3","ENSMUSG00000018669.14",0.000571433125,5.72012005,0.016090477,0.987270374,1,"Geno_at_37"
"Snhg12","ENSMUSG00000086290.9",-0.000569376838,5.66065675,-0.012228104,0.990325823,1,"Geno_at_37"
"Atp2a3","ENSMUSG00000020788.15",-0.000567177798,7.4893663,-0.018415974,0.985430809,1,"Geno_at_37"
"Nol11","ENSMUSG00000018433.14",0.000564262697,6.52591883,0.0175181192,0.986141041,1,"Geno_at_37"
"Gm15785","ENSMUSG00000082072.1",-0.000564085518,-0.450730888,-0.00495898019,0.996076654,1,"Geno_at_37"
"Wnt16","ENSMUSG00000029671.15",-0.000562752805,-0.233980114,-0.00430504479,0.996594018,1,"Geno_at_37"
"Lrrc8b","ENSMUSG00000070639.5",0.000562340449,5.85557206,0.0136103541,0.989232332,1,"Geno_at_37"
"Gm7638","ENSMUSG00000080790.1",-0.00054973207,-0.737876987,-0.00580684964,0.995405861,1,"Geno_at_37"
"Rsph9","ENSMUSG00000023966.8",-0.000549331333,0.378513875,-0.00355397711,0.99718823,1,"Geno_at_37"
"1700011B04Rik","ENSMUSG00000102099.2",0.000548614818,-0.909771122,0.00661787486,0.99476422,1,"Geno_at_37"
"Nedd8","ENSMUSG00000010376.15",-0.000546403982,6.79832366,-0.0149753516,0.98815251,1,"Geno_at_37"
"Cyth4","ENSMUSG00000018008.8",0.000543341867,7.8480295,0.0140416912,0.988891107,1,"Geno_at_37"
"Padi1","ENSMUSG00000025329.3",-0.000541751857,-0.751698499,-0.00537699872,0.995745937,1,"Geno_at_37"
"Zmym2","ENSMUSG00000021945.9",-0.000539306357,6.75832351,-0.018265988,0.985549452,1,"Geno_at_37"
"Tmem43","ENSMUSG00000030095.10",0.000535954511,5.65384636,0.014461597,0.988558928,1,"Geno_at_37"
"Zfp217","ENSMUSG00000052056.14",0.000534315738,6.54990738,0.0129893404,0.98972361,1,"Geno_at_37"
"Tomm6os","ENSMUSG00000084880.1",0.000530647343,-0.316030251,0.0049322518,0.9960978,1,"Geno_at_37"
"Hdac8","ENSMUSG00000067567.12",0.000529559846,3.56959329,0.00832182271,0.993416158,1,"Geno_at_37"
"Rbm45","ENSMUSG00000042369.8",-0.000527362987,6.41707811,-0.0151027049,0.988051764,1,"Geno_at_37"
"Arhgef3","ENSMUSG00000021895.10",-0.000521072458,7.0466706,-0.0143384259,0.988656366,1,"Geno_at_37"
"Large2","ENSMUSG00000040434.16",-0.000510402139,-0.707619526,-0.00492528622,0.996103311,1,"Geno_at_37"
"Mtx3","ENSMUSG00000021704.8",-0.000509167739,5.29902922,-0.0117382702,0.990713332,1,"Geno_at_37"
"Gm50220","ENSMUSG00000117971.1",0.000508966456,-0.91528377,0.00696823642,0.994487033,1,"Geno_at_37"
"Cir1","ENSMUSG00000041777.12",-0.000505404404,4.04038743,-0.0102746752,0.991871202,1,"Geno_at_37"
"Metap1","ENSMUSG00000005813.12",-0.000498981051,6.9883228,-0.0144724807,0.988550318,1,"Geno_at_37"
"1810034E14Rik","ENSMUSG00000097101.3",0.000492547942,2.03161173,0.00545989415,0.995680355,1,"Geno_at_37"
"Hmgb1","ENSMUSG00000066551.12",0.000488127791,7.90408831,0.0147825673,0.988305016,1,"Geno_at_37"
"Clpp","ENSMUSG00000002660.8",-0.000487795001,4.82500797,-0.011118455,0.991203674,1,"Geno_at_37"
"Glud-ps","ENSMUSG00000108799.1",0.000486672966,3.73436787,0.00740545047,0.994141135,1,"Geno_at_37"
"Napsa","ENSMUSG00000002204.9",-0.000483851048,-0.495501195,-0.00415247328,0.996714725,1,"Geno_at_37"
"Rai1","ENSMUSG00000062115.15",0.000481389125,7.7661275,0.0123689118,0.990214429,1,"Geno_at_37"
"Uqcc2","ENSMUSG00000024208.16",0.000481198545,5.09147987,0.0120065064,0.990501129,1,"Geno_at_37"
"Kctd12b","ENSMUSG00000041633.14",0.000479684215,0.443239674,0.00408001917,0.996772048,1,"Geno_at_37"
"Gm48405","ENSMUSG00000113385.1",0.000478436226,0.252304834,0.00323635347,0.997439521,1,"Geno_at_37"
"Abhd14b","ENSMUSG00000042073.15",0.000477945106,1.79961104,0.00504833162,0.996005963,1,"Geno_at_37"
"Gimap3","ENSMUSG00000039264.9",-0.000469048063,7.95234996,-0.0105346753,0.991673793,1,"Geno_at_37"
"Yrdc","ENSMUSG00000028889.17",-0.000465075124,5.51516762,-0.00715088145,0.994354529,1,"Geno_at_37"
"Phgdh","ENSMUSG00000053398.11",-0.000464410842,7.91723116,-0.0127458348,0.989916246,1,"Geno_at_37"
"Trmt10a","ENSMUSG00000004127.12",0.000457246331,4.68305857,0.00978099124,0.992261767,1,"Geno_at_37"
"Gm43773","ENSMUSG00000106061.1",0.00045309717,-0.329458581,0.00375507957,0.997029126,1,"Geno_at_37"
"Kat5","ENSMUSG00000024926.10",-0.000448861896,5.47922675,-0.012155172,0.990383519,1,"Geno_at_37"
"Gm42463","ENSMUSG00000106032.1",-0.000444876402,1.61071293,-0.00429621467,0.996601004,1,"Geno_at_37"
"Yif1b","ENSMUSG00000030588.12",0.000437064889,5.23951887,0.00891780218,0.992944659,1,"Geno_at_37"
"Pum2","ENSMUSG00000020594.14",0.00043020524,8.71922596,0.0166001432,0.9868672,1,"Geno_at_37"
"4930562F07Rik","ENSMUSG00000026729.9",-0.000426034853,1.24599769,-0.00331399253,0.997378096,1,"Geno_at_37"
"Actr5","ENSMUSG00000037761.16",0.000425451296,4.49257744,0.00897282256,0.992901131,1,"Geno_at_37"
"Exoc4","ENSMUSG00000029763.17",0.000424446602,6.49041884,0.013615419,0.989228325,1,"Geno_at_37"
"Tamm41","ENSMUSG00000030316.13",0.000416166408,4.13238635,0.00722281211,0.994285628,1,"Geno_at_37"
"Rev1","ENSMUSG00000026082.11",0.000414428541,5.30553194,0.010435459,0.991744003,1,"Geno_at_37"
"Prkch","ENSMUSG00000021108.18",0.000407465238,8.3288012,0.0141789422,0.98878253,1,"Geno_at_37"
"Hao1","ENSMUSG00000027261.2",-0.000401401555,-0.950653474,-0.00534145764,0.995774056,1,"Geno_at_37"
"Plekhh1","ENSMUSG00000060716.7",-0.00039554179,3.67202887,-0.00546856111,0.995673498,1,"Geno_at_37"
"Aldh16a1","ENSMUSG00000007833.15",-0.000393217402,5.33543839,-0.00994403,0.992132783,1,"Geno_at_37"
"Dync1li2","ENSMUSG00000035770.8",-0.000392591773,6.1434115,-0.0127700313,0.989897104,1,"Geno_at_37"
"Chd6","ENSMUSG00000057133.14",-0.000385442136,6.50746378,-0.00956510534,0.992432559,1,"Geno_at_37"
"Zeb2os","ENSMUSG00000052248.16",-0.000384180539,-0.918150042,-0.00497389167,0.996064856,1,"Geno_at_37"
"Upf3a","ENSMUSG00000038398.8",-0.000381016604,5.46128985,-0.00742990991,0.994121784,1,"Geno_at_37"
"Srrt","ENSMUSG00000037364.12",0.000380941088,8.30777316,0.00807365145,0.99362505,1,"Geno_at_37"
"Cdc42","ENSMUSG00000006699.17",0.000380223277,9.10561601,0.0136086247,0.9892337,1,"Geno_at_37"
"Alg6","ENSMUSG00000073792.11",-0.000374320955,3.86910399,-0.00630754893,0.995009733,1,"Geno_at_37"
"Bcdin3d","ENSMUSG00000037525.5",-0.000372679286,3.71086532,-0.00561356179,0.99555878,1,"Geno_at_37"
"Rpp38","ENSMUSG00000049950.6",-0.000368070288,2.91507039,-0.00433482487,0.996570457,1,"Geno_at_37"
"Gm6789","ENSMUSG00000117875.1",0.000363689701,7.09122628,0.0094147938,0.992551475,1,"Geno_at_37"
"Gm49258","ENSMUSG00000115541.1",0.000359328528,-0.640247909,0.00370626153,0.997067749,1,"Geno_at_37"
"Gm26771","ENSMUSG00000097250.1",-0.00035760276,3.04496462,-0.00436463663,0.996546871,1,"Geno_at_37"
"Gm5425","ENSMUSG00000111875.1",-0.000357090088,2.6993736,-0.00497066563,0.996067409,1,"Geno_at_37"
"Ube2z","ENSMUSG00000014349.7",-0.00035570587,7.21531163,-0.011130072,0.991194484,1,"Geno_at_37"
"Stac3","ENSMUSG00000040287.9",0.000354213902,0.654214125,0.00332692557,0.997367864,1,"Geno_at_37"
"Gm36642","ENSMUSG00000115204.1",0.000353546868,-0.749427683,0.00407409307,0.996776736,1,"Geno_at_37"
"Gipc1","ENSMUSG00000019433.9",0.00035213079,5.8524639,0.00978109029,0.992261688,1,"Geno_at_37"
"Dsn1","ENSMUSG00000027635.15",0.000350992427,5.68860619,0.00921297292,0.992711141,1,"Geno_at_37"
"Rbms1","ENSMUSG00000026970.16",-0.000348779025,6.46814532,-0.0107166111,0.991521579,1,"Geno_at_37"
"Dleu2","ENSMUSG00000097589.9",-0.000343048052,5.35793823,-0.006802709,0.994617989,1,"Geno_at_37"
"Ift81","ENSMUSG00000029469.14",0.000341660844,2.34465942,0.00354173314,0.997197917,1,"Geno_at_37"
"Zeb1","ENSMUSG00000024238.15",-0.000340211779,5.70852599,-0.00934960572,0.992603047,1,"Geno_at_37"
"Lsm2","ENSMUSG00000007050.17",0.00033938892,5.58255073,0.00914784059,0.992762669,1,"Geno_at_37"
"Apobec3","ENSMUSG00000009585.18",0.000328026901,7.89845078,0.00956569289,0.992432095,1,"Geno_at_37"
"Gm42549","ENSMUSG00000107320.1",-0.000323719443,2.34614321,-0.00372462292,0.997053222,1,"Geno_at_37"
"Cnot9","ENSMUSG00000026174.9",0.000308427081,7.05712435,0.0110182674,0.991282934,1,"Geno_at_37"
"Lgalsl","ENSMUSG00000042363.14",-0.000306889887,5.65509384,-0.00554138174,0.995618751,1,"Geno_at_37"
"Amdhd2","ENSMUSG00000036820.12",0.000302178494,4.0024034,0.00551338412,0.995638036,1,"Geno_at_37"
"Ehd1","ENSMUSG00000024772.9",-0.000300626902,6.27184059,-0.0055408549,0.995622485,1,"Geno_at_37"
"Zfp709","ENSMUSG00000056019.12",-0.00030001694,3.86818699,-0.00412979099,0.996732671,1,"Geno_at_37"
"Fam149b","ENSMUSG00000039599.16",-0.000298122707,5.01603944,-0.00637153711,0.994959109,1,"Geno_at_37"
"Gm9134","ENSMUSG00000104218.1",0.0002968646,4.07912643,0.00506612168,0.995991888,1,"Geno_at_37"
"Pacsin2","ENSMUSG00000016664.16",0.000296441891,6.73453803,0.00885521065,0.992994177,1,"Geno_at_37"
"5730420D15Rik","ENSMUSG00000097766.1",-0.000293683537,2.17608914,-0.00336746108,0.997335794,1,"Geno_at_37"
"Cox7c","ENSMUSG00000017778.14",0.000280719705,4.37419428,0.00525523023,0.995842275,1,"Geno_at_37"
"5430420F09Rik","ENSMUSG00000102808.1",0.000266171327,-0.593974723,0.00217251368,0.998281188,1,"Geno_at_37"
"Dusp3","ENSMUSG00000003518.13",-0.000265293834,1.99573507,-0.00310432292,0.997543978,1,"Geno_at_37"
"Themis2","ENSMUSG00000037731.5",-0.000262916532,-0.625112309,-0.00256588576,0.997969968,1,"Geno_at_37"
"1190007I07Rik","ENSMUSG00000063320.11",-0.000262067416,3.39759674,-0.00431428071,0.996586711,1,"Geno_at_37"
"Maged2","ENSMUSG00000025268.15",0.000259846681,5.87420397,0.00592582725,0.995311732,1,"Geno_at_37"
"Grp","ENSMUSG00000024517.17",0.000257901954,-0.348392311,0.00275710804,0.99781868,1,"Geno_at_37"
"Dstyk","ENSMUSG00000042046.15",0.00025756243,5.03276545,0.00570705137,0.995484816,1,"Geno_at_37"
"Gm30934","ENSMUSG00000111082.1",-0.000256131354,0.686310443,-0.00204868168,0.998379159,1,"Geno_at_37"
"Leprot","ENSMUSG00000035212.14",-0.000256117254,5.5313857,-0.00647645984,0.9948761,1,"Geno_at_37"
"6330415G19Rik","ENSMUSG00000117322.1",-0.000252072022,-0.00126437059,-0.001840118,0.998544167,1,"Geno_at_37"
"Atg2a","ENSMUSG00000024773.15",0.000247216604,6.18284537,0.00524211232,0.99585275,1,"Geno_at_37"
"Limd1","ENSMUSG00000025239.3",-0.000246326102,6.81516516,-0.00727267087,0.994246182,1,"Geno_at_37"
"Cxcl13","ENSMUSG00000023078.6",0.00024521081,-0.98725097,0.00367626519,0.997091481,1,"Geno_at_37"
"Oga","ENSMUSG00000025220.8",-0.000243368007,8.91546632,-0.00780884971,0.99382199,1,"Geno_at_37"
"Gm37637","ENSMUSG00000102861.1",-0.000240602295,2.05693926,-0.00214574504,0.998302367,1,"Geno_at_37"
"Usp42","ENSMUSG00000051306.7",0.000232682334,5.60998183,0.00673471379,0.994671784,1,"Geno_at_37"
"Gm44623","ENSMUSG00000108883.1",-0.000228872712,0.161445153,-0.00152347489,0.998794683,1,"Geno_at_37"
"Ckap4","ENSMUSG00000046841.5",-0.000228776865,2.96331055,-0.00287347816,0.997726613,1,"Geno_at_37"
"Gm8494","ENSMUSG00000094090.2",0.000227294492,4.83328514,0.00427499862,0.996617789,1,"Geno_at_37"
"Lamp1","ENSMUSG00000031447.7",-0.000224780981,7.30334674,-0.00753048475,0.994042215,1,"Geno_at_37"
"Gm37669","ENSMUSG00000103543.1",0.000224008642,-0.461299646,0.00197955304,0.998433851,1,"Geno_at_37"
"2900052L18Rik","ENSMUSG00000043993.6",0.000223077015,-0.351403122,0.00183347906,0.99854942,1,"Geno_at_37"
"Platr29","ENSMUSG00000084816.1",0.000222487383,0.250324517,0.00177380336,0.998596633,1,"Geno_at_37"
"D830035M03Rik","ENSMUSG00000111828.1",-0.000217270397,-0.154693805,-0.00141445956,0.99888132,1,"Geno_at_37"
"Gfod2","ENSMUSG00000013150.15",-0.000217076557,2.74439602,-0.0030740391,0.997567937,1,"Geno_at_37"
"LTO1","ENSMUSG00000031072.14",0.00021199667,4.37560379,0.00414995456,0.996716718,1,"Geno_at_37"
"Nthl1","ENSMUSG00000041429.3",0.000211902652,1.72378752,0.00198400045,0.998430333,1,"Geno_at_37"
"Irf3","ENSMUSG00000003184.15",-0.000207397957,6.1271037,-0.00436250467,0.996548643,1,"Geno_at_37"
"Cog6","ENSMUSG00000027742.13",0.000206132982,5.21428017,0.00523433504,0.995858806,1,"Geno_at_37"
"Gm43966","ENSMUSG00000108170.1",-0.000202800175,-0.712714326,-0.00184699505,0.998538726,1,"Geno_at_37"
"Gm45660","ENSMUSG00000109658.1",-0.000198141166,-0.617742797,-0.00194907013,0.998457968,1,"Geno_at_37"
"Kat7","ENSMUSG00000038909.16",0.000179492823,7.21620975,0.00563747821,0.995539859,1,"Geno_at_37"
"Glrx3","ENSMUSG00000031068.8",-0.000177352961,5.89766825,-0.00452370595,0.996421023,1,"Geno_at_37"
"Zfp202","ENSMUSG00000025602.13",-0.000174021021,2.59354496,-0.00206609757,0.998365381,1,"Geno_at_37"
"Stx3","ENSMUSG00000041488.16",0.000172004912,2.35502829,0.00223218182,0.998233981,1,"Geno_at_37"
"Wdtc1","ENSMUSG00000037622.14",0.000164629163,5.6256634,0.00468149548,0.996296187,1,"Geno_at_37"
"Gga1","ENSMUSG00000033128.9",0.00016163756,6.21081265,0.00457941629,0.996376947,1,"Geno_at_37"
"Knl1","ENSMUSG00000027326.13",-0.000152338402,6.75113279,-0.00388548793,0.996925953,1,"Geno_at_37"
"Cstf2t","ENSMUSG00000053536.7",0.000143082295,6.15142684,0.0041094833,0.996748737,1,"Geno_at_37"
"Gm6728","ENSMUSG00000091408.3",-0.000135852407,0.199117802,-0.00122001198,0.999034772,1,"Geno_at_37"
"Eif2a","ENSMUSG00000027810.14",0.000135165342,7.17007846,0.00465288828,0.996318819,1,"Geno_at_37"
"Rad18","ENSMUSG00000030254.16",-0.000128912115,6.34878307,-0.00234572181,0.998147244,1,"Geno_at_37"
"Gm44597","ENSMUSG00000108037.2",-0.000127501993,0.662355355,-0.00101555394,0.999196531,1,"Geno_at_37"
"Colca2","ENSMUSG00000079559.5",0.000127277192,-0.667328511,0.00128982717,0.998979536,1,"Geno_at_37"
"Pmepa1","ENSMUSG00000038400.15",0.000127179335,7.56340958,0.00168571507,0.998674092,1,"Geno_at_37"
"Ehd4","ENSMUSG00000027293.13",-0.00012345992,5.39795645,-0.00251995772,0.998006304,1,"Geno_at_37"
"Ndufc1","ENSMUSG00000037152.11",-0.000109976925,4.365728,-0.00213428449,0.998311434,1,"Geno_at_37"
"Ndufaf7","ENSMUSG00000024082.5",0.00010935062,4.35527454,0.00235827209,0.998134224,1,"Geno_at_37"
"Med1","ENSMUSG00000018160.15",-9.83845636e-05,7.32118749,-0.00376318891,0.99702271,1,"Geno_at_37"
"Smap2","ENSMUSG00000032870.8",-9.49692391e-05,6.8648483,-0.00281744537,0.997770944,1,"Geno_at_37"
"Islr","ENSMUSG00000037206.15",-9.24810643e-05,-0.942503413,-0.00132371262,0.998952728,1,"Geno_at_37"
"Ric8b","ENSMUSG00000035620.15",8.66928383e-05,4.31693278,0.00179488652,0.998579953,1,"Geno_at_37"
"Ebag9","ENSMUSG00000022339.9",-8.16668066e-05,4.53875339,-0.00149356082,0.99881835,1,"Geno_at_37"
"Pigz","ENSMUSG00000045625.5",-7.79188155e-05,2.62348299,-0.000722196234,0.999428708,1,"Geno_at_37"
"Atp6v1d","ENSMUSG00000021114.9",-7.77447983e-05,6.64988189,-0.00222898591,0.99823651,1,"Geno_at_37"
"Gm11672","ENSMUSG00000085229.1",6.55600248e-05,-0.036798701,0.000393729433,0.999688759,1,"Geno_at_37"
"Naalad2","ENSMUSG00000043943.14",-6.195211e-05,-0.313427101,-0.000563282213,0.999554352,1,"Geno_at_37"
"Tut1","ENSMUSG00000071645.6",-6.06119452e-05,5.82206885,-0.0015391889,0.998782251,1,"Geno_at_37"
"Trgj3","ENSMUSG00000104630.1",5.68368906e-05,-0.211202948,0.000450943592,0.99964323,1,"Geno_at_37"
"Fbxw8","ENSMUSG00000032867.8",-5.60919399e-05,6.01544139,-0.00141614485,0.998879599,1,"Geno_at_37"
"Srsf5","ENSMUSG00000021134.17",4.79209471e-05,8.6401954,0.00163100076,0.998709613,1,"Geno_at_37"
"Gm48796","ENSMUSG00000111390.1",3.92456438e-05,1.66309309,0.000367818888,0.999708995,1,"Geno_at_37"
"Cbll1","ENSMUSG00000020659.16",-3.58812501e-05,5.09281127,-0.000796988605,0.999369452,1,"Geno_at_37"
"Bag6","ENSMUSG00000024392.17",-3.43060664e-05,7.91887228,-0.00107789432,0.99914721,1,"Geno_at_37"
"Cavin1","ENSMUSG00000004044.9",-3.31957339e-05,0.551822392,-0.000262529678,0.999792296,1,"Geno_at_37"
"Ddx6","ENSMUSG00000032097.10",3.02549732e-05,8.88545217,0.00113293795,0.999103661,1,"Geno_at_37"
"Rps6kb1","ENSMUSG00000020516.15",2.98804363e-05,6.69581796,0.000962661297,0.999238378,1,"Geno_at_37"
"Gm23170","ENSMUSG00000087783.1",-2.8760847e-05,-0.82082329,-0.000344745545,0.99972725,1,"Geno_at_37"
"Ddx28","ENSMUSG00000045538.6",2.41061202e-05,4.35670147,0.000475752566,0.999623602,1,"Geno_at_37"
"Fabp5","ENSMUSG00000027533.10",1.60490816e-05,6.87959712,0.000250233127,0.999802829,1,"Geno_at_37"
"Ttll1","ENSMUSG00000022442.16",1.02019263e-05,1.97801277,0.000109990806,0.999912979,1,"Geno_at_37"
"Arf4","ENSMUSG00000021877.12",-4.35883475e-06,7.13912696,-8.86807111e-05,0.999929932,1,"Geno_at_37"
"1700086L19Rik","ENSMUSG00000071265.10",4.4408921e-16,-0.997003951,6.78218916e-15,1,1,"Geno_at_37"
"9230117E06Rik","ENSMUSG00000089874.1",4.4408921e-16,-1,6.81897964e-15,1,1,"Geno_at_37"
"A830019L24Rik","ENSMUSG00000105923.4",4.4408921e-16,-1,6.81897964e-15,1,1,"Geno_at_37"
"Aicda","ENSMUSG00000040627.14",4.4408921e-16,-0.98749,6.53749605e-15,1,1,"Geno_at_37"
"Barx1","ENSMUSG00000021381.4",4.4408921e-16,-1,6.81897964e-15,1,1,"Geno_at_37"
"Barx2","ENSMUSG00000032033.11",4.4408921e-16,-0.996331481,6.76560497e-15,1,1,"Geno_at_37"
"Bcl2l10","ENSMUSG00000032191.6",4.4408921e-16,-0.979661764,6.48485795e-15,1,1,"Geno_at_37"
"Cacna2d1","ENSMUSG00000040118.15",4.4408921e-16,-0.9971468,6.78532806e-15,1,1,"Geno_at_37"
"Cfap58","ENSMUSG00000046585.9",4.4408921e-16,-0.992861885,6.63532515e-15,1,1,"Geno_at_37"
"Cobl","ENSMUSG00000020173.17",4.4408921e-16,-0.990568193,6.51273211e-15,1,1,"Geno_at_37"
"Dcdc2a","ENSMUSG00000035910.15",4.4408921e-16,-1,6.81897964e-15,1,1,"Geno_at_37"
"Dcn","ENSMUSG00000019929.16",4.4408921e-16,-1,6.81897964e-15,1,1,"Geno_at_37"
"Diras2","ENSMUSG00000047842.7",4.4408921e-16,-0.993896298,6.75923226e-15,1,1,"Geno_at_37"
"Drd5","ENSMUSG00000039358.3",4.4408921e-16,-1,6.81897964e-15,1,1,"Geno_at_37"
"Fabp12","ENSMUSG00000027530.15",4.4408921e-16,-0.970519727,6.33643732e-15,1,1,"Geno_at_37"
"Ffar3","ENSMUSG00000019429.7",4.4408921e-16,-0.983595539,6.51997695e-15,1,1,"Geno_at_37"
"Gm12606","ENSMUSG00000087659.7",4.4408921e-16,-0.993863916,6.74245355e-15,1,1,"Geno_at_37"
"Gm14936","ENSMUSG00000084963.1",4.4408921e-16,-0.997003951,6.78218916e-15,1,1,"Geno_at_37"
"Gm16548","ENSMUSG00000086593.2",4.4408921e-16,-0.994102052,6.76268937e-15,1,1,"Geno_at_37"
"Gm22211","ENSMUSG00000088722.1",4.4408921e-16,-1,6.81897964e-15,1,1,"Geno_at_37"
"Gm2464","ENSMUSG00000102215.1",4.4408921e-16,-0.996331481,6.76560497e-15,1,1,"Geno_at_37"
"Gm29483","ENSMUSG00000100546.1",4.4408921e-16,-1,6.81897964e-15,1,1,"Geno_at_37"
"Gm29721","ENSMUSG00000116868.1",4.4408921e-16,-0.980412529,6.51048293e-15,1,1,"Geno_at_37"
"Gm30717","ENSMUSG00000108814.1",4.4408921e-16,-1,6.81897964e-15,1,1,"Geno_at_37"
"Gm37412","ENSMUSG00000103492.1",4.4408921e-16,-1,6.81897964e-15,1,1,"Geno_at_37"
"Gm38404","ENSMUSG00000107153.1",4.4408921e-16,-0.992484695,6.61698847e-15,1,1,"Geno_at_37"
"Gm4178","ENSMUSG00000112363.1",4.4408921e-16,-1,6.81897964e-15,1,1,"Geno_at_37"
"Gm43822","ENSMUSG00000104998.1",4.4408921e-16,-0.986820838,6.68254498e-15,1,1,"Geno_at_37"
"Gm43843","ENSMUSG00000106944.1",4.4408921e-16,-1,6.81897964e-15,1,1,"Geno_at_37"
"Gm50140","ENSMUSG00000117973.1",4.4408921e-16,-1,6.81897964e-15,1,1,"Geno_at_37"
"Gm7049","ENSMUSG00000113637.1",4.4408921e-16,-0.99314847,6.72460151e-15,1,1,"Geno_at_37"
"Gm7405","ENSMUSG00000081831.1",4.4408921e-16,-1,6.81897964e-15,1,1,"Geno_at_37"
"Gm9947","ENSMUSG00000054493.2",4.4408921e-16,-0.949508133,5.63402329e-15,1,1,"Geno_at_37"
"Gzme","ENSMUSG00000022156.8",4.4408921e-16,-0.994402174,6.70203072e-15,1,1,"Geno_at_37"
"Ido1","ENSMUSG00000031551.12",4.4408921e-16,-1,6.81897964e-15,1,1,"Geno_at_37"
"Ido2","ENSMUSG00000031549.16",4.4408921e-16,-1,6.81897964e-15,1,1,"Geno_at_37"
"Ifnb1","ENSMUSG00000048806.4",4.4408921e-16,-0.993087826,6.64594289e-15,1,1,"Geno_at_37"
"Ighg2c","ENSMUSG00000076612.8",4.4408921e-16,-1,6.81897964e-15,1,1,"Geno_at_37"
"Igkv10-96","ENSMUSG00000094420.2",4.4408921e-16,-0.996331481,6.76560497e-15,1,1,"Geno_at_37"
"Inhbb","ENSMUSG00000037035.5",4.4408921e-16,-0.973326902,6.40970813e-15,1,1,"Geno_at_37"
"Iqcf4","ENSMUSG00000041009.8",4.4408921e-16,-0.976720071,6.38008998e-15,1,1,"Geno_at_37"
"Irx3os","ENSMUSG00000046413.14",4.4408921e-16,-1,6.81897964e-15,1,1,"Geno_at_37"
"Kcna4","ENSMUSG00000042604.5",4.4408921e-16,-0.996331481,6.76560497e-15,1,1,"Geno_at_37"
"Kcnv1","ENSMUSG00000022342.6",4.4408921e-16,-0.99614452,6.76047033e-15,1,1,"Geno_at_37"
"Lum","ENSMUSG00000036446.5",4.4408921e-16,-0.993048306,6.72309114e-15,1,1,"Geno_at_37"
"Mb21d2","ENSMUSG00000051065.9",4.4408921e-16,-0.996955252,6.78108813e-15,1,1,"Geno_at_37"
"Mmp7","ENSMUSG00000018623.9",4.4408921e-16,-0.993099772,6.72352809e-15,1,1,"Geno_at_37"
"Mzb1","ENSMUSG00000024353.5",4.4408921e-16,-0.954747631,6.12471629e-15,1,1,"Geno_at_37"
"Neto1","ENSMUSG00000050321.3",4.4408921e-16,-0.99614452,6.76047033e-15,1,1,"Geno_at_37"
"Nts","ENSMUSG00000019890.4",4.4408921e-16,-0.987687291,6.50617751e-15,1,1,"Geno_at_37"
"Olfr524","ENSMUSG00000050366.6",4.4408921e-16,-0.993577156,6.66797373e-15,1,1,"Geno_at_37"
"Otogl","ENSMUSG00000091455.4",4.4408921e-16,-0.987370658,6.49857018e-15,1,1,"Geno_at_37"
"Pax4","ENSMUSG00000029706.15",4.4408921e-16,-0.986899674,6.51814209e-15,1,1,"Geno_at_37"
"Pdyn","ENSMUSG00000027400.11",4.4408921e-16,-0.993048597,6.74328678e-15,1,1,"Geno_at_37"
"Prss35","ENSMUSG00000033491.13",4.4408921e-16,-1,6.81897964e-15,1,1,"Geno_at_37"
"Rspo3","ENSMUSG00000019880.10",4.4408921e-16,-1,6.81897964e-15,1,1,"Geno_at_37"
"Slc39a12","ENSMUSG00000036949.16",4.4408921e-16,-1,6.81897964e-15,1,1,"Geno_at_37"
"Snap25","ENSMUSG00000027273.13",4.4408921e-16,-1,6.81897964e-15,1,1,"Geno_at_37"
"Spta1","ENSMUSG00000026532.7",4.4408921e-16,-0.986759903,6.58675963e-15,1,1,"Geno_at_37"
"Zbtb7c","ENSMUSG00000044646.15",4.4408921e-16,-0.996941046,6.78076396e-15,1,1,"Geno_at_37"
